2.608723 1.297447 2.309572 0.101765 0.711256 0.989662 0.514294 0.730200 0.160794 0.101297 0.293085 0.005110 
2.529778 1.165592 2.989325 0.754251 1.583224 0.694736 0.316226 1.085547 0.549312 0.586285 0.415286 -0.008011 
2.824102 0.533532 2.212322 0.103692 1.213649 0.614956 0.349095 0.788206 0.606604 -0.142265 0.040055 0.046708 
2.995459 1.330968 2.113339 0.128104 0.139098 0.175176 -0.085295 -0.006853 0.565583 -0.099961 0.086096 0.093485 
2.775850 1.342153 2.544258 0.407856 1.276381 0.777309 0.104641 0.627146 0.270070 0.398589 -0.108120 0.018606 
2.905647 1.237048 2.508018 0.832818 1.107670 0.947066 1.315797 1.047104 0.625207 0.391622 0.136073 0.023292 
2.563078 1.266240 2.615178 0.633902 1.262911 0.544204 0.759028 0.786045 0.221340 0.478705 0.236715 0.005420 
2.365264 0.559982 2.320202 0.016563 0.940296 0.354599 -0.182449 -0.014343 -0.416008 0.189150 0.093921 0.003189 
2.507946 0.894835 2.702780 0.998089 1.348893 0.454612 0.725183 1.104012 0.984587 0.334016 -0.026906 0.032585 
2.789206 1.349992 1.723236 0.195194 1.460542 0.449675 0.485998 0.327976 -0.013798 0.355291 0.293776 0.029330 
2.351876 0.864066 1.978879 0.307702 0.776695 -0.017326 0.394213 0.286325 0.389853 0.634020 -0.015842 0.007105 
2.631060 0.979661 2.439935 0.646130 1.022932 0.105029 -0.231262 0.415259 0.040772 0.505604 0.053224 0.011365 
2.520839 0.964651 1.984604 0.025826 0.847983 0.456592 -0.336943 0.212190 0.815313 -0.049729 -0.004491 0.060439 
2.332964 0.477820 1.918773 0.314587 0.790414 0.739634 0.826981 0.304978 -0.055490 -0.146173 0.100856 0.082554 
2.404648 0.920543 2.457539 0.883744 1.275555 0.755681 0.630291 1.155839 0.619626 0.183676 -0.056316 0.025141 
2.822766 0.774254 1.789751 0.052085 1.117928 0.567035 0.949145 0.624854 0.054707 0.383246 0.087264 0.002149 
4.067418 -0.559088 1.579086 1.495800 1.075174 1.183148 1.783845 0.980894 -0.095468 0.505248 0.451086 0.005023 
1.253874 1.301913 1.302749 0.479337 1.423527 0.863832 0.697487 0.971811 0.414759 0.327237 0.252300 -0.113273 
0.736958 0.925739 1.827568 1.525170 1.071413 1.530988 0.825911 0.566007 0.419833 0.328300 -0.007853 -0.064795 
0.757148 0.434807 1.876725 1.452713 0.937068 1.758922 1.334846 1.182475 0.253532 0.266346 0.096702 -0.083146 
0.264136 0.536262 2.378861 1.014231 0.505341 0.783452 1.096376 0.187923 0.552410 0.633769 0.100751 -0.083252 
0.621270 0.598103 2.414308 0.613165 0.762065 1.945529 1.103469 0.502260 0.713069 0.452965 0.095725 -0.141937 
0.527205 0.853439 2.121035 1.634232 0.373313 1.112459 1.685378 0.256049 0.353139 0.441224 0.019233 -0.088475 
0.990553 1.048628 1.289041 1.315061 0.485732 1.318355 0.905803 1.053603 0.657917 0.208809 -0.063131 -0.060590 
0.656503 0.481561 1.165190 1.320656 1.816353 1.643103 0.595752 1.214141 0.721377 0.212439 -0.131823 -0.119374 
0.713570 0.797897 0.379086 1.449713 1.908043 1.983182 0.943543 1.141705 0.358813 0.304415 -0.201665 -0.056736 
0.992232 1.207398 0.583779 1.114338 1.688298 1.751916 1.047370 0.676861 0.898817 0.173337 -0.171232 -0.016654 
0.837227 0.696371 1.045497 1.260210 1.609053 1.330583 1.755880 0.741159 0.585808 -0.164720 -0.058909 0.010477 
0.633949 1.420865 0.656704 1.749582 1.413817 0.746718 1.535999 1.349260 0.302956 0.330191 -0.029195 -0.090293 
0.790563 1.824818 0.387200 1.335169 2.151290 2.314098 0.370558 1.435870 -0.188703 0.092908 -0.023229 -0.004550 
1.149358 0.534651 1.290469 1.375023 1.361598 2.243815 0.525849 1.087952 0.583488 0.237524 -0.053884 -0.066434 
0.859431 1.519510 1.136458 1.287955 0.867525 1.206618 0.771491 0.470581 0.844731 0.030298 0.037912 -0.067174 
1.054968 1.188456 1.447624 1.880944 0.552821 1.451976 -0.127563 1.192050 0.600698 0.138664 0.082805 -0.088064 
1.065729 1.286995 0.425369 1.849583 1.175740 2.332696 0.974231 0.514360 0.031927 0.300551 -0.136485 -0.031715 
1.347339 1.082751 1.518002 1.041362 1.402245 0.167810 1.007794 0.524133 -0.084580 -0.461170 0.098557 -0.038268 
1.247601 0.891193 1.500077 1.225003 0.938765 1.879233 1.329616 0.424269 0.069481 0.072129 -0.014095 -0.023922 
4.527918 -0.926398 1.562547 0.971960 1.073024 1.396649 1.075272 0.462571 0.146776 0.268062 0.217830 0.026314 
3.761929 1.610549 1.897155 0.323163 1.306424 0.380356 0.565128 0.545674 -0.024973 0.785878 -0.178664 -0.079568 
3.862329 1.094642 0.488100 1.913276 1.627204 -0.940967 1.580064 0.117791 0.604190 0.086878 -0.060083 0.014946 
6.593249 3.890456 3.004436 1.221514 -0.684966 0.476167 1.189302 0.959705 0.446408 0.896016 0.390583 0.057907 
3.567301 1.951265 2.628900 2.137080 2.459433 0.913035 0.830214 0.677164 0.318935 0.204478 0.251785 0.037788 
3.610731 2.362069 4.462586 3.892774 3.003564 1.783425 0.621453 1.528628 0.712864 -0.051226 0.203745 0.057208 
3.104074 2.007965 3.036498 2.152498 2.448871 1.626968 1.236272 1.416738 0.662221 -0.094636 0.167984 0.057352 
3.045757 1.713891 2.168881 1.324993 1.640448 2.164773 2.425556 1.537309 0.132164 -0.064192 0.269850 0.063825 
2.756072 1.296338 1.928533 1.307245 1.735016 1.677841 0.854838 1.042713 0.382982 0.287479 0.028823 0.021362 
2.741184 1.283497 2.647715 0.710614 1.967456 1.581288 0.733585 1.196473 0.546018 0.537525 0.014795 0.010754 
2.858541 0.813117 2.902307 0.768215 1.089219 0.889290 0.715738 0.738985 0.628317 0.487200 0.370492 0.027747 
2.793178 0.947787 1.995915 -0.072800 1.305639 0.785243 0.410247 1.174126 0.218926 0.438048 -0.014077 -0.051831 
-1.#IND00 -1.#IND00 -1.#IND00 -1.#IND00 -1.#IND00 -1.#IND00 -1.#IND00 -1.#IND00 -1.#IND00 -1.#IND00 -1.#IND00 -1.#IND00 
-1.#IND00 -1.#IND00 -1.#IND00 -1.#IND00 -1.#IND00 -1.#IND00 -1.#IND00 -1.#IND00 -1.#IND00 -1.#IND00 -1.#IND00 -1.#IND00 
