2.761585 0.622199 1.211622 0.104446 0.500671 0.523790 0.995926 0.995418 0.292482 0.119480 0.103606 0.032293 
2.995861 0.559706 1.406246 -0.599043 0.849814 0.819040 1.196859 1.342796 -0.108523 -0.163093 0.161236 0.030084 
3.238766 0.866795 1.612706 -0.039691 0.758254 0.924771 0.623431 1.307491 0.340329 0.412391 0.195001 -0.018638 
3.022985 0.417739 1.311078 -0.385435 1.095609 0.971943 0.668577 0.854456 0.294624 0.532453 0.033327 -0.024851 
3.245195 0.561663 1.177741 -0.540681 1.119765 0.936140 0.609862 0.626726 0.452314 -0.088252 0.186805 0.071687 
3.064161 0.055121 1.235255 -1.202809 1.008479 1.651911 0.989449 0.908315 0.113759 0.176257 0.136540 0.003875 
3.311228 0.534602 1.041569 -0.516159 1.986076 1.231290 1.386894 1.025178 0.130034 0.177093 0.082020 0.012450 
3.269585 1.117468 0.815712 -0.139459 1.312594 0.563825 0.446257 1.239356 0.284613 0.044547 0.115799 0.014306 
3.268042 0.696197 1.040431 -0.107808 1.572534 0.930411 0.344635 0.632898 0.485976 0.446415 -0.076297 -0.021392 
3.248110 0.687086 1.624575 -0.234935 2.061571 1.089150 1.589812 1.182517 0.537759 0.234726 0.167970 0.045260 
3.084909 1.141923 1.293232 -0.220968 1.744345 1.041177 0.885779 1.038021 0.655594 0.292483 0.354468 0.031199 
3.004832 0.843565 1.382000 -0.055980 1.584340 1.187288 0.736221 1.190772 0.217316 0.534278 -0.023752 -0.027198 
2.917770 0.144319 0.819453 -0.790262 1.070394 0.349544 0.740072 0.480369 0.520092 0.305428 -0.178669 -0.035519 
3.239171 0.719176 1.523969 -0.068493 0.767741 0.299860 0.475366 1.570906 0.260470 0.280495 0.160393 0.001376 
3.206835 0.491342 1.259615 -0.246288 1.562242 1.353683 1.330177 0.572131 0.255753 0.376128 -0.034055 -0.001150 
2.893296 0.262490 0.815941 -0.084738 1.433364 1.184967 0.727683 1.234416 0.086499 0.101314 -0.020574 -0.073143 
1.185265 -1.285076 2.941856 0.273906 -0.685933 -0.558688 2.496851 0.152359 0.003548 0.246765 0.072081 0.062178 
-0.431114 -1.167129 1.923542 1.835098 -1.153685 -0.150082 2.829468 0.232827 -0.488995 0.106284 0.340956 0.026568 
-0.665607 -1.594878 2.658468 0.074063 -0.952023 0.142233 0.959803 -0.438713 0.187483 0.469262 -0.033960 0.019529 
-0.493209 -2.378788 1.913665 1.388863 0.143721 -0.556639 -0.511540 -0.854536 0.083270 0.335201 0.269436 0.022109 
-0.135767 -0.648325 2.728351 1.846611 0.190337 0.431721 1.987904 -0.008457 0.021846 0.262900 0.016412 0.004285 
0.826625 1.483330 1.816105 1.598304 0.150591 1.360498 1.435102 0.633172 -0.233322 0.514589 -0.036345 -0.014265 
1.138155 1.357285 1.282950 0.509867 1.303987 0.771246 0.986860 1.088402 0.735764 0.339269 -0.100180 -0.063683 
0.543116 1.081839 1.072666 1.145708 2.032358 0.669637 2.050115 1.213013 0.894065 -0.079832 -0.034330 -0.096031 
0.783687 0.850893 1.216422 1.252393 1.663922 1.464470 1.467822 1.417524 0.236239 0.109761 -0.001981 -0.064352 
1.000301 1.154488 1.647457 0.706985 0.840543 2.107191 0.866278 0.926254 0.372970 0.516499 -0.056395 -0.075429 
0.905261 1.150905 0.485364 1.659195 0.978095 2.398702 1.090681 1.116071 0.540342 0.152993 0.091796 -0.097529 
0.753336 0.740566 1.251307 1.368399 1.357780 2.107642 0.856496 1.345077 0.512846 0.397525 0.072233 -0.097067 
0.754283 1.387773 1.777290 1.047700 0.254621 1.028823 1.700341 0.369241 0.794191 0.262836 0.068219 -0.044903 
1.000004 0.783530 1.348523 1.807942 1.894856 1.516699 0.551736 0.408724 0.592693 0.200820 0.095347 -0.103208 
0.957918 0.719682 1.680997 2.042069 0.879307 1.403881 0.670142 0.790667 0.462491 0.020263 0.086090 -0.073829 
0.562790 1.313726 1.808288 2.061611 0.798345 1.248245 0.798936 0.527521 0.206796 -0.043959 0.073029 -0.047931 
1.154019 0.261652 1.560878 1.606610 2.022409 1.651193 1.625545 0.147454 0.483401 0.196176 -0.068964 0.044917 
1.714285 0.256160 1.861138 1.125589 0.810394 0.873691 1.012589 1.309487 0.641686 0.085082 -0.061564 0.019533 
4.373409 2.108890 0.527160 0.508487 0.836159 1.129759 1.143442 0.735686 0.308465 0.135448 0.040388 0.011911 
4.395715 2.052200 0.171991 0.366134 1.274672 1.060419 0.612655 0.574054 0.513839 0.184152 0.142814 0.022691 
4.809102 3.222781 2.303727 2.151608 0.967040 -0.094808 0.817204 1.318833 0.318609 0.077044 0.183853 0.064014 
4.055247 3.616770 3.268469 -0.311714 1.773634 0.056491 0.324548 1.046650 1.053839 0.380220 0.338054 0.062666 
5.254957 3.755084 2.849762 1.488744 1.282052 0.515425 1.696476 0.639596 0.073711 0.261832 0.058965 0.017687 
3.445566 1.780559 1.615655 0.180998 1.389436 1.202858 0.578825 0.361026 0.186616 0.410937 0.203668 0.024956 
3.207892 1.671826 2.775670 1.765996 2.088155 1.350731 1.281493 1.409543 0.889493 0.306098 0.153173 0.061541 
3.261288 1.306604 1.809917 0.313876 1.953430 1.909896 0.903961 1.462770 0.614425 0.326244 0.281730 0.024145 
3.167203 1.416704 1.651739 0.227642 1.204987 0.813602 0.583546 0.417402 0.333332 0.465926 0.427129 0.059269 
3.487664 0.956897 2.256989 -0.496497 1.455032 1.445126 1.277933 0.586158 0.224198 0.450403 0.340998 0.056161 
3.314912 1.469164 1.239395 -0.187369 1.300172 1.438694 0.796073 1.330364 0.810795 0.330086 -0.004327 -0.012514 
3.344379 0.908083 1.430921 -0.762185 0.797283 0.795436 0.413482 0.563725 0.197100 0.346951 0.104405 0.026467 
3.031956 0.718831 0.892460 -0.298350 1.189654 1.042603 0.522937 1.309986 0.230825 -0.175315 0.135913 -0.014723 
3.084878 0.345796 1.010182 -0.425548 1.250886 0.326740 0.623558 0.553728 0.114824 0.255133 0.000270 0.046478 
-1.#IND00 -1.#IND00 -1.#IND00 -1.#IND00 -1.#IND00 -1.#IND00 -1.#IND00 -1.#IND00 -1.#IND00 -1.#IND00 -1.#IND00 -1.#IND00 
-1.#IND00 -1.#IND00 -1.#IND00 -1.#IND00 -1.#IND00 -1.#IND00 -1.#IND00 -1.#IND00 -1.#IND00 -1.#IND00 -1.#IND00 -1.#IND00 
