3.045111 0.819000 1.426852 -0.146108 1.373747 1.508337 1.420365 1.503462 0.262211 0.046130 0.143689 -0.032325 
3.038615 0.995440 1.433777 -0.466534 0.918509 0.984568 1.124205 1.104432 0.320351 0.208155 0.120885 -0.012740 
3.369865 0.562454 1.037950 -0.592401 1.569100 0.765803 0.894020 1.242031 0.793724 -0.175586 -0.058503 0.028684 
3.486713 0.625198 1.153238 -1.142336 0.145689 0.311998 0.386529 0.753435 -0.184962 -0.012970 0.221482 0.035439 
3.378406 0.273343 1.126831 -0.605077 1.318950 0.344647 0.749321 0.593065 0.222832 0.592862 0.030094 -0.024592 
3.166549 0.498078 1.062434 -0.503650 1.286922 1.163837 0.294166 1.082496 0.637287 0.392659 0.327618 -0.015543 
3.058789 0.702845 1.043698 -1.884805 1.425142 0.982183 -0.157640 0.444188 0.110728 0.285062 0.106544 0.020215 
3.216966 0.475529 1.314199 -0.517335 0.332278 0.945208 0.321579 1.164172 0.455300 0.008495 0.034426 -0.020626 
4.217514 0.321826 0.089577 -1.082944 0.271069 0.376726 -0.391030 -0.074847 0.068766 0.264227 0.068764 -0.002122 
4.150801 0.153705 -0.265882 -1.681804 0.358001 0.740613 -0.330729 0.065998 0.275977 0.365201 0.149494 0.000492 
4.795107 1.782196 0.982165 -0.521048 0.318552 0.409074 -0.143642 0.443508 0.069290 0.476554 0.276096 0.031123 
3.883879 0.851523 0.629081 -0.499767 0.838697 0.990167 0.338627 0.370056 0.334193 0.045097 0.055246 0.017981 
3.629470 1.085789 1.118254 -1.086462 0.572635 1.374243 0.800867 0.380820 0.344963 0.323489 0.099133 -0.003690 
1.096872 0.739366 1.256512 1.664682 0.983792 1.258502 0.502715 1.276499 0.871800 0.226538 -0.094611 -0.036545 
1.056445 1.476253 0.958723 1.501753 1.063235 1.488815 1.096180 0.642159 0.644009 0.291942 0.050343 -0.036853 
1.954036 -0.152795 2.301076 0.408256 1.432128 0.983011 1.587243 0.918548 0.742382 0.376265 -0.133444 -0.034263 
1.382476 0.443506 1.813659 1.164456 0.326655 1.945011 1.129696 0.294892 0.717722 0.638482 0.124000 -0.098554 
0.399227 -0.150542 2.748810 1.450788 1.033892 0.374667 1.431939 -0.193155 0.175031 0.298705 -0.002805 -0.007963 
0.488566 0.008198 2.739447 2.213974 -0.064817 1.041125 1.591677 1.102491 0.473515 0.186558 0.099140 -0.065926 
0.175730 -0.218515 2.167085 2.292670 0.756094 1.178931 1.324803 1.058350 0.224475 0.073571 0.205332 -0.047879 
0.934253 0.462666 1.549430 1.452330 1.310391 0.443312 1.749687 0.908349 0.602631 0.285408 -0.000102 -0.044105 
0.886145 0.701637 1.550560 0.891757 1.724323 1.131021 1.538003 0.869032 0.782874 0.221897 -0.166626 -0.064552 
1.101281 0.911911 1.629448 0.979733 1.276011 1.149041 1.983601 0.014859 0.990037 0.236042 -0.007968 -0.048266 
0.943431 1.361340 0.804794 0.718853 1.695250 0.901539 1.729103 1.358110 0.432156 0.274617 0.079426 -0.067223 
0.702862 1.640023 1.118377 0.800795 1.588977 1.751328 0.792527 0.784152 1.026926 0.339117 -0.049009 -0.047364 
0.666581 0.813698 1.257690 1.632968 1.770087 1.492867 0.795798 1.384464 0.465647 0.303140 -0.157799 -0.045181 
0.636442 1.311215 0.408337 0.899580 2.565407 1.191936 1.747140 1.056235 0.596387 0.110417 0.009863 -0.103811 
0.425059 1.220182 1.457058 0.811494 2.392551 1.917820 0.754017 1.081363 0.286585 0.397003 -0.014361 -0.042390 
0.658556 0.926574 2.038264 1.656403 1.872515 1.164539 0.723649 1.219469 0.322794 -0.191980 0.135385 0.009304 
1.028655 1.242385 1.281991 1.439937 0.867087 0.845066 1.180467 0.781396 0.260571 0.461657 -0.092006 -0.078676 
0.973736 1.211425 0.942665 1.709846 1.352545 0.675942 0.891144 0.762150 0.190665 0.035873 -0.078274 -0.059752 
1.143866 0.942119 1.232357 2.065625 0.621845 1.078583 0.779431 0.714279 0.104493 -0.037429 0.248815 -0.084204 
1.133722 0.856721 0.925337 1.062173 1.894239 0.947840 1.876032 0.652348 0.781891 0.337137 0.069670 -0.041951 
2.899061 -0.582064 1.340391 0.604787 2.129825 1.186195 1.408835 0.839363 0.285215 0.301487 0.156896 -0.002075 
4.198838 1.092636 -0.123992 0.776225 1.045307 0.490561 0.374759 0.588124 0.254071 -0.190864 0.220583 0.107438 
4.743846 3.769076 2.618971 1.315666 0.125023 0.040594 0.743589 0.773659 0.378837 0.317073 0.247084 0.058877 
3.036061 2.391383 2.167737 1.829587 1.594475 1.447270 0.766030 0.279357 0.600823 0.686116 0.193022 0.047365 
3.030881 2.129085 2.004509 1.384886 1.243962 1.281592 1.174569 0.901633 0.368281 0.163707 0.083829 0.022848 
3.377136 1.067560 2.117680 0.865261 1.541799 1.158120 0.936622 1.233719 0.504720 0.685259 0.155105 -0.018849 
3.379373 1.013201 1.933681 0.448692 1.316896 1.091171 0.443920 1.134035 0.935493 0.191583 0.142503 0.019611 
3.634271 1.572460 1.777642 0.497910 1.883283 1.788495 1.796456 1.604684 1.064899 0.239207 0.227906 0.055829 
3.260666 1.345725 1.752171 0.312520 1.931033 1.889746 1.090304 1.465121 0.821639 0.142675 0.368759 0.052717 
3.605852 1.118781 1.653982 0.267119 1.157708 0.958699 0.979089 1.295952 0.003419 0.478405 0.206111 -0.008852 
3.579538 0.841906 1.135233 -0.008169 1.526238 0.926535 0.882796 0.912983 0.483144 0.203392 0.343811 0.070916 
3.285453 0.864523 1.325550 0.049326 1.703246 2.068096 1.393809 1.295862 0.422254 0.246050 0.028778 -0.003471 
3.201690 1.133620 1.617648 0.069593 1.007945 1.467249 0.223916 1.168842 0.347981 0.500378 -0.097489 -0.038570 
2.869543 0.581817 0.677677 -0.530057 0.625257 0.723243 0.172330 0.468566 -0.112715 0.273001 0.108116 0.022109 
3.136784 0.203422 1.179657 -0.659943 0.842132 0.757188 0.641785 0.715132 0.179674 0.370913 -0.015896 -0.016685 
-1.#IND00 -1.#IND00 -1.#IND00 -1.#IND00 -1.#IND00 -1.#IND00 -1.#IND00 -1.#IND00 -1.#IND00 -1.#IND00 -1.#IND00 -1.#IND00 
-1.#IND00 -1.#IND00 -1.#IND00 -1.#IND00 -1.#IND00 -1.#IND00 -1.#IND00 -1.#IND00 -1.#IND00 -1.#IND00 -1.#IND00 -1.#IND00 
