2.920447 0.224262 0.691787 -1.212683 0.503910 0.638296 0.013916 0.312161 0.549708 0.271014 0.081680 0.021863 
3.089695 0.324075 0.932159 -1.072991 0.740470 0.593086 0.946380 0.571259 -0.395310 -0.002071 -0.029490 0.031549 
3.056385 0.195997 0.738778 -0.434642 1.682992 0.703970 0.145308 1.312107 0.112631 -0.318901 0.142274 0.035408 
3.404923 0.232337 0.809940 -0.526417 1.031370 0.555733 0.579430 0.944309 0.524780 -0.071995 0.014615 -0.008143 
2.932717 0.369127 0.982176 -0.427939 1.498105 1.450100 0.531780 0.900482 0.516327 0.137022 0.205349 -0.008218 
3.020904 0.263568 1.099448 -0.409246 1.080210 0.925640 0.823483 0.926303 0.438054 0.305615 -0.040757 -0.015033 
2.867185 0.115977 1.307203 -1.028793 0.946169 1.421774 0.793328 1.047262 0.586426 -0.229196 0.098473 -0.017134 
2.883131 0.376567 0.762954 -0.354508 1.252981 0.851278 0.760995 0.928735 0.685270 0.098694 -0.001516 -0.017882 
3.156355 0.526756 0.658271 -0.456648 1.214830 0.447535 1.060546 1.295214 0.327558 0.301284 0.009042 -0.046645 
3.310064 0.291809 1.017306 -1.352198 1.240657 1.023115 0.928877 0.931954 0.274763 0.234174 0.006444 -0.068730 
3.156024 0.344050 0.835907 -1.245494 0.767727 0.878045 0.844368 0.811156 0.500296 0.122733 0.019154 -0.015714 
2.845383 0.584065 0.676677 -1.522714 1.066335 1.536091 0.109778 0.872247 0.306352 -0.018979 -0.052866 -0.016712 
3.049386 0.525377 0.955704 -0.924455 0.689372 0.070234 0.532326 1.198512 0.285681 0.125996 0.130932 -0.017511 
3.143056 0.284851 1.064568 -0.430442 1.576133 0.515699 0.599021 1.244850 0.240814 0.083047 -0.032657 -0.004610 
3.500072 0.108080 1.129581 -1.041153 0.738510 -0.138237 -0.419247 0.940878 -0.084035 -0.371643 0.075213 0.035682 
3.252310 0.316006 1.018836 -0.382397 0.783102 -0.444816 0.061703 0.748884 -0.054227 -0.090160 0.301511 0.080823 
4.252508 -0.234172 3.093243 5.018577 1.980080 0.562558 0.336776 0.968794 0.344661 0.275621 0.187502 0.015033 
1.383149 0.466206 1.244753 1.261590 1.377923 2.049740 1.025492 1.185030 0.153894 0.514456 0.038891 -0.053570 
0.951445 0.474160 1.253874 2.074484 1.211860 1.188647 1.359290 1.462822 0.095070 0.320962 0.083251 -0.070791 
1.033112 0.881230 1.235353 1.320330 1.123170 0.852324 1.035648 0.223023 0.928406 0.158874 0.205968 -0.094713 
0.677254 0.964495 1.883738 0.505182 1.485568 2.043628 0.744428 0.607320 0.375147 0.409231 0.073350 -0.091893 
0.945571 1.269105 2.102155 1.238132 0.557617 1.376037 0.758457 -0.234200 0.471433 0.460260 -0.091087 -0.024917 
0.982002 0.760534 2.015560 1.402828 0.922060 1.504102 0.725597 0.292290 0.621047 0.215208 -0.065786 -0.035335 
0.519618 1.198178 1.530453 1.449202 1.955282 0.138293 1.441334 1.214105 0.933431 0.303082 -0.194836 -0.039679 
0.880343 1.084000 1.422903 1.756175 1.304557 1.912664 0.509221 0.725162 0.618306 0.204955 -0.057040 -0.023715 
0.931451 0.426048 1.652079 1.728700 1.630881 2.433917 1.090435 0.819927 0.045310 -0.020438 0.053345 0.023377 
0.860528 1.272298 1.077216 0.960926 1.359568 2.444994 1.254152 1.007433 0.368204 0.358050 -0.196331 0.002622 
0.780669 1.502106 0.470624 1.027570 1.529867 1.218294 1.008027 1.414833 0.805298 0.527666 -0.165213 -0.067468 
0.720828 1.316147 1.165211 1.591165 1.001580 1.115416 1.543945 1.096101 0.598165 0.325442 -0.003119 -0.056251 
1.148358 0.927514 0.822361 0.991058 1.981742 2.237143 0.712342 0.882054 0.271741 0.275753 -0.099671 -0.017230 
0.319771 0.905453 1.501654 1.990405 1.303475 2.003417 1.141199 0.743892 0.532864 0.509907 -0.178219 -0.052843 
0.774356 0.489071 1.540817 1.201272 2.229434 1.363662 1.450041 0.426821 0.448050 -0.120835 0.157907 -0.089079 
1.398407 1.558339 0.607970 0.808292 1.204559 0.646897 1.059236 0.427330 -0.055800 0.231763 0.030118 -0.041790 
1.067967 1.086122 0.547620 1.135495 1.736503 1.132889 1.218677 0.834538 0.271384 0.397597 -0.064923 -0.062362 
2.794916 -0.617520 1.313061 1.908806 0.817510 1.472864 1.421622 0.232251 0.580896 0.569635 -0.090955 -0.055593 
4.307044 0.854796 0.255427 0.577492 0.897406 1.096989 1.297689 0.695428 0.439938 0.462062 0.303209 0.031425 
3.212929 2.672789 1.959632 1.454619 1.132728 0.766043 0.531152 0.310859 0.205624 0.203249 0.172295 0.035508 
4.097053 3.575547 3.168353 2.174935 1.309150 0.631095 0.514047 0.651125 0.567066 0.333360 0.280879 0.084621 
3.069283 1.409555 1.715092 0.570643 1.776215 1.523786 0.927896 1.058263 0.618730 0.266193 0.148417 0.009473 
3.924267 2.032343 2.615821 1.610559 3.007352 1.319239 1.153950 1.321711 0.314130 0.702119 0.127534 0.018452 
3.599253 1.292929 2.013321 0.831604 2.467584 1.700997 1.371238 1.633066 0.497141 0.282119 0.312592 0.055271 
3.205375 0.504392 1.039578 -0.172388 0.670377 1.161923 0.236812 1.314135 0.261688 -0.180496 0.068238 -0.011799 
3.086654 1.348823 1.388603 0.342706 1.802323 1.295327 1.570141 1.194222 0.807787 0.716786 0.289356 0.008459 
3.369571 0.762996 1.202840 0.471502 1.087956 1.276180 1.227341 1.425392 0.479776 0.042466 0.251626 0.036927 
3.239459 0.761627 1.342211 -0.598608 1.648292 0.899532 1.202852 0.609024 0.177555 -0.072789 0.007741 0.050817 
3.023796 0.896052 0.729982 -0.976961 1.316665 0.167120 0.084459 1.008733 0.251576 0.421255 0.025757 -0.038943 
3.190556 0.707715 1.060307 -0.230308 1.792759 1.131632 0.417302 1.436916 0.601326 -0.144820 0.087119 0.018074 
2.987254 0.650971 1.238518 -0.108902 1.650336 1.146367 1.433041 0.352049 0.058285 0.120343 0.244933 0.052296 
-1.#IND00 -1.#IND00 -1.#IND00 -1.#IND00 -1.#IND00 -1.#IND00 -1.#IND00 -1.#IND00 -1.#IND00 -1.#IND00 -1.#IND00 -1.#IND00 
-1.#IND00 -1.#IND00 -1.#IND00 -1.#IND00 -1.#IND00 -1.#IND00 -1.#IND00 -1.#IND00 -1.#IND00 -1.#IND00 -1.#IND00 -1.#IND00 
