3.361173 0.653623 1.910919 -0.841097 1.436117 1.505480 0.278008 1.198443 0.430533 0.189808 0.203939 -0.012213 
2.936038 0.042087 0.950997 -0.975196 1.530725 0.360250 0.460874 1.516160 0.220956 0.134853 -0.053321 -0.064911 
3.149180 -0.046909 0.982089 -0.785415 0.762029 1.031266 0.491229 0.818215 0.430687 0.411397 0.137169 -0.017337 
3.374482 0.200051 1.343816 -0.998527 0.367520 0.733759 1.110713 0.938241 -0.107231 -0.128638 -0.099619 -0.007700 
3.120266 0.236548 1.164679 -0.681487 0.302242 0.841894 0.883225 1.230153 -0.018984 0.272313 0.137892 -0.037046 
3.157625 0.437113 1.053607 -0.179889 1.265780 0.121390 0.701809 1.229651 -0.252154 0.157714 0.143422 0.024809 
2.819886 0.454660 0.949212 -0.384872 0.580274 0.336079 0.402913 0.931965 0.434556 0.162476 0.058881 0.017004 
3.030422 0.149440 1.445199 -0.296009 0.461665 0.222094 0.193792 1.042738 0.453415 0.287934 0.200684 0.007019 
3.071972 0.114309 0.548753 -0.750756 1.657349 0.675938 0.533412 1.060961 0.558037 0.329577 0.190591 0.000423 
3.385864 0.453010 1.420080 -0.758505 1.112438 1.404315 0.429976 1.102234 0.337007 -0.158964 0.022727 -0.009806 
3.071367 0.028355 0.394835 -0.174418 0.930865 0.443922 0.516746 1.009197 -0.253822 -0.083402 0.056790 0.008188 
3.016897 0.267219 0.264280 -1.089416 0.654654 0.317802 0.530940 -0.226971 0.277145 0.545544 -0.107286 -0.005591 
3.107996 0.367867 1.221204 -0.606387 1.365482 1.404961 0.855086 0.485609 0.122619 0.162227 0.319438 0.054490 
4.387800 2.920591 2.690215 3.288585 2.589553 0.759310 0.585240 0.438941 -0.393707 -0.507412 0.217483 0.046326 
2.234875 -0.119285 1.981132 0.602491 1.826572 0.774338 1.155019 0.149790 0.498583 0.449135 -0.019914 0.003277 
1.592695 0.831748 1.412542 1.508029 1.500366 0.877088 1.175817 0.622338 1.029690 -0.163976 0.147752 -0.020476 
1.483795 0.829604 1.837504 1.156276 0.582940 0.765939 1.413981 0.347857 0.659640 0.585982 0.249351 -0.086182 
1.068128 1.127009 1.750601 0.954863 0.604359 1.528947 1.259018 0.524587 0.278825 0.312443 -0.022681 0.012737 
0.729954 0.910137 2.120670 1.747036 1.253137 1.241279 0.864266 0.411384 0.749768 0.149672 0.019276 -0.027208 
1.327176 1.036259 1.448411 0.772551 0.615404 1.626278 0.864141 0.386213 0.582535 0.101679 0.025648 -0.013855 
0.625996 1.443874 1.033819 1.069364 1.351421 1.826549 1.116992 1.036653 0.380942 0.488896 -0.059445 -0.083954 
0.923326 0.823732 1.092153 0.256286 2.185127 1.547950 1.389293 0.550449 0.404588 0.132347 -0.029940 -0.061627 
0.752699 0.965994 0.640355 0.973182 2.329503 1.605457 1.443904 0.521028 0.867599 0.287887 -0.131720 -0.067973 
0.928075 0.820338 0.512904 1.494012 1.266847 1.896637 1.738889 1.379621 0.616025 0.007633 -0.240442 -0.012177 
0.720293 1.115851 1.035752 1.401870 1.138969 1.582937 1.737270 0.941693 0.323166 0.379511 -0.144642 -0.022750 
0.819405 0.791694 1.246829 1.527875 1.109174 1.535489 1.050051 1.694396 0.214660 0.362548 -0.253289 -0.028050 
0.754670 0.915001 1.574172 0.720612 2.475894 1.241669 1.186387 0.944973 0.456502 0.050694 -0.004324 -0.050754 
1.275762 1.020239 1.078883 1.835358 1.090687 0.754085 1.250903 0.113673 0.892887 0.166313 0.056989 -0.080541 
0.843000 1.249774 1.033016 1.435672 1.032989 2.128569 0.909636 0.619923 0.909189 -0.045854 -0.118532 -0.037252 
0.821268 1.023803 2.290201 1.208377 1.327632 1.579441 1.070687 0.904718 -0.375394 0.287691 -0.056054 -0.025386 
1.286460 0.758832 1.408374 1.608446 1.696270 1.557284 1.572625 -0.155236 0.137561 -0.159754 0.116795 0.004122 
1.849237 0.930644 0.845174 1.377042 1.179748 0.855075 0.818556 0.299967 0.477986 0.262609 0.002995 -0.066003 
2.624133 0.394804 1.642144 1.596659 0.964221 -0.099842 0.563678 1.178571 -0.286262 0.359589 0.149166 -0.011344 
5.082671 -0.426332 1.489107 0.400248 0.789135 1.032861 0.560006 0.606595 0.640577 0.413530 -0.034248 -0.071035 
4.473813 3.371096 1.714605 0.377182 0.293144 0.954026 1.015894 0.733430 0.462325 0.255047 0.157645 0.043234 
3.763700 3.285947 2.609167 1.572497 0.916856 0.436771 0.352248 0.444903 0.573638 0.470031 0.347611 0.089079 
2.985286 2.644452 2.267332 1.706755 1.709155 1.414105 0.862782 0.428482 0.371439 0.287285 0.019853 0.018340 
4.007040 1.790596 2.008187 0.588507 1.960566 1.955718 1.080205 1.050128 0.720912 0.405137 0.123879 0.025809 
3.873847 1.530891 2.301042 1.073268 1.931997 1.870631 1.612350 1.364237 0.245092 0.586426 0.292110 0.037864 
3.460705 0.993743 1.923664 0.090974 1.812508 0.871740 0.970601 1.031796 0.483351 0.325867 0.301662 0.039085 
3.743878 1.215858 1.743369 0.246769 0.740226 1.676448 1.127166 1.212459 0.900087 0.160728 0.076175 0.027735 
3.611826 0.840980 0.977492 -0.600786 1.514596 1.192894 0.791849 1.185787 0.187128 0.655764 0.367723 -0.001501 
3.284096 0.650616 1.512152 0.133277 0.444141 1.597926 1.425001 0.999637 0.769894 0.079880 0.072081 0.023558 
3.224504 0.928622 1.577520 0.236218 1.682066 0.461853 1.027766 0.754715 0.344299 0.248890 0.074275 0.031753 
2.968701 0.919018 1.455543 -0.060863 1.261774 1.151627 1.150234 1.049134 0.521784 0.254830 0.341040 0.027617 
3.198833 0.802268 1.565577 0.041311 0.952467 0.967645 1.008030 1.419175 0.346811 0.183126 0.066580 -0.015379 
3.365090 0.753927 0.697163 0.078970 1.890815 0.448205 0.667312 1.161956 0.543534 0.244298 0.213816 0.025138 
3.073268 0.869491 1.498126 -1.436205 1.420392 0.881134 0.630344 0.936526 0.474659 0.251612 -0.031115 -0.011748 
-1.#IND00 -1.#IND00 -1.#IND00 -1.#IND00 -1.#IND00 -1.#IND00 -1.#IND00 -1.#IND00 -1.#IND00 -1.#IND00 -1.#IND00 -1.#IND00 
-1.#IND00 -1.#IND00 -1.#IND00 -1.#IND00 -1.#IND00 -1.#IND00 -1.#IND00 -1.#IND00 -1.#IND00 -1.#IND00 -1.#IND00 -1.#IND00 
