3.180662 0.596423 1.637558 -0.645667 0.380926 0.520175 0.950688 0.890892 0.716523 0.436624 0.111351 0.012012 
3.187664 0.015702 0.857858 -0.434379 0.980423 0.558526 1.075586 1.475089 -0.176030 -0.001544 0.185906 -0.008625 
3.426028 0.451400 0.828960 -0.216100 1.010588 0.659405 0.708603 0.583582 0.312105 0.392751 0.217262 -0.007025 
3.183434 0.485729 1.271877 -0.031174 0.264216 0.357879 0.078551 0.570020 -0.145566 -0.358795 0.188256 0.031230 
2.884577 0.702278 1.854519 -0.388891 1.269631 0.335955 0.511806 1.115470 0.475090 0.038086 0.145043 0.012436 
3.008272 0.438460 1.224313 -0.823772 0.172245 0.454067 0.736194 1.349104 0.952932 0.029651 0.113731 -0.012858 
3.109095 0.691848 1.070526 -0.926398 1.331565 0.494515 0.354256 1.025163 -0.028794 0.119959 0.176066 -0.009381 
3.115776 0.417952 1.225188 -0.582207 1.520888 0.621528 0.628972 1.006177 -0.222279 0.015727 0.107657 0.020198 
3.230053 0.317551 0.801052 -0.210457 1.056503 0.815554 0.675924 0.438362 0.468648 0.135043 0.045007 -0.007356 
3.418851 0.522499 0.598348 -0.474450 1.294617 0.150956 1.176767 1.034155 0.299150 0.093627 -0.109552 -0.021080 
3.015048 0.958186 1.122270 -1.403068 1.675523 0.687595 0.284142 0.426248 -0.251533 -0.127266 0.040510 -0.070538 
3.575387 0.589430 1.330097 -1.138263 0.956614 -0.048703 0.472697 0.549755 0.434468 0.047642 0.266715 0.066908 
3.111151 0.836731 0.838515 -1.135794 1.325238 -0.280695 -0.005113 0.775063 0.178553 0.230828 0.345711 0.014887 
3.389060 0.266622 0.801999 -1.432692 0.348296 0.073834 0.371971 0.337357 -0.086945 0.186060 -0.157456 -0.012736 
1.295473 1.196097 4.769941 0.119579 0.439792 1.359562 0.649794 -0.097234 0.706086 0.251140 0.107964 -0.011125 
1.057739 0.602834 1.602391 1.247263 1.169107 1.819180 0.503289 0.540457 0.977641 0.210847 0.207907 -0.062572 
0.685441 1.074992 1.385553 0.791524 1.657642 1.865810 0.861235 0.616215 1.030425 -0.119581 -0.015161 -0.030175 
0.584428 0.826594 1.837710 0.665728 1.763614 0.966061 1.113526 0.257539 1.429521 -0.073960 -0.049760 0.023417 
0.817801 0.312350 2.243832 0.308871 0.718106 2.390194 1.927193 0.763145 0.202382 0.003730 0.045630 -0.017974 
0.532007 0.633693 0.965315 1.751998 2.143736 2.234288 1.421432 0.530050 0.300001 0.386938 0.196418 -0.078008 
0.701644 1.419684 1.805820 0.435440 2.237600 1.570724 0.342299 0.328268 1.104985 0.457123 -0.098363 -0.024993 
0.678955 0.999739 2.012540 1.059790 1.437259 1.151067 0.910169 1.058564 1.086078 0.427717 -0.137495 -0.069251 
0.501303 1.263955 1.095689 1.554751 1.006016 1.916446 0.455519 1.017456 0.821821 0.495266 -0.113629 -0.014590 
0.494906 1.597328 1.275863 1.366010 1.540931 1.427761 0.944218 0.644847 0.952055 0.169403 0.023969 -0.045539 
0.824404 0.933727 1.435514 1.533207 1.494484 1.060574 1.036169 1.412258 0.710863 0.070593 -0.207602 -0.006027 
0.863097 1.107877 1.506364 1.364702 0.719575 1.363301 1.547709 1.320209 -0.069595 0.214827 -0.045963 -0.022560 
0.627765 0.718156 1.550034 1.605403 0.992935 2.306240 1.599030 0.718830 0.603769 0.006325 -0.069421 -0.016260 
0.940564 0.508316 1.855626 1.145518 1.646637 1.491454 1.166307 0.215959 0.303232 0.069149 0.214377 -0.087977 
0.897472 1.635231 0.800090 1.657319 1.437726 0.412184 1.380471 0.018741 0.271193 0.428068 -0.001425 -0.090093 
1.019778 0.955481 2.045059 1.457110 1.346164 1.218080 0.284845 0.336567 0.198100 0.305814 -0.015866 -0.091324 
0.961237 0.751441 1.032071 1.510955 1.280044 2.720117 0.901301 0.664017 0.188011 0.088100 0.265674 -0.052608 
2.849930 -0.844161 2.211622 1.368893 1.410534 0.571778 0.317633 0.985056 0.279818 0.289197 0.296556 -0.052918 
6.049469 -1.162977 2.244144 -0.086328 0.783695 1.278175 0.297689 0.128419 0.515679 0.617291 0.050809 -0.086643 
6.327951 3.750657 1.040089 0.163014 0.140948 0.954404 1.467847 0.274089 0.070426 0.142512 0.117782 0.060191 
5.319416 3.501252 1.476265 -0.841197 0.806388 2.010216 1.230321 1.042770 -0.186033 0.138545 -0.057664 -0.005314 
3.908827 2.509741 1.898101 0.666981 1.733443 1.705493 0.948859 1.459944 0.542460 0.094068 -0.168953 -0.043830 
3.773674 1.094281 1.421792 0.644321 2.353065 1.608811 0.674533 1.261924 1.116659 0.268565 0.133130 -0.008306 
4.096381 1.730574 1.956229 -0.020036 2.147384 1.793528 1.266852 1.200106 0.408957 0.136780 0.216115 0.041745 
3.614874 1.532448 2.116439 0.411744 2.273746 1.374965 1.200649 1.791455 0.580008 0.708199 0.125427 -0.017397 
3.546082 0.996905 1.869035 0.107202 1.876901 1.426517 1.104663 1.097055 0.343687 0.333110 0.214437 0.019444 
3.751959 0.345373 1.906581 -1.089389 1.507429 1.429388 1.616997 1.426356 0.389409 0.265822 0.277741 0.028480 
3.428246 1.097117 1.884542 -0.209956 2.286161 1.206901 0.813051 0.955302 0.151278 0.344848 0.413876 0.053094 
3.619133 0.933560 1.848546 0.536313 2.215858 0.518386 0.555877 1.172043 0.395183 -0.061032 0.265151 0.072229 
3.447689 0.768090 1.499020 -0.015271 0.878524 1.327986 0.873334 0.616005 0.411542 -0.054824 0.077851 0.034851 
3.311414 0.649906 0.701335 -0.281321 0.956249 0.441840 0.935145 0.840092 0.501413 0.366742 0.196416 -0.002228 
3.253224 0.788594 1.662981 -0.690275 1.796542 1.511401 0.455637 0.776711 -0.398793 -0.058526 0.163192 -0.003198 
3.399050 0.463644 1.350702 -0.357146 1.110569 0.669370 0.266759 1.002708 0.681849 0.157393 -0.060164 -0.044685 
3.205084 0.342078 1.226231 -0.593113 0.759437 0.679372 0.498475 0.521764 0.341107 -0.201309 0.102389 0.037714 
-1.#IND00 -1.#IND00 -1.#IND00 -1.#IND00 -1.#IND00 -1.#IND00 -1.#IND00 -1.#IND00 -1.#IND00 -1.#IND00 -1.#IND00 -1.#IND00 
-1.#IND00 -1.#IND00 -1.#IND00 -1.#IND00 -1.#IND00 -1.#IND00 -1.#IND00 -1.#IND00 -1.#IND00 -1.#IND00 -1.#IND00 -1.#IND00 
