3.159297 0.854521 1.718275 -0.212801 1.549465 1.230027 1.427311 0.971555 0.362868 0.633005 0.271534 -0.009101 
2.294110 0.133989 2.263632 -0.516251 1.452022 0.880175 0.019725 1.145051 0.654123 0.258555 0.275915 -0.011284 
2.624240 -0.040254 1.637511 -0.826983 1.045908 0.290713 0.109557 -0.056756 0.329630 0.331849 -0.030997 0.024805 
3.003466 0.311871 1.925426 0.159794 1.346986 0.592595 1.220615 0.992688 0.581193 0.043250 0.027370 0.040285 
2.997133 0.456100 2.027799 -0.317440 1.095741 0.984442 0.654339 0.979275 0.361740 0.418000 0.390525 0.006492 
2.604038 0.745198 1.976491 0.020274 0.952967 0.388831 0.298266 0.872557 0.788134 0.722156 -0.077020 -0.026797 
2.528521 0.309615 1.792242 -0.469758 0.303371 0.894685 0.556866 0.274740 0.461512 0.209269 0.210590 0.037088 
2.582781 0.604569 1.603983 -0.617370 1.211095 0.831759 0.722157 1.089520 0.203600 0.424851 -0.023458 -0.012300 
2.905540 0.574402 1.259996 0.040985 0.458302 0.528310 0.881503 0.825560 0.980687 0.433930 0.177247 0.020174 
2.800044 0.658776 1.628151 0.352115 1.371403 0.466589 0.721608 1.075000 0.762788 0.589432 0.194399 -0.025548 
2.757889 1.028517 1.393002 0.181390 1.218023 0.691706 0.969592 1.058660 0.279414 0.377167 0.446653 0.003839 
2.680409 0.863746 1.329711 -0.443944 1.479883 0.566397 0.865254 1.049655 0.607634 0.201153 -0.038927 -0.020714 
2.727521 1.029912 1.726430 -0.646217 0.858314 0.405258 0.763327 0.732509 -0.031709 0.418245 0.227560 0.011194 
2.747716 0.563362 0.925091 -0.107439 0.815511 0.486514 0.637872 0.167723 0.003126 0.240253 -0.004274 -0.017403 
2.804583 1.173223 1.533751 0.467312 0.995735 0.896905 0.367088 0.603178 0.526577 0.190836 0.180470 -0.005978 
2.658475 0.965213 2.060574 0.048287 1.545146 0.793718 0.948498 1.211922 0.518577 0.015768 0.077996 -0.014093 
3.215206 2.845068 2.249370 1.521584 1.353825 1.111525 0.792535 0.683790 0.445679 0.291783 0.202127 0.039243 
2.101720 0.503730 1.455589 1.347023 0.904103 1.037367 0.237318 0.675106 -0.213427 0.421640 0.267243 -0.017016 
1.204295 0.303064 1.900349 0.989959 1.015854 1.374811 1.324311 1.207402 0.312677 0.269336 -0.086447 -0.015260 
1.419047 0.549527 1.646439 0.519475 1.875551 0.483107 0.942404 1.465635 0.390323 0.001529 -0.036124 -0.015912 
1.129850 0.849090 0.653607 1.325082 0.994418 2.221024 1.162804 0.390244 0.358816 0.370386 0.143404 -0.046825 
0.829755 0.838400 2.028092 1.641578 0.680084 1.672675 0.838534 0.186616 0.768874 0.487444 0.127330 -0.120251 
0.618357 1.120996 1.227465 1.758888 1.440984 1.432326 0.913061 0.720115 0.938807 0.020209 -0.081886 -0.052161 
0.616296 1.074108 0.920197 1.490189 1.518838 1.653895 1.398963 0.617102 0.877895 -0.075050 0.053576 -0.099932 
0.762792 1.299285 0.778996 1.328336 1.438633 1.302198 2.192092 0.162346 0.409938 0.640152 -0.182833 -0.057575 
0.616873 0.646979 1.319777 2.068647 1.401058 1.528595 1.537629 0.781177 0.731289 -0.002593 0.037741 -0.063067 
0.625212 1.110136 1.095280 1.931311 1.386003 0.644613 1.959500 1.213089 0.248723 0.243970 0.044489 -0.044992 
0.571433 1.340646 1.102529 1.156866 2.020725 1.552240 0.564639 1.142549 0.455201 0.517359 0.101543 -0.076774 
0.798302 0.989211 0.489530 1.356561 1.527979 2.220525 1.731822 1.127399 0.049114 0.295480 0.006603 -0.016176 
1.035308 0.423013 1.179379 1.907462 1.880001 1.586458 1.184024 1.158153 0.421364 0.336132 0.035547 -0.093733 
0.388583 1.008460 1.677093 1.829296 1.794103 1.806838 1.031298 0.380391 0.321323 0.366940 0.047098 -0.067793 
0.766148 1.135061 1.096404 2.945821 1.038508 1.067906 0.417344 1.187118 0.169174 0.632940 -0.034072 -0.097697 
0.839652 1.146797 1.168231 2.031386 1.273573 1.348268 0.453606 1.458452 0.375516 0.177188 -0.048816 -0.045901 
1.020451 1.077876 1.703416 1.795422 1.352419 0.647424 1.323839 -0.501312 0.730283 0.353539 -0.057415 -0.096666 
1.622111 0.983807 1.138281 1.405142 0.801595 0.712590 1.566913 0.901139 -0.106212 -0.244813 -0.094463 0.001041 
1.582800 -0.261581 2.095104 1.423991 2.937974 1.787455 0.580866 0.075572 0.537766 0.423005 -0.110552 0.007083 
3.430677 1.470989 1.445557 0.327275 0.196126 0.465856 1.596408 0.708578 0.664844 -0.021215 0.224521 0.041855 
4.017829 0.280057 2.444189 0.606499 1.497674 0.606549 1.079763 0.541628 0.057126 -0.167364 0.132175 0.099971 
4.245047 1.845737 2.198325 -0.449940 2.217585 -0.046839 -0.118961 2.017077 -0.302247 -0.660529 0.416322 0.064408 
6.627424 3.301107 1.711503 0.963982 1.247513 0.968729 0.398606 1.373572 0.084215 0.340361 0.248745 0.079933 
3.062309 1.843849 0.996281 0.147419 0.066470 0.580555 0.503537 0.524394 0.186327 0.433999 0.369116 0.058844 
5.567579 3.265208 1.132588 0.364117 0.441084 0.673445 0.812034 0.693971 0.349723 0.015607 0.076262 0.039515 
5.071672 2.383534 0.829505 0.098852 0.970316 1.265978 -0.423301 -0.327112 0.026016 0.255520 0.226934 0.074229 
5.283622 2.187767 0.955608 -0.720165 1.296589 0.612670 -0.903479 -0.148576 -0.264469 0.091030 0.132784 0.012228 
6.674545 0.180396 1.349026 0.492105 0.646250 -0.436555 0.190544 -0.165668 0.290791 0.842736 0.525276 0.150686 
4.308261 1.201158 0.935454 -1.116430 0.666312 0.512368 -0.489492 -0.115254 -0.385085 0.384228 0.156521 0.011610 
3.897128 1.333143 0.978557 -0.819449 -0.173124 0.338934 -0.461706 -0.611638 -0.371488 0.236718 -0.079702 0.004575 
4.130243 1.207893 0.625914 -1.662700 -0.464446 -0.568492 -0.691358 0.560935 0.097529 -0.445293 -0.087098 -0.034139 
-1.#IND00 -1.#IND00 -1.#IND00 -1.#IND00 -1.#IND00 -1.#IND00 -1.#IND00 -1.#IND00 -1.#IND00 -1.#IND00 -1.#IND00 -1.#IND00 
-1.#IND00 -1.#IND00 -1.#IND00 -1.#IND00 -1.#IND00 -1.#IND00 -1.#IND00 -1.#IND00 -1.#IND00 -1.#IND00 -1.#IND00 -1.#IND00 
