3.149514 0.072238 0.265099 -0.956533 0.223421 1.158420 0.508679 0.742915 0.254832 -0.144334 0.137828 0.028061 
3.165730 0.358687 0.523603 -0.181529 1.275109 1.477286 0.539791 0.894033 -0.077457 0.383433 0.150454 -0.041389 
2.963274 0.655996 0.894818 -1.474914 0.645852 1.207233 0.201131 0.586755 -0.153373 -0.200357 0.083541 0.009634 
3.292046 0.212468 1.383806 -1.223325 1.198337 0.271408 0.943634 0.600510 0.110091 0.143770 0.234872 0.066308 
3.120042 0.738134 0.838824 -0.976099 1.185112 1.000713 1.000019 1.121992 0.402477 -0.076021 -0.171940 -0.030715 
3.354811 0.410767 0.836972 -0.572355 0.898687 0.135951 0.799267 1.214008 0.205369 0.547977 0.130304 -0.023899 
2.856849 0.295417 0.558766 -1.292522 0.780888 0.458753 0.286256 1.076415 0.200622 0.292951 0.165667 -0.008566 
3.039937 0.719533 0.874037 -0.498743 1.883783 0.974311 0.331207 0.453642 0.308795 0.481688 0.064275 -0.009159 
2.920285 0.549168 0.706988 -0.414119 1.149694 0.393735 0.485076 0.281501 0.176460 0.410786 0.136378 0.031616 
3.147757 0.399296 1.068887 -0.196343 1.737255 0.968275 0.849049 0.924644 -0.016783 0.295026 0.176039 -0.003145 
3.034279 0.002454 0.412763 -0.276626 1.299192 -0.176297 0.945898 1.573412 0.293361 0.153190 0.095092 -0.033019 
2.649668 0.829404 1.048997 -0.320536 1.086575 1.467709 0.516462 0.330770 0.622377 0.352132 0.124638 0.003175 
2.650520 0.443692 0.454848 -0.138718 0.902586 1.069145 0.866002 0.951974 0.194779 -0.028049 0.124006 -0.008622 
3.246539 0.159848 1.288519 -0.067883 1.250598 0.284719 0.634648 1.295780 0.726511 0.276398 0.025366 -0.043782 
-0.408562 -1.489202 1.898692 5.142051 0.055432 -1.807867 1.049581 1.025916 0.060228 -0.021543 0.046855 0.088632 
-0.350847 -1.449232 0.643979 1.878757 -1.629126 -0.609175 0.468747 0.589626 -0.906565 -0.031145 0.369798 -0.035893 
-0.499199 -1.677268 1.780920 1.350713 -1.098773 -0.601971 1.498097 0.150112 -0.470118 0.099415 0.037335 -0.019261 
-0.452195 -1.583907 2.000660 0.602451 -0.101408 -0.719526 1.310112 -0.216111 -0.133596 0.007997 -0.025108 -0.017715 
-0.646701 -1.843428 2.041793 0.086399 -0.827992 -0.604088 1.330258 -0.819169 -0.456457 0.002554 0.140892 -0.034398 
-0.823854 -1.640249 2.561748 0.378446 0.200529 -0.306153 0.955934 0.287552 -0.049166 0.009747 0.134647 0.092400 
0.393372 0.204914 2.158733 1.215700 0.977283 1.269356 1.767069 1.250353 0.383288 -0.130160 0.077053 -0.037575 
0.748405 0.439557 2.330196 1.243386 1.955022 1.691094 0.663521 0.935995 0.973337 0.521422 -0.107942 -0.052146 
0.808688 1.326932 1.258456 1.540751 1.344751 1.267188 1.299631 1.271972 0.776739 0.122205 -0.128980 -0.000707 
0.871940 0.723505 1.304607 0.848200 1.593192 1.985379 1.516319 0.801393 0.242370 0.442478 0.052250 -0.107851 
0.414849 0.755091 1.744801 1.738271 1.958634 1.731322 1.079097 0.750578 0.608445 -0.107012 0.029833 0.011256 
0.702414 0.989196 1.338324 1.360818 1.911738 0.895919 0.908265 1.169382 0.349642 0.091658 0.075930 -0.073545 
0.762687 1.093352 1.298458 0.937522 1.302638 2.059082 1.197298 0.954554 0.520322 0.454591 -0.178754 -0.047745 
1.001298 1.296749 0.689419 1.026317 0.904425 1.356488 0.845282 0.813444 1.082069 0.318096 -0.167756 -0.077672 
1.282263 0.946299 0.467400 0.936757 1.909024 1.779968 1.411748 -0.161509 0.349907 0.382144 -0.031959 -0.010929 
0.856267 1.571361 1.467587 0.848491 1.234020 1.107397 0.829249 0.704645 0.275940 0.301583 0.069574 -0.080749 
0.999499 0.941160 1.815124 1.152615 1.801313 0.957480 0.533207 0.241108 1.259530 -0.320236 -0.116441 0.041200 
2.544174 -0.293074 1.814802 0.224069 1.400000 1.033763 1.064574 0.641842 0.726884 -0.058529 0.031624 0.040412 
2.213106 1.455844 0.548794 1.479678 1.225206 0.810875 -0.247486 1.071335 -0.049963 -0.003508 0.498718 -0.018673 
5.841545 -1.087179 2.637773 0.923067 0.532236 0.182047 0.181738 0.476239 0.512718 0.497929 0.162112 0.004511 
4.549832 2.621793 1.496783 -2.686304 1.413257 2.289299 0.713858 1.471188 0.596360 0.186528 0.558176 0.091552 
3.056294 2.583412 2.773539 1.876179 1.896216 1.343457 0.636872 1.133289 0.577835 0.287218 0.145832 0.040145 
5.057769 3.606942 2.304995 1.507738 -0.112878 -0.391126 0.640311 1.233982 0.811518 0.423073 0.204304 0.027179 
3.082845 2.582320 2.350448 1.963971 1.511949 1.049798 0.772430 0.619294 0.463171 0.175586 0.027843 0.016047 
3.451203 2.794249 2.189496 1.640228 2.220273 1.826549 1.861870 1.285077 0.238115 0.104975 0.100023 0.044165 
3.905041 3.242588 2.933347 3.334758 2.339808 1.725943 2.486988 2.139270 -0.268879 0.399787 0.125534 0.060620 
4.108096 1.894077 2.436422 1.308467 1.503382 1.967280 1.473042 1.446094 0.959005 0.635339 0.258497 0.068032 
3.405589 0.969968 1.385769 0.165017 1.544688 1.799841 1.538376 1.228289 0.832988 0.427018 0.177083 0.024194 
3.295718 0.495852 1.013854 -0.117117 1.799192 2.095221 1.550186 1.367150 0.337389 0.284685 0.271624 0.021160 
3.139654 0.598720 0.812249 -0.654537 1.259280 1.259842 2.004184 1.322484 0.523075 0.384785 0.088877 -0.006852 
2.902557 0.797862 1.017661 -0.749926 0.740070 0.815634 1.812168 1.837332 0.254909 0.374328 0.177819 -0.050347 
3.282807 0.632009 0.701963 -1.090906 1.469540 0.800353 0.797346 1.392372 0.461117 0.346537 0.333693 -0.025991 
3.552950 0.152711 1.222768 -0.189855 0.840788 1.002228 0.446370 1.069399 0.297987 0.351898 0.324298 0.006438 
3.360004 0.101759 1.073094 -0.625869 0.808798 1.168221 1.448808 1.270324 0.627495 0.462669 0.093289 -0.026594 
-1.#IND00 -1.#IND00 -1.#IND00 -1.#IND00 -1.#IND00 -1.#IND00 -1.#IND00 -1.#IND00 -1.#IND00 -1.#IND00 -1.#IND00 -1.#IND00 
-1.#IND00 -1.#IND00 -1.#IND00 -1.#IND00 -1.#IND00 -1.#IND00 -1.#IND00 -1.#IND00 -1.#IND00 -1.#IND00 -1.#IND00 -1.#IND00 
