2.272614 1.125120 2.172271 0.132571 0.502473 0.378340 0.313079 1.174735 1.027923 0.102511 0.123774 0.018730 
2.460696 0.925512 2.115113 0.506753 0.791934 -0.002889 1.036379 0.854387 0.747412 0.589356 0.221604 -0.024560 
2.471895 0.891149 2.232733 -0.005906 0.521619 1.005452 0.896692 0.905741 0.753469 0.357003 0.223221 -0.036586 
2.438635 0.605031 2.046060 -0.061184 0.902742 0.920844 0.772987 0.910885 0.399370 0.439265 0.149827 -0.040672 
2.513964 0.393421 2.467819 0.176402 0.653096 0.467385 0.801781 1.343015 0.617366 0.733413 0.197215 -0.063543 
2.439054 0.704466 2.064473 -0.374855 1.028141 1.066557 0.352319 1.029478 0.451791 0.625299 0.256329 -0.062740 
2.469248 0.681394 1.712409 0.181566 0.853212 0.899754 0.665927 0.955481 0.133534 0.389640 -0.053298 -0.034595 
2.557572 0.851623 2.262331 0.491645 1.037060 0.727166 0.422650 0.737197 0.642700 0.222751 0.307227 -0.001053 
3.729530 0.176880 0.379838 -0.651665 0.416649 0.190868 0.682067 -0.011574 -0.405405 0.500274 0.155612 -0.011453 
2.922311 0.906485 2.086829 -0.280754 0.708192 0.159420 0.728673 0.979059 -0.279947 0.177085 0.320185 -0.007280 
2.723723 0.850955 2.500850 0.970805 0.867533 0.117600 0.815555 1.205225 0.719769 0.405226 0.112658 0.001800 
2.495276 0.863569 2.363820 0.561675 2.057860 0.845506 0.395340 0.872537 0.404136 0.336159 0.208222 -0.000729 
2.654891 0.430440 2.257430 0.923243 1.355805 0.431540 0.535764 0.810776 0.178585 0.544712 0.275027 -0.034832 
1.801524 -0.216510 3.870262 0.882153 -0.534027 -0.460219 0.640233 0.190701 0.059964 0.493150 0.317141 -0.023859 
-0.300861 -1.484927 4.317290 0.166152 -1.474344 0.705430 1.567142 -0.506670 0.520706 0.187404 0.311072 0.049169 
0.237335 -0.044124 3.062003 0.855041 0.237589 2.492244 0.798396 -0.011566 0.788335 0.384971 -0.251085 0.020298 
0.725769 0.550099 1.828923 1.953996 0.624221 1.118507 0.991534 0.338846 0.111080 0.166145 -0.028918 0.027650 
1.032373 0.502926 1.965739 1.337673 0.388568 1.224834 0.992763 0.995432 0.250631 0.035251 0.051217 0.018423 
1.074991 0.345005 1.357798 1.824698 1.194671 0.950533 1.197408 0.987140 -0.119018 0.187754 0.055847 0.063110 
0.761786 1.067919 0.959521 1.405507 1.682957 1.489079 1.123629 1.120672 0.658322 0.498755 0.257799 -0.107496 
0.681074 0.851046 0.935403 1.540839 2.067985 1.085932 1.346504 1.407664 0.718541 0.298700 -0.113956 -0.061417 
0.651339 0.991465 1.070888 0.469555 1.658600 2.415147 0.741544 0.980667 0.880516 0.099099 -0.050795 -0.114255 
0.639850 1.084914 0.862238 1.025045 1.819385 1.939751 0.799957 1.159571 0.559815 0.303216 -0.051152 -0.124297 
0.982837 1.158141 0.358435 1.039922 2.016481 0.715046 2.204757 0.666656 1.065615 -0.108694 -0.135708 -0.064917 
0.424088 1.170078 0.712985 1.773815 1.611994 1.736190 1.641623 1.016522 0.645981 -0.027817 -0.104903 -0.013866 
0.793491 1.036216 0.996799 0.939326 1.593264 1.071818 1.651423 0.973172 0.551220 0.315976 -0.075817 -0.070438 
0.466794 1.018748 1.828893 2.074572 2.162542 0.893133 0.953403 0.208903 0.589488 0.177495 0.146834 -0.043341 
0.984379 1.009218 0.835423 1.664357 1.427281 1.225217 0.993666 1.261068 0.886084 0.097415 0.229304 -0.053651 
1.090102 1.388765 1.787664 1.399537 1.242922 -0.121056 0.996276 0.023403 0.823738 0.283608 0.088384 -0.036271 
0.736196 1.873647 1.752867 0.897873 0.407775 1.496973 0.813430 0.782082 0.472002 0.101348 0.028062 -0.056311 
1.355307 1.149992 1.113936 1.564216 1.304721 1.991690 0.697030 1.151750 0.569602 -0.118697 -0.197633 0.042678 
1.518757 0.380035 1.269592 2.142623 1.695529 1.216961 0.376665 0.533317 0.499053 0.192941 0.057665 0.017792 
1.667762 1.214037 1.822157 0.695236 0.923305 0.270667 1.462629 0.416969 0.107189 0.249423 -0.161227 -0.042889 
4.105271 0.193280 1.293223 0.831139 0.871062 0.484953 1.013472 1.103959 0.258612 0.211942 0.103175 -0.022551 
4.404244 2.320946 1.561025 1.046517 0.596911 0.469847 0.401032 0.659132 0.807595 0.518634 0.204553 0.044962 
5.980931 0.842867 1.685729 0.928820 1.193367 1.241896 1.024384 0.743627 0.573231 -0.151419 -0.207448 -0.008134 
4.341309 4.045434 3.875502 2.372553 1.519389 0.499370 0.331682 0.195840 -0.094929 -0.089395 0.158185 0.036273 
3.270806 2.359036 3.164891 1.862116 1.956933 1.527840 0.658972 1.243551 0.690980 0.243348 0.132941 0.040371 
3.734964 2.480484 3.397501 2.968862 2.320536 1.135412 0.916301 0.364124 0.704795 -0.091077 0.127594 0.037445 
3.273884 1.648191 2.447079 2.182171 1.508230 0.831295 0.474421 0.738709 0.339563 0.157814 -0.142240 -0.038023 
2.767314 1.181998 2.313859 1.077024 1.333102 0.912188 0.417128 0.966606 0.229388 0.493747 0.145468 -0.009713 
2.573520 1.127806 1.917721 0.989293 1.204366 0.599703 1.166402 0.754310 1.130225 0.408479 0.169613 -0.001169 
2.379526 0.395851 2.254587 0.804069 0.672969 0.607238 1.370223 0.837449 0.232673 0.315603 0.010627 -0.028639 
2.822264 0.333848 1.754679 0.485619 1.014544 -0.223786 0.724123 0.736297 -0.013527 0.611793 0.311379 -0.016096 
2.418696 0.514190 2.064789 0.914786 1.717972 0.395048 0.534720 0.869609 0.036452 0.139111 0.143822 -0.034130 
2.709476 0.203118 2.171985 0.537025 1.777521 -0.196051 1.280199 0.953044 0.847547 0.554049 0.112063 0.034324 
2.684063 0.744970 2.640246 0.530416 1.153908 0.915942 1.586890 0.996757 0.283357 0.498803 0.151678 -0.007891 
2.539603 0.568225 2.533595 0.986640 1.223906 0.861880 0.246133 0.355528 0.651667 0.225080 0.372799 0.035345 
-1.#IND00 -1.#IND00 -1.#IND00 -1.#IND00 -1.#IND00 -1.#IND00 -1.#IND00 -1.#IND00 -1.#IND00 -1.#IND00 -1.#IND00 -1.#IND00 
-1.#IND00 -1.#IND00 -1.#IND00 -1.#IND00 -1.#IND00 -1.#IND00 -1.#IND00 -1.#IND00 -1.#IND00 -1.#IND00 -1.#IND00 -1.#IND00 
