2.819871 1.050100 2.328860 0.953246 1.396074 0.418940 1.260764 1.185681 0.650266 0.849574 0.141362 -0.011455 
2.508035 0.707748 2.493764 1.101306 0.938979 0.974448 1.022231 1.837165 0.202512 0.292743 0.218646 -0.044193 
2.455629 1.531803 2.978257 0.990619 1.093610 0.718935 0.883017 1.191083 0.252499 0.301138 0.543598 -0.003786 
2.589459 1.223512 2.655139 -0.012066 1.970028 1.427225 1.200695 0.772984 -0.111753 0.150264 -0.094619 -0.038039 
2.808988 1.324464 2.039662 0.967563 1.511329 1.520088 0.572265 0.865005 0.720145 0.620890 -0.165174 -0.049576 
2.288848 0.859591 1.879828 0.578875 1.481169 0.979179 1.613501 0.934748 0.419865 0.383584 0.222827 -0.036318 
2.503094 0.844935 2.685526 1.203552 1.630220 1.116321 0.640355 1.616839 0.321228 0.266091 0.135726 -0.039727 
2.500547 0.829094 2.319287 0.746172 1.313946 1.384723 0.994393 0.718954 0.335518 0.122553 -0.015465 -0.002747 
2.402279 0.713957 1.798711 0.449504 1.181318 1.180412 0.904976 0.413228 0.665119 0.476615 -0.022235 -0.045343 
2.442007 0.595884 2.046632 0.274878 1.632522 1.337149 1.231618 0.369244 0.081375 0.456863 -0.058986 -0.076404 
2.464745 0.905867 3.115209 1.705491 1.414976 0.848841 1.175214 1.352544 0.554880 0.281038 -0.060514 0.021281 
2.721346 0.935048 2.344355 1.188083 2.277735 0.609419 0.522744 1.806422 0.571042 0.136051 0.199230 0.000672 
2.321858 0.412809 2.535171 0.454228 2.354613 0.957531 1.438437 1.282809 0.682317 0.558552 -0.041162 -0.014384 
2.282881 -0.916440 3.077727 1.242612 1.889506 0.731746 0.699211 1.002394 0.448097 0.382225 0.166480 -0.083518 
-0.513784 -2.273646 2.848447 0.637833 -0.004223 0.305360 0.750885 -0.329881 0.103680 0.949423 0.133207 0.055516 
-0.527829 -1.680583 3.221797 1.072473 -0.073546 0.322252 1.453837 -0.558244 -0.283770 0.880249 0.050186 0.008133 
-0.805395 -0.946088 3.898189 0.178858 0.413323 0.370940 0.572093 -0.180884 -0.130708 0.466872 -0.062947 0.059917 
-0.007559 -0.707127 2.931863 0.161176 0.147593 1.412415 1.868258 0.081159 0.564922 -0.223885 -0.087272 0.060140 
0.208424 -0.251867 3.460923 0.752417 0.004144 2.009546 1.329030 0.305234 0.712168 -0.093071 -0.022952 0.035487 
1.039074 1.000019 1.344240 1.381747 0.635988 1.219159 1.410322 -0.025586 0.539574 0.262055 0.088070 -0.030478 
0.471008 0.858177 2.256381 1.258244 1.182468 1.766551 1.230913 1.125769 0.525601 0.075293 0.042837 -0.038781 
0.564742 1.360630 2.179106 0.722890 1.145320 1.505019 0.975700 0.982281 0.801548 0.365213 -0.088097 -0.046438 
0.491858 1.099873 0.760812 1.522110 2.112577 2.189769 0.853001 1.115913 1.020671 -0.079871 -0.089010 -0.013201 
0.674177 1.733177 1.179099 1.555125 1.283823 0.830911 1.358884 0.528880 0.560591 0.420994 0.013614 -0.040816 
1.091816 1.278672 1.058796 1.633693 1.227806 1.421108 1.430077 1.128440 0.229943 0.421586 -0.021959 -0.040386 
1.081189 0.409484 1.751720 1.404670 1.692772 1.284498 1.303495 1.000180 0.616061 0.146223 -0.164658 -0.024261 
0.398163 1.263458 0.982936 1.427522 1.483031 1.868618 1.724554 0.821269 0.333335 0.722731 -0.165123 -0.086067 
1.210401 0.955010 1.718887 1.325538 1.453584 1.576220 0.500289 1.367207 0.426123 0.437660 0.173608 -0.090418 
0.712172 1.237906 1.108938 1.587240 1.782328 1.128251 0.813746 0.333261 0.742830 0.411808 0.149599 -0.105973 
0.735167 1.403313 1.670756 1.064426 1.191270 2.241541 0.020580 1.036867 0.548860 -0.118694 -0.082080 0.002722 
1.036215 1.240956 1.229317 1.730107 0.558849 1.225715 0.567757 1.508959 0.062369 -0.204107 0.023993 -0.039870 
0.917115 1.394531 1.983673 1.037848 1.423261 1.148232 1.224886 0.025092 -0.138101 0.110425 0.198970 -0.088563 
0.998976 1.328976 0.783729 2.150119 2.044283 0.176323 0.457592 1.048795 0.376847 0.288136 -0.119521 0.034317 
2.701816 -0.001265 0.962408 1.405287 1.842432 1.283902 0.666907 0.407830 0.430026 0.408958 -0.218440 -0.022000 
5.530751 0.054125 0.908834 0.875996 0.933567 0.157296 1.120975 0.487833 0.200149 0.260843 0.335009 0.125447 
6.221833 4.085973 4.183449 1.752222 0.627158 -0.606576 0.594707 1.979712 0.337062 -0.058219 0.274601 0.055257 
4.898473 3.783969 5.061615 3.286267 2.540875 0.290624 0.342340 0.800055 0.295703 0.415982 0.053410 0.048177 
4.186854 3.507710 4.335248 2.706335 2.757975 1.097203 1.400297 1.588514 0.655781 0.474423 0.073894 0.036379 
2.695872 2.291462 1.733280 1.585670 1.467045 0.837929 0.963048 0.944882 0.362643 0.215895 0.114371 0.021007 
2.551630 2.025406 1.650741 1.213975 1.383794 1.172389 0.455256 0.482781 0.223041 0.223048 0.152491 0.002595 
2.578818 1.406914 2.243366 1.085390 1.367356 0.839284 1.186367 1.494290 0.750149 0.518855 -0.074014 0.004868 
2.901738 1.544495 2.691523 1.264168 2.157891 1.070242 1.275742 0.879785 0.848788 0.734295 0.423987 0.058020 
2.629838 1.523969 2.789023 1.009476 1.251376 0.980224 0.309435 0.106758 0.873318 0.331922 0.164129 0.034206 
2.478192 0.939610 1.709578 0.713945 1.580252 0.758805 0.352811 0.477022 0.278891 -0.203294 -0.072520 0.019977 
2.583512 0.959415 2.042183 0.740296 1.682491 1.128616 -0.391606 0.875544 0.434540 0.022881 -0.086213 0.001691 
2.628078 1.275525 3.002481 1.766946 1.259252 0.566265 0.499407 1.240986 1.097651 0.450141 0.407673 0.057557 
2.463516 1.602195 2.829318 1.091231 1.350953 1.277673 0.653003 0.154582 -0.095861 0.117316 0.588722 0.015092 
2.901314 1.529989 2.622737 1.137036 1.624432 -0.107285 0.354441 0.657693 0.721478 0.004726 0.531886 0.087234 
-1.#IND00 -1.#IND00 -1.#IND00 -1.#IND00 -1.#IND00 -1.#IND00 -1.#IND00 -1.#IND00 -1.#IND00 -1.#IND00 -1.#IND00 -1.#IND00 
-1.#IND00 -1.#IND00 -1.#IND00 -1.#IND00 -1.#IND00 -1.#IND00 -1.#IND00 -1.#IND00 -1.#IND00 -1.#IND00 -1.#IND00 -1.#IND00 
