1.895145 1.178268 2.400398 0.358712 2.906827 -1.177239 1.835077 0.650593 0.136275 0.994367 -0.056195 0.044731 
2.424829 0.409471 2.193132 0.799354 1.048874 1.184117 1.291389 1.052282 0.157617 0.633005 0.144798 -0.032512 
2.707455 0.813109 2.836169 1.017322 0.790838 -0.891999 0.036513 1.110965 0.149125 0.484772 0.504523 0.026989 
2.311468 0.621300 2.005926 1.004474 1.719188 0.892403 0.994317 1.441430 0.600253 0.390798 0.354923 -0.024934 
2.670279 0.502326 2.208612 0.823267 1.388518 0.518644 1.139386 0.554152 0.179245 0.141322 0.291649 0.038013 
2.425321 0.968041 2.317715 1.087271 1.443387 0.992080 0.570792 0.638380 0.940963 0.413730 0.109580 0.031767 
2.573383 -0.973061 0.729340 1.597655 2.870914 0.071781 -0.867922 -0.293142 1.423928 0.724154 0.003480 -0.062639 
2.517753 0.554625 2.080941 1.286094 2.343395 0.428671 0.520423 0.148117 0.150374 0.575499 -0.008936 -0.028598 
2.752292 0.959109 2.277813 0.025623 2.075476 0.721562 0.195188 0.856848 0.396844 0.425097 0.274513 0.008809 
2.287937 1.041309 2.145437 1.022221 1.539511 0.116373 0.699789 1.157115 0.527917 0.175085 0.103729 -0.010314 
2.422362 0.619780 2.507563 0.919294 2.165733 0.444293 0.980981 1.186489 0.545125 0.356739 0.190701 0.026727 
2.368451 0.751905 2.307428 0.623893 2.275616 0.382840 1.225563 1.424015 0.566187 0.574803 0.138498 0.007087 
2.546679 1.846708 1.161505 0.686558 1.026081 1.321482 0.557573 -0.556703 -0.479035 -0.067062 0.020482 0.014073 
2.195541 0.506708 1.707591 1.295800 0.805152 -0.288184 0.865742 0.155164 0.706116 0.089811 0.365902 0.003613 
1.804904 0.110090 1.545834 1.246401 1.189764 0.786809 1.402163 0.902757 0.539908 0.068403 -0.013947 -0.036028 
1.391381 0.770013 1.162199 1.220930 1.964539 1.577550 0.878588 0.145869 0.310602 0.893004 -0.194498 -0.021611 
0.748396 0.963145 1.520127 1.158818 1.958541 1.951404 1.398909 0.767985 0.011110 -0.113180 0.159324 0.015147 
1.051622 1.434056 2.066256 1.390360 0.334807 1.223307 0.088379 0.670520 0.700479 0.210459 -0.100583 0.002533 
0.592818 1.111935 1.912464 0.961372 0.234656 1.485626 1.238713 0.962200 1.168297 0.157937 -0.059629 -0.078676 
1.190924 0.275258 1.316060 1.654219 1.204345 1.144069 1.556703 0.441057 0.291911 0.137694 0.044711 -0.043508 
1.324784 0.686122 1.062832 1.426104 0.760501 1.731509 1.932033 0.458447 0.670514 0.100392 -0.136176 -0.059372 
0.813172 1.326760 0.211095 1.606045 1.282296 1.010191 1.403189 1.325972 0.635704 0.568701 -0.130908 -0.104438 
0.553185 0.740893 0.946806 1.523700 1.776118 2.216946 0.607856 1.202176 0.892670 0.190265 -0.194940 -0.058479 
1.079373 0.275775 1.574098 1.109526 1.221182 2.133295 1.803115 0.785790 0.591989 0.300198 -0.302697 -0.020984 
0.793599 0.589553 1.586553 1.479284 1.758134 1.071501 1.115820 0.850118 0.585323 0.185983 -0.028163 -0.074831 
0.689020 1.419684 0.990462 1.241656 1.762990 1.204499 1.751307 0.218625 0.638319 0.274042 -0.049574 -0.066782 
1.121230 1.152778 0.954021 0.531462 1.909420 0.719971 1.700625 0.256241 0.291524 0.115503 -0.045844 -0.044881 
1.048955 0.943906 0.968104 1.968864 0.964982 1.284114 1.255321 0.805059 0.768945 0.441633 -0.041815 -0.065641 
1.025741 0.942108 1.146912 1.721226 0.963279 1.486498 0.359873 0.807670 0.322652 0.276033 0.211703 -0.135943 
0.850173 1.174830 0.515826 2.453446 0.969822 1.179826 1.966996 0.140832 0.346689 0.049319 -0.042989 -0.064395 
0.954928 0.724836 2.086701 1.320999 0.386001 2.057636 0.651315 0.322881 0.756029 0.199068 0.128148 -0.111859 
1.262699 0.662471 1.242746 2.106255 0.555846 1.796816 0.457388 1.241770 0.462075 0.418200 0.054396 -0.063704 
2.439563 0.701469 1.123911 1.127542 1.181507 1.039809 0.782857 0.269471 0.389873 0.444636 0.087413 0.011392 
5.245344 0.918164 -0.052166 1.559259 0.786565 0.019484 0.992376 1.196592 0.610783 0.116280 0.074818 0.034793 
4.592655 1.949245 -0.312767 0.199973 1.498095 1.350601 0.634476 0.684576 0.894745 0.573463 0.068582 -0.056230 
3.624448 1.179682 1.140784 1.555451 1.551274 0.293903 0.135402 0.244589 1.011886 0.316573 0.243647 0.044647 
3.951391 2.588664 4.241391 2.532589 3.065070 0.430909 0.870894 0.849217 0.076649 0.128324 0.198663 0.045005 
3.720353 2.690035 4.484797 2.368887 2.305280 1.282055 0.431975 1.201850 0.420033 0.001981 0.275228 0.045388 
3.181662 2.398927 3.193643 2.666143 2.837590 1.523001 1.342961 1.579393 0.052465 0.116187 0.209043 0.037847 
2.820967 1.603393 3.053171 1.740739 2.320920 1.622848 1.588523 1.545416 0.754764 0.662066 0.191427 0.068263 
2.665066 1.541254 2.318494 1.130991 1.668891 1.453525 1.323493 1.250003 0.827984 0.658976 0.078618 0.022938 
2.504114 1.197796 2.140476 0.646227 1.294675 0.663254 1.227126 0.915116 0.379645 0.434535 0.143967 0.003728 
2.653220 1.511464 2.278649 1.409593 1.802235 0.780839 1.015051 0.877622 0.189948 0.727553 0.430215 0.011423 
2.611656 1.110731 2.079179 0.487618 0.919338 0.129838 0.974733 1.049919 0.821646 0.665499 0.272529 0.003300 
2.403510 1.464323 1.805053 0.236729 1.304259 0.794659 0.464589 1.061042 0.967572 0.382812 0.073098 -0.008896 
2.872863 0.839052 1.727488 1.082950 1.526122 0.304903 0.540808 0.791394 0.506215 0.546588 0.454942 0.005162 
2.630715 0.693896 2.497146 -0.009023 1.271065 0.550188 0.702416 0.397525 0.187665 0.382064 0.143139 -0.005290 
2.935097 1.331270 2.754720 0.688477 1.071923 0.359457 0.415832 0.603808 0.458760 0.057603 0.033348 0.020896 
-1.#IND00 -1.#IND00 -1.#IND00 -1.#IND00 -1.#IND00 -1.#IND00 -1.#IND00 -1.#IND00 -1.#IND00 -1.#IND00 -1.#IND00 -1.#IND00 
-1.#IND00 -1.#IND00 -1.#IND00 -1.#IND00 -1.#IND00 -1.#IND00 -1.#IND00 -1.#IND00 -1.#IND00 -1.#IND00 -1.#IND00 -1.#IND00 
