3.278800 0.541228 0.928846 0.257810 1.017362 1.435792 1.614839 0.821930 0.368441 0.547688 0.150541 -0.007588 
3.512827 0.606186 1.219538 -0.445414 1.347796 1.302884 1.313029 0.483997 0.819169 0.742745 0.166809 0.003466 
3.345362 0.309919 0.715303 -0.023660 1.045077 0.823674 0.417253 0.760542 0.086359 0.240668 0.258753 0.026727 
3.175390 0.422087 0.918768 -0.580959 1.545185 0.450381 0.387688 1.228215 0.454993 0.596732 0.177908 -0.019852 
3.233630 1.164918 1.271752 -0.696650 1.609499 1.147075 0.666454 0.786759 0.205776 0.337040 0.182399 0.003919 
3.193257 0.758434 0.663528 -0.045056 1.352973 0.930324 0.912565 1.007201 -0.402030 -0.247814 0.056416 0.061133 
3.233482 0.562065 0.919211 -0.008173 2.088688 1.438710 0.836626 0.897399 0.013706 0.392055 0.120469 -0.017707 
3.307609 0.832966 1.357721 -0.610499 1.549382 0.918289 1.198367 0.348217 0.056299 0.211185 -0.086080 0.015267 
3.653665 0.747530 0.927655 0.223516 1.667730 1.395532 1.768271 1.058776 0.388166 0.102002 -0.022162 -0.009032 
3.921129 1.100146 1.429564 0.055224 1.782467 0.928215 0.807262 1.376852 0.460967 -0.283592 0.280499 0.088978 
3.885434 0.793362 1.419267 -0.081917 1.644069 1.194096 0.714533 1.196654 0.486508 0.394262 0.112669 -0.037542 
3.926175 1.025828 0.846227 -0.464564 0.808240 0.984416 0.722380 0.988231 0.246462 0.003537 0.207165 0.024479 
3.847529 1.610451 1.516529 0.558312 1.370604 1.215968 1.027045 1.351574 0.101349 0.177947 0.323977 0.044826 
3.609211 1.184934 1.081880 -0.503673 1.824617 1.228031 0.230646 1.156936 0.195608 -0.054114 0.118157 -0.041473 
3.775773 1.166948 1.054997 -0.067811 0.488129 0.679280 1.115285 0.801862 0.045578 0.197707 0.245832 0.009934 
3.463367 1.514442 1.284210 -0.010347 1.653374 0.656897 0.638647 0.783426 -0.098676 0.589175 -0.058837 -0.047899 
3.555227 1.280737 1.187145 -0.481965 0.962392 0.294182 0.562502 1.127389 0.143230 0.198063 0.223218 0.015658 
3.632188 0.986001 0.917064 -0.135729 1.410290 1.172165 0.778567 0.855627 0.026452 0.471713 0.118427 -0.012335 
3.572438 1.283974 1.269093 -0.567217 1.571359 1.020879 0.535149 1.312176 0.170201 0.044384 0.198770 -0.011777 
3.679243 0.486438 0.394664 -0.268953 1.309997 0.393946 0.656565 1.230612 -0.119203 0.217072 0.055841 -0.049855 
3.462902 0.339927 1.284528 -0.638346 1.097321 0.704180 1.293699 0.818984 0.663146 0.111951 -0.030591 -0.027561 
1.987140 0.781792 -0.166433 0.478748 0.467358 0.411938 0.852853 -0.224306 0.035766 0.022012 0.005921 0.015656 
1.512872 0.476610 -0.163257 0.835507 0.911997 0.929263 1.023453 0.675801 0.255309 -0.135296 -0.310882 -0.137094 
1.285645 0.582357 -0.384686 -0.162384 0.995987 1.446442 -0.118321 0.528709 -0.223658 -0.351312 -0.466332 -0.180222 
1.508825 1.292404 -0.718299 0.362794 1.232268 0.878427 0.193334 -0.040304 0.485075 -0.390783 -0.444305 -0.141330 
1.281097 0.487201 -0.206439 0.626944 0.960147 1.185450 0.218424 0.728418 0.287746 0.020332 -0.293077 -0.164462 
1.041749 0.441294 -0.401020 -0.046506 1.854723 0.864708 0.103891 0.856842 0.416220 0.159233 -0.300138 -0.214241 
1.874100 0.724174 -0.306041 -0.278590 1.330827 0.932845 0.745500 0.013605 0.252582 -0.044999 -0.290523 -0.012847 
1.396263 0.422484 0.377135 0.193821 1.235120 1.198218 0.960394 0.892511 1.015637 -0.036783 -0.313685 -0.074721 
1.186286 0.919548 0.792693 0.815850 0.615085 1.100739 1.294747 0.911368 0.534080 0.155038 -0.126930 -0.077916 
0.807861 1.195906 1.557694 1.592594 0.946558 1.088741 1.200413 0.424772 0.895578 -0.106220 0.025566 0.013817 
1.019582 1.170976 0.555444 0.906572 2.325085 1.925913 1.475965 0.305935 0.274068 0.816161 -0.135129 0.022456 
0.573028 0.816933 1.392345 1.411561 1.662046 2.177648 1.143883 0.740513 0.936891 0.071109 -0.041049 0.017292 
0.960041 0.214584 1.132834 1.670638 2.317935 1.767703 1.329990 0.662998 0.758671 0.448066 -0.188475 0.017228 
1.353028 0.578678 1.192062 1.604339 1.429550 1.067360 1.259900 0.894526 0.972269 -0.024225 0.151930 -0.013611 
2.158049 0.084125 2.032602 1.219717 1.040446 0.773843 0.887151 0.183977 1.024774 0.064713 0.276956 0.030286 
2.583972 -0.050950 1.661257 0.135838 2.086985 0.910316 1.302078 0.156148 0.606126 0.356366 -0.135055 0.056691 
4.570397 -1.674509 2.886713 0.108910 1.514200 1.249127 0.852029 1.389548 0.302510 -0.102005 0.335178 0.118131 
4.770946 0.849492 -0.572789 1.018595 1.340373 0.969108 1.309347 1.222252 0.597264 0.234983 0.237938 0.055291 
4.358664 1.738080 -0.146238 0.531445 1.427278 1.035951 0.366608 0.750783 0.653570 -0.194552 0.038202 0.013595 
4.535487 1.514721 -0.535601 0.191294 1.146633 0.772116 0.585051 0.936220 0.689001 0.094483 0.279627 0.070636 
6.922347 4.779656 3.742730 1.739335 -0.490655 -1.162500 0.315369 1.836374 0.434979 0.194529 0.334324 0.087547 
4.471301 4.123901 4.044372 4.091681 2.334228 0.630270 0.620904 0.656744 -0.110778 -0.109139 0.141871 0.039094 
3.644478 3.286715 3.235588 3.107191 2.654419 2.096382 1.569088 0.864155 0.563838 0.283214 0.177121 0.046163 
3.973694 3.088913 3.288952 2.899779 2.387655 2.030797 2.270502 2.013441 0.635926 0.074553 0.200315 0.065739 
3.094254 2.160419 1.831754 1.761763 1.966201 1.901987 1.626025 1.199115 0.791492 0.479925 0.185105 0.061318 
2.684216 1.797942 1.394566 0.828579 1.436062 1.157447 0.921886 0.970323 0.816289 0.306380 0.126023 0.009314 
3.261163 0.623215 1.262065 0.437337 1.876906 1.697339 1.022060 1.270017 0.757675 0.332872 0.269540 0.002968 
-1.#IND00 -1.#IND00 -1.#IND00 -1.#IND00 -1.#IND00 -1.#IND00 -1.#IND00 -1.#IND00 -1.#IND00 -1.#IND00 -1.#IND00 -1.#IND00 
-1.#IND00 -1.#IND00 -1.#IND00 -1.#IND00 -1.#IND00 -1.#IND00 -1.#IND00 -1.#IND00 -1.#IND00 -1.#IND00 -1.#IND00 -1.#IND00 
