2.635854 -1.270140 -0.253084 0.477294 1.835328 -0.915092 0.605060 0.176056 0.832741 0.075484 -0.422991 -0.086945 
3.395017 0.649599 0.822288 -0.976549 0.694542 0.156966 1.112485 1.117102 0.345043 0.119295 -0.113577 -0.020436 
3.127183 0.239497 0.352481 -0.636886 0.645734 0.554070 0.710460 0.845487 0.099918 0.403524 0.039126 -0.018904 
3.040010 0.255153 1.120981 -1.137641 0.952201 1.447673 0.643529 1.010283 0.292278 0.084924 0.203771 -0.021761 
3.197244 -0.019922 0.220084 -1.445867 0.812098 0.941967 0.939554 0.621669 0.500771 0.170618 0.051157 -0.015859 
3.195467 0.183174 1.090247 -1.135107 1.147795 1.531483 1.760056 1.100550 0.061132 0.241752 0.239498 0.000418 
3.416700 0.348644 1.482145 0.122672 0.979707 0.762571 0.959388 1.261767 0.199122 0.567906 0.155426 -0.045183 
3.168825 0.438825 1.444337 -0.499855 0.624538 -0.012829 0.493497 1.307074 0.157266 0.149530 0.019520 -0.005855 
3.350161 0.436644 0.929900 -0.473870 1.599278 -0.105073 0.767914 0.891880 0.560932 0.331041 0.125883 0.036519 
3.320051 0.409488 0.911743 -0.260987 0.909045 0.453639 0.098934 0.397091 0.336861 0.439019 0.173868 0.011865 
3.018872 0.224492 0.156132 -0.702551 1.425779 1.022046 0.489010 0.581990 -0.195270 0.219617 -0.044611 -0.022318 
3.170406 0.268514 0.451706 -0.669165 0.897003 0.233588 0.592166 0.654251 0.294673 0.213874 0.239638 0.064523 
3.448876 0.086185 1.353571 -0.470850 1.393110 0.773876 0.937886 0.693778 0.214827 0.102944 0.106669 0.056559 
3.318357 -0.201060 0.181826 -0.666357 0.370644 0.300993 0.052170 0.322042 0.021198 0.371498 0.230257 0.032379 
3.424593 0.525542 0.693390 -0.678103 1.849387 1.824590 0.869973 0.860543 0.330754 0.289710 0.184248 0.017630 
3.253515 0.169060 0.701241 -0.412548 0.863037 1.819851 0.969239 0.635621 0.255994 0.095960 -0.083615 0.011884 
3.233102 0.567230 1.225144 -0.810672 0.837871 1.189178 0.394891 0.231256 0.258694 0.517538 0.091119 0.008689 
3.058289 0.118135 0.342019 -0.787389 1.256145 0.883886 0.888663 0.936985 0.742200 0.214395 0.056839 -0.082743 
3.230374 0.497166 0.137888 -0.476409 1.254529 0.193527 0.391843 0.723904 0.159225 0.298249 0.393090 0.078774 
3.322917 0.359854 1.408410 -0.268651 1.546992 0.505308 1.228101 -0.037375 0.454399 0.774244 0.317486 0.050438 
3.139330 0.151078 0.928804 -1.164022 1.512282 1.179422 1.141619 1.076482 0.083998 0.077847 0.236126 -0.014746 
1.913400 0.175099 0.946246 -0.036666 -0.393810 -1.303801 0.266822 -0.117868 -0.084017 0.553455 -0.233841 -0.122341 
1.059154 0.648127 -0.165042 0.566172 1.075093 1.121425 1.817277 1.216792 0.356005 0.498521 -0.198956 -0.221959 
1.061016 1.007854 0.091293 0.971039 1.116947 1.321407 1.033634 0.543341 0.518689 -0.026774 -0.403117 -0.119649 
1.468284 0.997145 0.119741 0.293092 0.897371 0.944873 1.673077 0.853137 0.059135 -0.083588 -0.251416 -0.113779 
1.385456 0.919964 -0.047396 -0.118045 0.515929 1.374579 0.405464 0.900433 -0.136596 0.054648 -0.362651 -0.122359 
1.540429 0.422376 -0.621273 -0.126296 1.683007 0.988165 0.587798 0.289025 0.599513 -0.162008 -0.466212 -0.177665 
1.293934 0.722761 -0.488694 -0.356666 1.902835 1.530626 0.339154 0.540543 1.043783 -0.065173 -0.274605 -0.139776 
1.624521 0.349627 -0.306934 -0.189466 1.347045 1.139938 1.324427 0.458541 0.531082 0.148496 -0.265732 -0.109197 
1.265991 0.886839 -0.274773 0.353953 0.386514 1.157765 1.343344 0.444364 0.860953 -0.094270 -0.368377 -0.121836 
1.556518 0.955485 -0.051892 0.638440 1.595749 0.835231 0.810396 0.838609 0.522518 0.359819 -0.230604 -0.090537 
1.176400 1.218287 0.729144 1.309946 0.329736 1.445336 0.860094 1.426071 0.397320 0.184210 0.097072 -0.096036 
0.757831 1.159096 1.248257 1.061472 1.267742 1.332649 1.763646 0.585641 0.869996 0.387584 -0.013485 -0.103435 
0.428842 1.042498 1.434975 1.542189 1.967680 1.537586 0.990285 1.642765 0.634459 0.028757 0.006466 -0.033380 
0.242561 1.465427 1.453115 1.624351 1.609032 1.571133 1.391112 0.426356 0.919866 0.180321 0.027752 -0.046158 
0.516716 1.319607 1.386246 2.071257 1.057155 1.097637 1.776555 0.910198 0.763059 0.273710 -0.107617 -0.010059 
0.834133 1.030776 0.852236 1.439056 1.411828 1.771956 1.560086 0.513590 0.439468 0.615141 -0.027207 -0.056898 
1.064356 0.855791 0.941960 1.376590 1.661394 1.457324 1.129830 0.967450 0.480990 0.109210 0.059365 -0.011571 
1.295241 0.848227 0.969490 1.142464 1.423130 0.822945 1.367071 1.129760 0.922284 -0.119508 0.052306 -0.014804 
1.539492 0.260024 1.589340 1.103011 1.812040 1.600258 1.463165 0.835553 0.280575 0.182039 0.150715 -0.031198 
4.095634 -0.157376 -0.027630 1.566056 0.910345 1.293983 1.183275 0.628676 0.957187 0.434904 0.219439 -0.008080 
6.471881 1.550927 -1.206390 0.671057 1.649695 0.695179 0.556332 1.148375 1.108166 0.301612 0.060741 0.051149 
7.151231 4.968651 1.132073 -1.355083 0.009232 1.195107 0.684219 0.930745 0.266260 -0.145420 -0.060851 -0.018887 
4.541842 3.611034 1.893228 0.430762 0.120489 0.658711 1.134766 0.992682 0.406902 -0.051027 -0.016527 -0.043159 
3.286892 2.836907 2.316628 1.635255 1.027498 0.592342 0.392255 0.326069 0.379345 0.388215 0.296706 0.043370 
3.050222 2.622492 2.285614 1.817040 1.300709 0.795019 0.363604 0.122557 0.089877 0.089619 0.107180 -0.002721 
3.305926 2.928409 3.003559 2.723023 2.042879 1.738889 1.305092 0.938309 0.639837 0.364120 0.166075 0.056768 
3.085023 2.489844 2.371690 2.204318 1.945070 1.398147 1.299777 0.856805 0.385321 0.304138 0.120115 0.038394 
-1.#IND00 -1.#IND00 -1.#IND00 -1.#IND00 -1.#IND00 -1.#IND00 -1.#IND00 -1.#IND00 -1.#IND00 -1.#IND00 -1.#IND00 -1.#IND00 
-1.#IND00 -1.#IND00 -1.#IND00 -1.#IND00 -1.#IND00 -1.#IND00 -1.#IND00 -1.#IND00 -1.#IND00 -1.#IND00 -1.#IND00 -1.#IND00 
