3.225701 0.459026 0.467753 -0.972153 1.065137 1.137949 0.918532 1.046525 0.410605 0.089642 0.128352 -0.025924 
3.418007 0.392963 1.033108 -0.395349 0.869031 0.226485 0.789746 0.968163 0.437277 0.388331 0.170228 -0.011283 
3.347180 0.829755 1.091018 -0.900242 0.621123 0.671251 1.412829 0.839552 -0.058525 0.107844 0.138226 0.016179 
3.550731 0.406574 1.026421 -0.353994 1.184931 1.057579 1.172685 0.716722 0.440456 0.122718 0.207450 0.026503 
3.628763 0.474998 0.713751 -0.797034 0.760565 1.261013 -0.036684 0.977513 0.314251 0.165619 -0.098236 -0.050762 
3.305062 0.647320 0.872394 -0.482057 0.899532 1.830365 1.161065 0.853408 0.392531 0.262472 -0.104650 -0.033010 
3.541268 0.418153 1.155535 -0.239217 1.948507 0.937616 1.365932 0.620207 0.528288 0.404876 0.051942 0.007488 
3.293025 0.205189 0.976886 -0.585319 0.598408 1.077507 0.721755 0.352410 0.205946 0.343347 0.125118 0.016533 
3.285246 0.761924 1.264093 -0.170596 1.012409 1.300975 0.942322 0.288810 0.438342 0.310970 0.134798 0.019083 
3.285451 0.289132 1.031517 -0.564719 0.651139 0.850401 0.730065 0.564938 -0.055826 0.448248 0.000791 -0.007388 
3.115675 0.549984 0.360014 -0.768456 0.226541 0.965534 0.880786 0.220115 0.110936 0.321310 -0.070877 -0.022102 
3.159318 0.887344 1.211474 -0.610756 1.539500 1.150335 0.713005 0.695119 0.377212 0.321845 -0.013313 -0.028393 
3.126206 0.426193 0.994805 -0.367201 0.702013 0.844328 1.069671 0.652794 -0.135834 0.065931 -0.000327 0.005891 
3.023221 0.454239 0.565839 -0.931702 1.310672 1.344772 0.504675 0.595296 0.238797 0.349051 0.158367 -0.009034 
3.303275 0.538804 1.260780 -1.143674 0.847086 1.297098 0.557183 0.344040 0.100999 0.092612 -0.059504 0.014457 
3.255934 0.436230 1.418841 -0.486782 1.318596 0.968313 1.103933 0.692623 0.447992 0.584024 0.162693 -0.009249 
3.296593 0.405100 1.341069 -0.467524 0.940341 0.573387 0.750569 0.208444 -0.050862 0.411194 0.086217 0.023555 
3.199300 0.695414 0.568058 -0.598025 0.523982 0.664807 0.418072 0.637703 -0.036781 0.128197 -0.020005 -0.021338 
3.281295 0.382978 0.917739 -0.365061 1.628260 1.786298 1.032306 0.248345 -0.001071 0.443704 0.140141 0.009504 
3.361037 0.120882 1.234121 -1.261210 1.548385 0.865064 0.719024 0.431492 0.243364 0.003661 0.127498 0.052129 
3.057799 0.249294 0.658674 -0.786670 0.260767 0.795504 0.504926 0.619878 0.353260 -0.215675 0.100120 -0.017428 
1.173394 1.210055 -0.443411 0.799979 0.471428 0.723321 1.811749 0.184979 1.074323 0.603740 -0.050094 -0.199453 
1.467888 1.038196 -0.094037 0.738301 1.396540 0.985221 0.550061 0.962610 0.580400 0.083632 -0.343172 -0.143191 
1.663038 0.700421 0.051178 0.369798 0.587942 0.981952 0.850426 0.470471 0.632640 0.076139 -0.487449 -0.153650 
1.295400 0.710889 0.523461 0.177518 0.947795 0.921084 0.571267 0.241380 0.465024 -0.044873 -0.526028 -0.107020 
1.806748 0.746461 -0.430379 -0.175126 1.400064 1.136447 -0.191789 0.605513 0.234230 -0.015903 -0.375641 -0.159231 
1.323243 0.941887 -0.572896 0.470902 0.620487 0.947247 0.165077 -0.076808 0.622336 -0.010250 -0.641564 -0.120550 
1.585372 0.405865 -0.480700 0.938339 -0.543041 0.756105 0.611781 0.642467 0.354709 0.105663 -0.537070 -0.183698 
1.046388 0.981278 0.112743 0.699549 0.744061 0.643808 0.860144 1.403744 1.096821 0.021219 -0.588555 -0.110534 
1.268652 1.319537 0.292035 0.961239 0.518303 1.964952 1.039252 0.945621 0.779602 0.271346 -0.335518 -0.060745 
0.984500 1.448795 0.583135 1.131628 1.091598 1.309550 0.836386 1.505608 0.326015 0.380137 0.180670 -0.125736 
1.473447 0.303796 1.389031 0.508898 1.910476 1.614824 1.589414 0.761175 0.211385 0.361720 0.065811 -0.024061 
1.055272 1.012377 1.556086 0.586923 1.127975 1.661675 1.623754 0.725636 0.105339 0.354426 0.288789 -0.092808 
2.045127 0.112714 1.383362 1.330771 1.185918 0.921291 0.172880 1.268744 0.378691 0.554687 -0.039610 -0.035949 
2.859813 -0.586679 1.686712 0.603358 1.457574 0.576051 1.607584 0.302820 0.498188 0.513282 -0.030536 -0.018924 
3.266787 -1.291394 2.690813 0.188152 1.649341 0.717583 1.121482 0.653083 0.072773 0.577072 0.077027 -0.046486 
4.055546 -0.712976 1.601076 0.890808 1.535776 0.910836 0.575754 1.079939 0.396544 0.016436 0.429114 0.095842 
5.140984 -0.520204 0.295909 2.150492 0.532755 1.014938 1.318890 -0.055336 0.115011 0.342409 0.154299 0.000416 
4.884663 1.226731 0.060600 1.017156 0.673114 0.711044 1.231730 0.980903 0.446862 -0.152831 0.307555 0.146075 
3.806504 3.124627 2.124127 1.088778 0.376119 0.161348 0.311048 0.614963 0.695848 0.433789 0.085388 0.034043 
4.034930 3.187441 1.974211 0.916173 0.351197 0.486137 0.809877 0.799645 0.463651 0.101770 0.053582 0.002397 
3.337677 2.846793 2.497892 2.170703 1.770074 1.319558 0.970338 0.777904 0.611529 0.445823 0.287490 0.069210 
7.005276 4.993930 3.951442 2.401283 0.412571 -0.835235 0.055202 1.183601 0.382795 0.289161 0.323518 0.119618 
3.891586 2.649272 1.971529 1.356130 1.832272 1.826262 1.734095 1.527092 0.822268 0.419857 -0.054245 -0.000730 
3.937964 2.135036 2.677401 2.257877 2.363911 1.787097 1.283112 1.388241 0.573118 0.458211 0.178164 0.053741 
3.655437 1.919050 1.783512 0.217411 1.858595 2.236747 2.264036 1.516143 0.483376 0.752302 0.087211 0.028389 
2.949339 1.947798 1.964055 1.750408 2.119875 1.704408 1.281927 0.910774 0.274264 0.514211 0.341494 0.055072 
3.081828 1.521015 1.274814 1.493488 2.095506 1.821115 0.783518 0.724873 1.069919 0.840845 0.368515 0.024804 
-1.#IND00 -1.#IND00 -1.#IND00 -1.#IND00 -1.#IND00 -1.#IND00 -1.#IND00 -1.#IND00 -1.#IND00 -1.#IND00 -1.#IND00 -1.#IND00 
-1.#IND00 -1.#IND00 -1.#IND00 -1.#IND00 -1.#IND00 -1.#IND00 -1.#IND00 -1.#IND00 -1.#IND00 -1.#IND00 -1.#IND00 -1.#IND00 
