3.891795 1.291789 1.086083 -0.380151 0.909943 1.297316 0.898352 0.850193 0.454091 0.330730 0.360736 0.037348 
4.074238 1.541050 1.876007 -0.501650 1.572864 0.629250 0.765908 0.682605 0.273593 0.128631 0.371235 0.099482 
3.900820 1.042118 1.168444 -0.620104 1.239523 0.758859 0.406329 1.517792 0.180781 0.038488 0.226504 -0.012891 
3.902197 0.705899 0.772356 -0.788820 1.536507 1.817248 0.851480 0.452875 0.597337 0.243950 0.014065 -0.035660 
3.357094 0.952778 1.211107 -0.141586 0.902749 0.758090 0.932930 1.189854 -0.006385 0.028750 0.438032 0.046636 
3.318083 0.840406 0.411753 -0.690382 1.348975 1.021355 0.871904 0.334131 0.215739 0.407419 0.046207 -0.004319 
3.281272 0.800779 1.660861 -0.006477 0.836046 1.082181 0.025437 0.378472 0.045776 0.189211 0.269137 -0.005766 
3.241743 0.551595 0.907484 -0.762535 1.494268 0.867570 0.529335 0.454825 0.313014 0.116500 0.078557 -0.023299 
3.350016 0.494579 0.630072 -0.938006 0.554233 0.460670 0.893971 0.750789 0.101091 0.017584 -0.051939 0.001611 
3.302493 0.500299 1.189015 0.289547 1.356675 1.224242 1.268451 0.800705 0.752917 0.203104 0.270153 0.025906 
3.406049 0.684170 1.294674 -0.435927 1.106501 0.897577 1.149754 1.731185 0.132085 0.105566 0.205083 -0.005148 
3.222143 0.973232 1.010980 -0.312733 1.402946 1.411567 1.191758 1.200529 0.132454 0.537892 0.380758 -0.007520 
1.545172 0.175479 0.842042 -0.382313 1.667881 2.293448 0.718522 0.473951 -0.171839 -0.227682 0.115408 0.007465 
1.230476 0.519738 0.157624 0.842563 1.056211 1.232668 1.607063 0.909487 0.877954 0.622315 -0.651006 -0.137955 
1.506877 0.445474 -0.163712 0.374448 1.047284 2.041288 0.048634 0.859830 0.414928 -0.260744 -0.286628 -0.159321 
1.346231 0.828653 0.171416 0.525599 1.347912 1.112827 0.616453 0.763703 0.187490 -0.039570 -0.320793 -0.133011 
1.038535 1.034690 0.621645 0.701512 0.426736 0.873130 1.191763 0.680891 0.480210 -0.306242 -0.340118 -0.081781 
1.159308 0.756402 0.337580 0.475751 1.481775 0.763722 0.159699 0.885442 0.353520 -0.123250 -0.434903 -0.105346 
1.903174 -0.089653 0.518890 -0.001545 0.797421 0.588019 0.680249 0.161396 0.297569 -0.511963 -0.385772 -0.123069 
1.613674 1.075614 0.451618 0.622674 1.001922 0.665167 0.253970 0.758878 0.423275 -0.081708 -0.443215 -0.045245 
1.044017 1.239630 0.295382 1.214265 0.111319 0.852336 0.941759 0.842306 0.501633 -0.122540 -0.181875 -0.084987 
1.178564 0.642482 1.089059 0.941624 1.411108 0.744127 1.896429 0.751730 0.545632 0.408735 -0.315741 -0.031475 
0.591943 1.555866 1.702552 1.385234 1.565944 0.672563 0.812216 0.870845 0.985303 0.059839 0.029070 -0.032068 
0.849278 1.439242 0.616638 1.955631 1.033908 1.046202 1.743401 0.869027 0.469903 0.279716 -0.003134 -0.036483 
0.656481 1.240262 1.541995 1.234854 1.194114 1.550545 1.177806 0.640968 0.787774 0.386389 -0.055560 -0.047061 
0.645300 0.903161 1.518436 1.467402 2.168413 1.498214 1.033811 0.377982 0.941041 -0.023976 -0.088177 0.036428 
0.798094 0.918768 1.289288 1.546689 1.805621 1.481606 0.683153 0.844436 0.456596 0.324647 -0.010664 -0.006323 
1.012257 0.909764 1.048905 1.902426 1.114111 1.344404 0.534884 0.786328 0.694959 0.124997 -0.064570 0.055344 
1.222669 0.985739 1.666174 0.718928 0.876623 0.553198 0.989350 1.234007 0.294377 0.194413 0.253112 -0.038158 
1.500527 0.385062 1.560635 0.775639 1.434187 1.086404 1.196008 0.896703 1.094221 0.258296 0.069647 -0.048195 
1.852707 0.787049 1.004418 1.006279 1.464348 1.207020 0.940247 0.548191 -0.334975 0.153095 -0.016016 0.012486 
6.384970 1.393726 -0.963951 0.919494 1.701250 0.597475 0.277638 0.587423 0.705215 0.233772 0.129783 0.072054 
3.705819 3.298504 2.807752 1.936856 0.921110 0.260760 0.178382 0.362256 0.301469 0.318285 0.361984 0.075822 
3.416116 2.504582 1.754643 2.135358 2.374592 2.022291 1.713843 0.523524 0.489685 0.278121 0.222191 0.059869 
3.357941 3.018637 2.788517 2.424648 2.283605 1.652389 1.331437 1.030036 0.543145 0.312318 0.198915 0.056064 
3.759237 3.348831 3.486614 3.376032 2.572039 1.619248 1.234154 0.913511 0.262702 0.275081 0.216203 0.041406 
2.924923 2.367012 2.213113 1.948961 1.750212 1.720412 1.449823 1.191345 0.748143 0.451046 0.289757 0.071010 
2.825685 2.152883 2.015920 1.629515 1.422677 1.361777 1.593235 0.797768 0.672629 0.497946 0.131363 0.038069 
3.427176 1.766727 2.137102 1.324250 1.714651 2.135562 0.687748 1.303190 0.931142 0.421859 0.326915 0.064858 
3.389137 1.104323 1.271608 -0.280617 1.873600 1.743390 1.168414 1.341078 0.794115 0.376100 0.362326 0.018051 
3.358959 1.009261 1.374708 0.107006 1.043043 1.652784 0.777291 1.539368 0.331408 0.161303 0.274403 -0.008272 
3.390662 0.600812 1.344816 -0.690614 1.646927 1.212823 0.742763 1.227167 0.688113 0.144780 0.119297 -0.025768 
3.699316 0.612554 1.168965 -0.525715 1.530912 1.219038 1.384383 1.121182 0.833729 0.353888 0.008837 -0.035146 
3.381218 0.741849 1.497819 0.228369 1.584146 1.616358 1.377322 0.785205 0.734370 0.518439 0.249554 0.013185 
3.567135 0.867345 1.006598 -0.137491 1.550026 1.353244 1.335550 1.353416 0.617389 0.057947 -0.082599 -0.014666 
3.286508 0.070291 1.296889 -0.607207 2.159825 1.651212 1.217036 1.007033 0.229941 0.547274 0.285193 -0.033438 
3.198874 0.681974 1.533305 0.129273 1.294869 1.489472 0.938558 0.925466 0.847448 0.069866 0.424036 0.060840 
3.383718 0.072436 1.012227 -0.639995 0.765619 0.879865 0.296816 1.221502 0.291768 -0.085649 0.151008 0.040506 
-1.#IND00 -1.#IND00 -1.#IND00 -1.#IND00 -1.#IND00 -1.#IND00 -1.#IND00 -1.#IND00 -1.#IND00 -1.#IND00 -1.#IND00 -1.#IND00 
-1.#IND00 -1.#IND00 -1.#IND00 -1.#IND00 -1.#IND00 -1.#IND00 -1.#IND00 -1.#IND00 -1.#IND00 -1.#IND00 -1.#IND00 -1.#IND00 
