3.381821 0.724414 0.289600 -0.422950 1.447422 1.242709 0.794427 1.267044 0.368322 0.201791 0.170773 -0.010811 
3.177210 0.187902 0.732140 -0.872535 0.954657 0.785306 0.661472 0.240453 0.379933 0.001344 0.100159 0.011004 
3.303141 0.382152 0.748655 -0.968457 0.932857 0.932405 0.722711 0.813536 0.264660 0.026035 0.172598 0.027293 
3.427441 0.402411 1.066476 -0.854190 1.280875 0.737195 0.065736 0.822824 0.214179 0.140981 0.079080 -0.022593 
3.406548 -0.116391 0.795762 -0.180393 1.428217 0.720005 0.482873 0.285223 0.262721 0.312205 0.112102 0.013142 
3.249927 0.325412 0.947682 -0.222230 0.356297 0.381486 0.850607 0.610273 0.122719 -0.050027 -0.031364 -0.009230 
3.543863 0.579692 0.770498 -0.676131 1.175557 1.119702 0.993052 1.128406 -0.068702 0.474474 0.073088 -0.042603 
3.502262 0.314977 0.540000 -0.733603 1.379375 1.171887 0.563750 0.287175 0.537172 -0.118770 0.025261 0.034920 
3.259923 0.077141 0.730778 -0.206970 1.652643 1.225020 0.677280 0.705327 0.772056 0.360786 0.147806 -0.002239 
3.144844 0.882017 0.839781 -0.582742 1.681793 0.822328 0.281065 0.960215 0.285942 0.236967 0.117886 -0.015645 
3.354364 0.606385 0.515542 -0.621690 1.120352 0.852369 0.855883 0.667889 0.319986 0.262275 0.138991 0.028998 
1.616463 -0.635430 -1.253367 -0.638821 -0.223336 0.495367 0.655046 4.675818 0.785911 -0.344632 0.012971 0.024613 
3.437438 0.194544 0.657303 -0.958714 0.968760 0.446082 0.549466 0.786301 0.577498 0.318654 0.124465 -0.023411 
3.593266 0.250970 0.493541 -0.950071 1.266167 0.888868 0.971446 1.129243 0.898045 -0.071177 -0.060972 -0.037219 
3.335101 0.283608 0.090319 -1.520803 0.763601 1.316461 0.085611 0.618282 0.560790 0.469065 0.134334 -0.072314 
3.514138 0.238194 0.018626 -0.957503 0.988150 0.331513 0.829969 0.497279 -0.088196 0.482483 -0.018791 -0.014903 
3.197266 0.102604 0.623324 -0.643877 1.757059 1.490579 0.389573 1.030342 0.145302 0.780867 0.347739 -0.058838 
3.761350 0.332959 1.101476 -0.736283 1.593203 1.237608 1.011886 0.890901 0.496128 0.497231 0.215847 0.017411 
3.576874 0.175024 0.984337 -0.960521 1.688461 1.357291 0.533073 0.765984 -0.072286 0.443822 0.148508 -0.044087 
3.845737 0.754738 0.781361 0.595430 1.869653 1.477195 1.907701 1.859749 0.096060 -0.185690 0.146627 0.063669 
3.571851 1.012464 1.129682 0.352266 1.610353 1.558023 1.120113 1.711166 0.521575 0.255799 0.387967 0.024932 
3.365008 1.117816 0.861809 -0.435815 1.581425 0.931467 0.985347 1.247729 0.277089 0.598586 0.354071 0.006064 
3.776379 0.597109 0.714462 -0.468173 1.723286 1.108441 0.812840 0.617790 0.477101 -0.033952 0.084047 0.033087 
1.439372 0.083968 0.415286 0.564505 1.419333 0.005963 0.952380 1.016715 0.643377 0.415361 -0.247666 -0.125075 
1.595225 0.643268 1.006063 0.722677 1.138426 0.197961 1.246390 1.455146 0.582109 0.004627 -0.140662 -0.123074 
1.287361 1.177138 0.403505 1.078297 1.720838 0.542214 0.500173 0.485752 1.045697 0.194211 -0.219006 -0.090728 
1.417077 1.182701 0.861687 0.583310 1.023016 0.895277 0.743964 0.782232 0.239218 0.410520 -0.373841 -0.059145 
1.313810 1.107560 0.626466 0.744747 0.142731 1.107540 1.203790 0.741397 0.693355 0.117257 -0.302970 -0.132766 
0.943783 1.600119 1.005190 0.099175 0.829893 1.226492 0.947635 1.129451 0.560092 -0.337314 -0.340926 -0.047197 
1.151144 1.021950 0.289133 1.533823 0.990206 0.792621 1.186384 0.450043 0.148247 0.108212 -0.154277 -0.034936 
1.736820 1.173804 0.314820 0.641804 1.624936 0.810642 0.176433 1.027341 0.690803 0.155854 -0.156848 -0.103784 
1.078096 1.210370 1.148007 0.367848 1.745032 1.206522 0.702216 0.912932 0.224015 0.124438 -0.162451 -0.032731 
0.776301 1.574644 1.060574 1.272320 1.240137 0.713139 1.196967 0.911972 0.287687 -0.071606 -0.086383 -0.020073 
0.995053 1.329212 0.880039 0.608614 0.863699 1.021152 0.976805 0.991787 0.572563 0.064105 -0.253684 -0.057039 
0.403512 1.113764 2.068204 0.995203 1.051228 1.760277 1.206317 1.015276 0.503722 -0.002127 0.184733 -0.051587 
0.648754 1.020248 1.544214 0.901804 1.103830 2.013539 1.564651 1.010996 0.612448 0.398231 -0.008170 -0.109739 
1.089439 0.904906 1.634566 0.927996 1.503779 1.580920 0.346185 1.130631 0.446276 0.525142 -0.074352 -0.055097 
1.360631 0.879120 0.537218 1.383973 1.196993 0.663082 1.811829 0.799612 0.203072 -0.069034 0.404940 -0.053469 
0.872119 0.725977 1.137741 1.756779 1.330748 1.382673 1.464006 1.144889 0.283742 0.247427 0.043207 -0.059539 
0.874912 1.594762 1.841811 1.153000 0.813966 0.881123 1.917226 0.956234 0.157176 0.084504 0.173944 -0.065404 
0.842345 0.904237 1.503186 1.252416 1.545783 1.368516 1.175246 1.543543 -0.162510 0.438526 0.040591 -0.048086 
2.193450 0.830080 0.744929 1.169739 1.588443 0.479151 0.736570 0.357461 0.422870 0.103091 0.088711 0.026139 
5.418070 -0.175066 0.489175 1.134332 1.082247 1.134029 1.497871 0.631407 0.446966 0.272513 0.034391 -0.012498 
5.498295 0.556204 2.608699 0.586608 0.548036 1.074757 0.151468 0.259185 0.827138 -0.080588 -0.154711 0.049546 
5.104126 0.491870 2.382302 2.651586 0.297804 0.107172 0.371836 0.098264 1.089518 0.148344 -0.239575 0.011611 
3.789535 2.075654 1.903030 2.419951 1.323914 -0.211719 -0.006099 0.858574 0.962174 0.431680 -0.000904 0.012363 
3.058566 1.934289 1.986301 2.580543 1.807757 0.194960 0.026001 0.763196 0.708411 0.178440 0.036605 0.019997 
3.265416 1.948692 2.647858 3.421741 2.469276 0.571995 0.088573 1.135318 1.247949 0.434968 -0.266775 0.023973 
-1.#IND00 -1.#IND00 -1.#IND00 -1.#IND00 -1.#IND00 -1.#IND00 -1.#IND00 -1.#IND00 -1.#IND00 -1.#IND00 -1.#IND00 -1.#IND00 
-1.#IND00 -1.#IND00 -1.#IND00 -1.#IND00 -1.#IND00 -1.#IND00 -1.#IND00 -1.#IND00 -1.#IND00 -1.#IND00 -1.#IND00 -1.#IND00 
