3.089095 0.406624 0.944049 -0.812142 1.573782 1.687003 1.603988 0.643179 0.546702 0.055459 0.035077 0.023117 
3.634193 0.507346 1.161052 -1.015201 1.438066 0.435222 1.194851 0.957773 0.189327 0.148434 0.252505 0.041802 
3.039950 0.244986 1.018467 -0.553794 1.150854 1.077076 0.537604 0.654757 0.370867 0.344186 0.077134 -0.034346 
3.317711 0.282305 0.731834 -0.635421 1.047258 0.533429 1.048437 0.937738 0.265976 0.369603 0.232263 0.020889 
3.095699 0.559070 1.095861 -0.813690 1.736952 0.964002 0.422737 0.526387 0.779299 0.067979 0.296713 0.077032 
3.134904 0.590957 0.904893 -0.863465 1.212584 0.625661 0.338242 0.719073 0.222349 0.573688 0.196167 -0.003490 
3.005606 0.322465 1.343544 0.108725 1.428200 1.094761 1.154778 0.542370 -0.118984 0.711961 0.307894 -0.007620 
3.319035 0.275836 1.363950 -0.584902 0.740697 0.889497 0.411559 0.345194 0.487653 0.218161 0.216919 0.054764 
3.263147 0.308886 0.437738 -0.591639 1.416945 1.484387 0.891100 0.347605 0.290985 0.484599 0.176040 -0.024481 
3.274924 0.732246 0.600724 -0.183233 1.070021 1.366481 0.817584 0.629403 0.606963 0.248666 0.452153 0.020187 
3.485874 0.210232 0.488490 -0.680786 1.538021 1.343579 0.309783 0.655333 0.412861 0.463030 0.267570 -0.018683 
3.271296 0.275873 0.931995 -0.243846 1.922770 1.096470 1.569203 1.032881 0.038003 0.523531 0.234196 -0.016965 
3.298627 0.742768 1.043975 -1.278909 0.763894 1.176539 1.484520 0.484807 0.060560 0.355244 0.096129 0.036395 
2.996081 -0.246365 0.357370 -1.278695 1.023685 0.528272 0.265011 0.916914 0.386671 -0.073372 0.020629 0.003953 
3.011829 -0.089239 0.567447 -0.712638 1.282152 1.585463 0.621568 0.983677 0.652364 0.312590 0.173355 -0.041003 
3.364289 0.560085 0.506856 -0.645827 1.500518 -0.165387 0.319339 0.903004 0.138180 0.308424 0.216102 0.046241 
3.335479 0.261002 0.668238 -0.994036 1.198230 1.054274 0.853438 1.108113 0.463302 0.146379 0.182463 0.006156 
3.422922 0.450984 0.482509 -1.003805 0.889501 0.654393 0.679952 0.846366 0.070818 0.391165 0.068632 -0.000134 
3.441317 0.611285 0.696322 -0.670127 2.054059 0.913660 0.087639 0.675146 1.068124 0.349377 0.344851 0.014970 
3.044515 0.091239 0.583535 -1.266648 0.808479 0.377811 0.584660 1.038713 0.004169 0.106736 -0.009810 -0.007756 
3.400460 -0.033987 0.408393 -1.365365 0.715024 1.217718 0.521370 0.369215 -0.011828 0.006806 0.088123 0.051182 
3.252740 0.515875 0.490664 -0.480427 0.722920 0.388541 0.354593 0.312047 -0.085520 0.222705 -0.158865 -0.013541 
1.577328 0.802524 -0.204360 -0.400030 -0.654164 1.395867 0.867979 0.457098 1.136754 0.116671 0.010529 -0.111309 
1.069593 0.699852 0.998931 1.321625 0.683825 1.002737 1.206698 1.256281 0.529962 0.055831 0.051385 -0.156944 
1.317418 1.048628 1.115264 1.538822 0.496894 0.156332 1.175913 0.762721 0.220953 -0.181159 -0.123636 -0.035666 
1.420292 1.100911 0.595072 0.333710 0.616330 0.726812 1.180989 0.327934 0.822847 -0.095189 -0.272413 -0.149067 
1.339960 0.969448 -0.287545 0.384555 1.094629 0.738500 0.883565 0.878285 0.404473 -0.398594 -0.635580 -0.096867 
1.285792 1.253215 0.105952 0.083862 0.400050 1.117136 0.562720 0.636925 0.659462 -0.461132 -0.343898 -0.102666 
1.368874 1.234579 0.208572 0.754096 0.899956 0.766118 0.907144 0.432841 0.131612 0.279295 -0.365784 -0.081043 
1.269003 0.570189 1.067696 0.758244 1.007516 0.472965 0.734189 0.716609 0.913590 0.044790 -0.482098 -0.065517 
1.315380 1.417066 -0.094020 0.475482 1.435379 -0.290812 0.642997 0.761523 0.673464 -0.172242 -0.386986 -0.110005 
1.141930 1.170739 0.427248 0.911597 0.248927 0.896052 0.639114 1.179416 0.688349 0.150761 -0.377868 -0.076702 
1.121511 2.151172 0.543065 0.681391 0.927205 0.672257 0.767639 0.374079 0.568680 0.398726 -0.000047 -0.044086 
0.707369 1.492872 1.504946 1.546442 0.577812 1.354983 1.153872 0.521154 0.609377 0.232640 0.244432 -0.129560 
1.612998 0.476376 1.801975 0.881479 0.556558 1.653060 1.010103 1.039761 0.097375 0.331486 0.011734 -0.050285 
2.816316 -0.046248 1.002879 0.484770 1.930711 0.640669 1.564942 1.178439 0.638311 0.062166 0.182630 -0.002154 
1.362004 0.573899 1.277516 1.571811 1.420558 1.304251 0.783344 0.860417 0.361797 0.777857 -0.110050 -0.059310 
1.946368 0.014130 1.617709 1.105272 1.181627 1.759147 1.280601 1.367304 0.362519 0.350544 -0.218136 -0.035876 
3.682996 -0.956592 2.406274 0.321533 1.444647 0.892518 0.462875 0.957825 0.680613 0.731685 0.053455 -0.106350 
4.244756 -0.799901 1.466988 0.622567 1.368321 0.974265 0.495319 0.421548 0.550131 0.324839 0.196291 0.050233 
5.712369 -0.510378 0.469350 0.769598 1.159618 0.920298 1.000555 1.034746 0.824396 0.440817 0.108312 -0.011866 
6.109963 2.506465 -0.575698 -0.113561 1.825652 0.646440 0.202216 0.417979 0.787047 0.190892 0.058202 -0.000459 
3.726330 3.014622 2.687252 0.190529 1.360104 1.364241 0.345826 0.672236 0.264071 0.156283 0.381972 0.048413 
3.252139 2.707624 3.096602 2.137045 1.533763 0.158519 -0.062583 0.637789 0.378662 0.126667 0.396943 0.056057 
3.621118 2.614971 3.982690 2.153157 4.162642 -1.698022 1.079268 1.702023 0.298426 -0.037337 -0.180606 0.142277 
4.471905 3.904467 2.353789 1.349756 3.663949 0.155168 1.318521 0.459352 -0.036984 -0.098363 0.147050 0.094687 
3.488631 1.434663 1.323639 -0.057338 3.629538 1.418816 0.920634 0.778824 0.560612 -0.008516 -0.022318 0.030000 
3.512948 1.824790 1.400629 0.910630 1.731290 1.353829 0.992793 1.535903 0.046353 -0.451120 -0.016433 0.028054 
-1.#IND00 -1.#IND00 -1.#IND00 -1.#IND00 -1.#IND00 -1.#IND00 -1.#IND00 -1.#IND00 -1.#IND00 -1.#IND00 -1.#IND00 -1.#IND00 
-1.#IND00 -1.#IND00 -1.#IND00 -1.#IND00 -1.#IND00 -1.#IND00 -1.#IND00 -1.#IND00 -1.#IND00 -1.#IND00 -1.#IND00 -1.#IND00 
