3.745952 1.126896 1.006823 -0.017276 1.492822 1.245841 0.730741 0.884008 0.704868 0.535195 0.445124 0.047804 
3.315629 1.420768 1.041047 0.449696 1.548627 1.705322 1.189948 0.997685 0.305110 0.606520 0.456968 0.048333 
3.507841 1.330816 1.244564 0.112547 1.567006 1.517739 1.604406 1.402799 0.841747 0.403993 0.448834 0.052132 
3.719445 1.454556 1.345736 -0.086872 1.553943 1.370228 1.305240 1.527768 0.317031 0.345226 0.340695 0.044199 
3.436371 0.553473 1.541393 0.015302 1.004800 0.494077 1.145999 1.233996 0.541031 0.105038 0.322645 0.037691 
3.324315 0.752268 1.204824 0.068187 1.636510 1.662248 1.063211 1.511796 0.116827 0.342011 0.305968 0.006515 
3.458413 0.486230 1.323514 0.256507 2.009332 0.927768 0.910796 1.089619 0.584798 0.149619 0.206413 0.043264 
3.493813 0.415160 0.731188 -0.554064 0.940169 0.033104 0.468171 1.152987 -0.013550 0.252629 0.362267 0.055380 
3.173944 0.363866 1.248018 -0.799385 0.587039 1.565112 0.855213 0.897689 0.325028 0.499257 0.127926 -0.030327 
3.239678 0.221610 0.691640 -1.090147 1.191667 0.971829 0.770782 0.577064 0.409901 0.418498 0.118119 -0.028500 
3.021599 0.170554 1.058782 -1.074456 -0.067995 0.716971 0.024657 0.917881 0.535234 0.444794 0.106085 0.000131 
3.169376 0.452613 0.723177 -0.613276 0.798010 0.577709 0.432721 0.924908 0.042824 -0.127470 0.206951 0.031960 
3.354466 0.777315 1.211680 -0.858237 1.500021 1.117422 0.761816 0.368749 0.211657 0.457462 0.122552 0.014508 
3.040901 -0.047453 0.683672 -0.502696 0.407474 0.660113 0.266421 0.899674 -0.014465 0.059123 0.186131 0.009275 
3.037478 0.415046 1.287698 -0.379133 1.451895 1.055806 0.754278 0.635015 0.652651 0.362831 0.060364 -0.007645 
3.313466 0.472339 0.865107 -0.353195 1.179301 1.040512 0.433812 0.258968 0.460158 0.573349 0.288781 0.028345 
2.897917 -0.013070 0.789363 -0.976371 0.784097 0.375711 0.680278 1.467557 0.226649 -0.090668 0.391593 0.012635 
3.391048 0.219331 0.529587 -0.026700 1.223785 1.381866 0.966523 0.547433 -0.275502 0.454254 0.164729 -0.014147 
3.206828 0.781205 1.351838 -0.158360 0.996200 0.302901 0.170868 1.044859 0.400890 0.452129 0.264108 -0.021634 
3.328820 0.329406 1.122819 -0.387005 0.959335 0.757594 0.528292 0.833358 0.297800 0.438387 0.138776 -0.057418 
3.267926 0.327278 1.219863 -0.171831 1.698674 1.339458 0.948195 1.387593 0.263086 0.398316 0.323760 -0.023101 
3.415735 0.386798 0.828126 -0.825866 0.418517 0.835018 1.006620 0.785653 -0.076360 0.724163 0.115745 -0.049125 
3.649650 -0.751582 0.954259 -0.336324 0.605246 0.380587 0.746780 -0.254837 0.685532 -0.133125 0.250193 0.162608 
0.736513 1.652966 0.052555 0.282473 0.393407 1.261237 0.459947 1.409757 1.144552 0.040749 -0.200540 -0.132499 
1.005017 1.110987 0.155422 0.231539 1.270190 0.252228 0.875269 0.868665 0.511241 -0.103834 -0.345622 -0.195849 
1.569810 0.393072 0.074709 0.298349 0.109043 1.071251 0.279179 0.179989 0.585182 -0.401073 -0.298141 -0.169817 
1.338892 0.470226 -0.350463 0.330311 0.328565 0.642281 0.022491 0.536748 0.597748 -0.338998 -0.326126 -0.242763 
1.310514 0.282795 0.136284 0.726192 1.042029 1.270231 0.672153 0.803579 0.577395 0.241713 -0.720956 -0.097941 
1.517854 0.697784 -0.347813 0.457714 0.654215 0.444170 1.440688 0.687515 0.561749 0.030452 -0.384565 -0.036356 
1.326054 0.524955 -0.398793 1.351024 0.456419 0.749053 1.298674 1.528862 0.678514 0.557295 -0.295617 -0.166977 
1.405728 0.656475 0.211272 1.096257 0.461073 0.468332 0.988414 1.410661 0.589889 0.411756 -0.371243 -0.132256 
0.797756 1.046702 0.675584 1.510673 2.121098 1.558323 0.985654 1.026104 0.084094 0.321659 0.009976 -0.027931 
0.896565 1.156102 1.833987 0.402382 1.468577 1.590704 1.543943 0.335110 0.522272 0.271892 -0.024293 -0.039770 
0.750143 1.599406 1.576329 1.438416 1.239017 1.236466 1.247357 1.134438 0.013689 -0.049434 -0.085276 0.041773 
0.933356 1.587397 1.348663 0.870918 0.519769 1.586369 0.990955 0.865986 0.798097 0.301170 0.129982 -0.093881 
0.831484 1.201383 1.153657 1.017953 1.683045 1.507835 1.594056 1.027942 0.313501 0.126926 0.144901 -0.060314 
0.772557 0.994043 1.225751 1.712159 1.208839 1.241383 0.947170 0.806645 0.884169 0.117509 0.220394 -0.109336 
1.316204 1.048557 2.035456 0.876732 1.123243 0.747835 0.849814 0.935295 0.643225 0.322025 -0.091718 0.005757 
2.557983 -0.257851 2.343906 1.272291 1.448977 1.202795 0.959280 0.315892 1.011842 -0.211233 0.053642 0.080075 
5.058843 -0.680180 1.109325 0.741474 0.956772 1.526972 0.635062 0.272743 0.747956 0.694788 0.059580 -0.087728 
5.498765 2.916439 0.513959 0.165056 0.776671 1.175209 0.902932 0.115687 0.061075 0.264761 0.173726 0.058853 
5.870218 4.048959 1.134550 -0.437751 0.209063 1.248303 1.364573 0.768830 0.201137 0.176602 0.090683 0.065002 
4.969126 3.567419 1.295470 -0.083511 0.191235 0.884342 0.940889 0.454158 0.058150 0.019822 0.080840 0.044011 
4.607885 3.763957 2.056470 0.435447 -0.106506 0.295462 0.796668 0.781719 0.345087 -0.011034 0.075916 -0.006739 
4.249452 3.805763 2.829048 1.545608 0.411836 0.102298 0.301421 0.608086 0.590467 0.452945 0.333050 0.089938 
3.741350 3.305138 2.633250 1.791539 1.109121 0.676765 0.530497 0.439686 0.426544 0.374739 0.306064 0.066605 
4.485975 3.036358 3.191145 3.588791 3.173561 1.730872 1.642782 1.112534 0.434916 0.155835 0.137993 0.039367 
4.509140 3.040241 2.743599 2.071726 3.042684 2.726393 1.954333 1.192433 0.252708 0.783318 0.013055 0.013112 
-1.#IND00 -1.#IND00 -1.#IND00 -1.#IND00 -1.#IND00 -1.#IND00 -1.#IND00 -1.#IND00 -1.#IND00 -1.#IND00 -1.#IND00 -1.#IND00 
-1.#IND00 -1.#IND00 -1.#IND00 -1.#IND00 -1.#IND00 -1.#IND00 -1.#IND00 -1.#IND00 -1.#IND00 -1.#IND00 -1.#IND00 -1.#IND00 
