3.027398 0.266566 0.878399 -0.407078 1.148521 0.907468 0.826841 0.898963 0.559983 0.286803 0.187546 -0.022177 
3.206293 0.168174 0.384815 -0.787188 0.700904 0.500985 0.378001 0.480738 0.173928 0.110523 0.038699 0.019878 
3.099941 0.320411 0.648145 -1.245527 0.477190 0.886399 0.901193 0.952223 -0.310095 0.428900 -0.006795 -0.025983 
3.161494 0.058580 0.635735 -0.571590 1.127620 0.680695 -0.244199 0.507311 0.119138 0.122896 0.241960 0.045145 
3.410739 -0.123215 0.892273 -0.431080 0.981603 0.916513 0.681274 -0.163193 0.341389 0.302251 -0.008614 0.006885 
3.416509 -0.028046 0.869104 -0.763872 1.490014 0.425492 1.132211 0.792759 -0.302279 0.121423 0.041832 0.023330 
3.427629 0.337452 1.305457 -0.739464 1.585786 1.092606 0.004976 -0.078049 0.022976 0.003549 0.319926 0.099736 
3.290703 0.614764 1.267694 -0.264247 1.700618 0.711243 0.718028 0.620148 0.466019 -0.074421 0.334552 0.073670 
3.203853 0.700568 1.138675 -0.885238 0.909079 1.269261 0.911398 0.747457 0.308152 0.133721 0.026822 0.012000 
3.138164 0.058049 0.970942 -0.636939 1.531700 1.167597 1.462351 0.847261 0.534700 0.163144 0.035969 0.015904 
3.257231 0.647753 0.602917 -0.515361 1.539051 -0.194362 -0.226748 0.737181 0.329368 -0.098388 0.426202 0.077653 
3.026720 0.367016 0.740911 -0.351935 1.185839 0.572135 0.115936 0.486858 0.285444 0.016186 0.227643 -0.011050 
3.279561 0.334970 1.070643 -0.846864 0.763525 0.960396 0.606609 0.562935 -0.167718 0.517126 -0.011729 -0.060870 
3.193068 0.422057 0.492979 -1.366296 1.079827 0.438422 0.059488 0.419242 -0.163594 0.258260 0.101540 -0.018488 
3.168064 0.684789 1.670740 -1.445121 1.000472 0.345283 1.369126 1.087271 0.645464 0.355424 0.261062 0.043815 
3.292495 0.364702 0.810926 -0.540815 1.272702 1.339894 0.440570 1.236341 0.170651 0.376620 0.101426 -0.027779 
2.964619 0.940822 0.788016 -0.841272 0.953769 0.920626 0.756294 0.865711 0.456249 0.268736 -0.003761 -0.007889 
3.238697 1.062730 1.379473 -0.932533 0.563722 0.967956 1.009985 0.285916 0.646766 0.231504 0.097887 0.054187 
3.151452 0.625060 1.464390 -0.159019 1.612002 0.649117 1.192629 1.263520 0.267323 0.380109 0.081980 -0.000173 
2.932092 0.405688 1.368429 0.029745 1.702155 1.020833 1.392297 0.834108 0.517132 0.370459 0.080706 0.018100 
3.498354 0.349583 0.748492 -0.323068 1.039587 1.528515 1.234092 1.210653 0.329576 -0.106991 -0.015467 0.000723 
3.346068 0.115007 0.867494 -0.688643 1.012768 1.127163 0.456410 0.944621 0.080906 0.489065 0.309051 -0.003190 
3.046964 0.107756 0.718866 -0.434771 1.215886 0.643020 0.073755 0.240562 -0.369960 0.316914 0.192528 0.047824 
1.619860 0.792662 -0.120100 1.624449 0.907943 0.134866 0.214005 0.644077 0.987987 0.662331 -0.105147 -0.183190 
1.450428 0.284540 0.163666 0.388906 1.411713 1.714918 0.996898 0.962834 0.492298 0.182009 -0.455037 -0.148620 
0.783168 1.451716 0.059205 0.303843 1.317636 0.705702 1.195090 0.813064 0.110018 -0.230493 -0.420982 -0.118711 
1.389908 0.599885 0.152376 0.525424 0.586329 1.058140 0.473843 1.118755 0.321469 -0.072910 -0.313056 -0.137301 
1.587053 0.801747 -0.174244 0.358387 1.318793 0.951129 0.832388 0.731187 0.178734 -0.145235 -0.367631 -0.116621 
1.554152 0.481430 -0.169962 0.591512 0.797688 1.132328 1.066964 0.122083 0.513665 0.222718 -0.746795 -0.105747 
1.387604 0.372492 -0.537242 0.784537 1.617381 0.528563 0.570729 0.531635 0.759742 -0.232245 -0.587788 -0.183132 
1.219520 0.606783 0.577617 0.839701 0.979247 0.472765 0.426800 0.963982 0.746424 -0.167553 -0.424378 -0.092011 
1.051946 0.811503 1.363300 1.329108 1.441274 0.660213 1.848635 0.670323 0.518466 0.173768 0.009366 -0.034197 
0.865064 1.328741 1.390764 0.539337 1.182934 1.297045 1.591226 0.853359 0.297074 0.538035 -0.137024 -0.052922 
0.625948 1.519186 0.746059 1.157717 1.266238 1.547245 1.045346 1.166877 0.464557 0.139232 0.067268 -0.066382 
0.788156 1.299002 1.415191 1.056117 1.513916 2.512809 0.810764 0.443318 0.795860 0.040769 0.231325 -0.059157 
0.634892 0.694211 1.372566 1.606594 1.707089 2.084500 1.000062 0.698848 1.082199 0.054616 -0.066809 -0.018980 
0.871141 1.120812 1.114370 1.108995 1.643636 1.678847 1.881341 0.685973 0.336386 0.359782 0.073221 -0.044303 
1.324930 0.716455 1.396128 1.188468 1.235826 1.247224 1.088093 1.358584 0.616128 0.064119 -0.156632 0.063364 
2.015886 1.037106 0.931942 0.552681 1.458382 0.987835 1.079339 1.109328 0.752843 -0.072578 0.263043 -0.012983 
3.645904 0.870932 -0.158421 1.091096 1.406937 0.280503 1.181712 0.330418 0.060107 0.513574 0.028324 -0.006564 
5.837804 1.457460 -0.661133 1.023946 1.309496 0.533136 0.484433 0.654544 0.851135 0.441495 0.105684 -0.022853 
5.280170 3.643532 1.770653 0.892522 0.554616 0.093561 0.152080 0.558337 0.668264 0.436234 0.261940 0.063146 
5.795221 4.545604 2.353996 0.364666 -0.732353 -0.325021 0.884259 1.280416 0.653974 0.154146 0.228573 0.038213 
7.918248 4.419021 1.981675 -0.203530 -0.028313 -0.104516 0.717148 1.107797 0.388748 0.059537 -0.087827 -0.047500 
6.457337 3.483078 4.190895 4.258431 0.580288 -0.095520 -0.052642 0.637097 0.104327 0.129651 0.227236 0.132127 
3.999629 3.319101 3.319891 3.196545 2.156858 1.120621 0.793600 0.691594 0.184087 0.012402 0.269889 0.050440 
3.330784 2.921346 2.768828 2.505873 2.177068 1.905663 1.610455 0.925835 0.576424 0.241572 0.108846 0.044993 
3.519037 2.148671 2.142096 2.511175 3.114896 2.006690 1.419638 1.285853 0.856048 0.443496 0.072523 0.061019 
-1.#IND00 -1.#IND00 -1.#IND00 -1.#IND00 -1.#IND00 -1.#IND00 -1.#IND00 -1.#IND00 -1.#IND00 -1.#IND00 -1.#IND00 -1.#IND00 
-1.#IND00 -1.#IND00 -1.#IND00 -1.#IND00 -1.#IND00 -1.#IND00 -1.#IND00 -1.#IND00 -1.#IND00 -1.#IND00 -1.#IND00 -1.#IND00 
