3.145721 0.825173 1.030554 -0.533196 1.528675 1.459868 0.793981 0.931367 -0.063207 0.656484 0.208797 -0.020196 
3.115051 1.001647 1.421900 -0.060590 1.277985 1.119135 1.109741 1.023084 0.621484 0.292779 0.051641 -0.002565 
3.614590 0.258681 1.166220 0.198508 0.380539 0.161646 1.255373 0.998286 0.442768 0.898301 0.316106 -0.023028 
3.313132 -0.062848 1.435115 -0.266789 0.836470 1.179429 0.715009 0.995299 0.264945 0.502478 0.233153 -0.045652 
3.025033 0.377571 0.651563 -0.770865 1.385085 1.405926 0.100299 0.259693 -0.335131 0.238343 0.279266 0.021755 
2.983061 0.398952 1.481272 -0.595705 1.296049 1.280072 0.692484 0.716086 -0.190504 0.315692 0.253472 -0.019492 
3.086222 -0.095288 0.057107 -0.872541 0.773229 0.693716 0.051462 0.028120 -0.300871 0.131362 0.317332 -0.027210 
3.063784 0.357100 0.961180 -0.048211 0.966521 0.882821 0.299770 0.654483 0.221568 0.393029 0.084531 -0.023940 
3.335680 0.259778 1.038989 -0.288479 0.923592 1.155213 0.907061 0.283560 0.872113 0.619382 -0.019906 -0.021664 
3.101168 0.534301 0.898176 -0.398980 1.205562 1.038317 1.052375 1.129942 0.454559 0.239548 0.190034 -0.001701 
3.286017 0.821133 0.903791 0.015785 1.016841 1.124162 0.714759 0.830727 0.740723 0.056952 0.183099 0.042669 
3.404122 0.415639 1.351999 -0.908623 1.314314 0.904494 0.089410 1.218021 0.086404 0.377368 0.291260 -0.016026 
3.010324 0.485456 0.422723 -0.874183 1.044716 0.842300 0.604118 1.089891 0.390878 -0.025445 0.010207 0.018207 
3.348296 0.539401 1.006411 -0.228687 1.342170 0.628566 1.018186 0.827786 0.476660 0.309428 0.080465 0.008594 
1.341255 0.215726 0.938575 0.528314 -0.140726 0.806039 -0.374912 1.495325 1.935930 0.319047 -0.173590 -0.074218 
1.588429 -0.128810 0.481672 -0.153852 0.744150 2.503500 0.556337 1.033616 0.636175 0.007718 -0.268184 -0.150573 
0.995499 1.139654 -0.380478 -0.415759 1.260056 1.966083 2.323921 0.434127 0.664776 -0.036572 0.026564 -0.220734 
1.632218 0.713036 -0.671350 0.352677 0.756063 1.437208 0.811811 1.425219 0.593976 -0.287022 -0.334717 -0.179837 
1.471978 0.635735 0.147933 -0.450723 0.485041 1.838979 1.484844 0.595152 0.878510 -0.087879 -0.275785 -0.087559 
1.498819 -0.081384 -0.091776 0.155519 1.262971 1.778041 0.863239 1.404311 0.279201 0.000751 -0.127777 -0.185854 
1.096935 0.321603 -0.463084 0.909901 1.741093 0.592974 0.584773 1.384271 0.623937 0.177497 -0.362164 -0.177077 
1.212753 0.319783 0.427557 0.886130 1.033074 1.218072 1.404282 0.517572 0.615033 0.114861 -0.308412 -0.032318 
1.092258 0.795006 0.509555 1.116014 0.685834 0.955881 0.865775 1.824412 1.222336 0.056857 -0.168263 -0.111279 
0.917909 1.081128 0.646510 1.314639 1.531550 1.622845 0.499238 0.708205 0.180056 0.116629 -0.129347 0.078646 
0.925640 0.947941 1.235642 0.734005 1.610892 2.660602 1.387002 0.138232 0.461013 0.414939 -0.172328 0.066961 
0.718403 1.172481 1.267857 1.038985 2.290244 0.963865 1.285505 1.661904 0.602313 0.002577 0.370436 -0.099474 
0.961358 1.114828 0.861643 1.265970 1.343459 1.184804 0.818544 0.837025 0.949756 0.589061 -0.026302 -0.045710 
1.974883 0.635846 1.212987 0.341285 1.648127 1.239664 1.286420 0.791267 0.381593 0.251702 0.227056 -0.006782 
2.211134 0.670854 1.346333 0.337357 0.652807 1.293662 0.676924 0.821943 0.670044 0.336754 0.076089 -0.011706 
3.126977 -0.491400 1.698405 1.217546 0.862083 0.878797 1.363042 0.508840 0.597788 0.121268 0.120721 0.040141 
3.481557 -0.047142 0.624148 1.247034 2.241791 0.342444 1.434093 0.784969 0.600502 0.875379 0.128187 -0.052676 
4.267855 1.827570 -0.088534 0.270741 1.199464 1.240574 0.926239 0.891602 0.604380 0.007239 -0.143593 -0.035659 
3.455046 2.583994 1.461120 0.573786 0.247248 0.492697 0.882562 0.792366 0.443340 0.085758 -0.003588 -0.002917 
4.019923 3.120049 1.762214 0.784357 0.489920 0.701948 0.910436 0.665538 0.341516 0.157412 0.122715 0.018244 
3.501494 3.122329 3.174624 2.804886 2.210472 1.539409 0.836413 0.488191 0.379576 0.353533 0.277204 0.054302 
3.648057 2.643471 2.071398 2.037880 2.239843 2.506854 2.668252 2.048481 0.338602 -0.232796 -0.084272 0.045989 
5.001375 3.189941 3.592413 3.607793 3.077589 1.811517 1.701546 1.394370 0.520772 0.018926 0.192949 0.069725 
3.251599 2.545039 2.307211 1.817412 1.850079 1.646306 1.053012 1.240866 0.944209 0.458075 0.249288 0.070414 
2.842677 2.144789 1.993502 1.922174 1.829850 1.319637 1.318012 0.914887 0.641097 0.472408 0.158738 0.045214 
3.592773 1.434931 1.456504 0.956246 2.218244 1.472659 0.994584 1.537493 1.033135 0.803442 0.208014 0.014138 
3.403476 0.822481 1.545294 -0.077700 2.199208 1.524004 0.995293 1.062183 1.270750 0.534147 0.181320 0.013284 
3.727666 1.209982 1.624156 -0.173978 1.382437 1.315882 1.257554 1.463215 -0.162996 0.522283 0.370271 0.014799 
3.407575 0.510153 1.564005 0.473973 1.424175 1.646285 0.899709 1.066613 0.423791 0.538057 -0.040063 -0.050046 
3.478859 0.736712 1.501848 -0.324761 0.977616 0.822500 1.075829 1.282823 0.652275 0.224040 0.162117 -0.004223 
3.371957 1.019527 0.956229 -0.329648 1.425351 1.337003 1.419131 0.934208 0.728648 0.207426 0.177944 0.005799 
3.275885 0.235371 0.478761 -0.270053 0.368521 1.035790 0.082358 1.458473 0.453886 0.001331 0.204594 -0.013984 
3.339460 0.541309 0.850330 -0.335614 1.172936 1.366410 0.546022 1.592387 0.441160 -0.058874 0.203623 0.000810 
3.256752 0.379782 0.988983 -0.621317 0.969841 0.749321 0.862290 1.061845 0.579480 0.239239 0.073500 0.005093 
-1.#IND00 -1.#IND00 -1.#IND00 -1.#IND00 -1.#IND00 -1.#IND00 -1.#IND00 -1.#IND00 -1.#IND00 -1.#IND00 -1.#IND00 -1.#IND00 
-1.#IND00 -1.#IND00 -1.#IND00 -1.#IND00 -1.#IND00 -1.#IND00 -1.#IND00 -1.#IND00 -1.#IND00 -1.#IND00 -1.#IND00 -1.#IND00 
