3.378617 0.759154 1.183712 0.041934 0.842240 0.498613 1.092719 0.934481 0.779983 0.379268 0.291450 0.003804 
3.352197 0.506700 0.702660 -0.906596 0.884998 0.710992 0.231179 0.455983 0.209425 0.066434 0.077709 -0.010481 
3.297369 0.407973 0.770437 -0.484949 1.088748 0.779049 1.048916 0.122579 0.530713 0.414786 0.018731 0.000143 
3.155876 0.718768 1.263191 -0.485801 1.777193 0.910441 1.208774 1.094148 -0.302303 0.461582 0.265697 -0.012954 
3.327759 0.587692 0.821479 -0.749882 1.031991 0.594030 0.868220 0.527561 0.447452 0.004758 0.111364 0.045332 
3.274116 0.365771 0.618432 -0.948776 0.944025 0.899151 0.294441 0.416932 0.138730 0.265253 0.117026 0.006811 
3.407251 0.293472 1.024783 -0.875411 0.055872 1.368814 0.629917 0.893277 -0.042692 0.044452 0.315321 0.024106 
3.280901 0.706863 1.064455 -1.007832 0.936858 1.266459 0.784321 0.380332 0.121469 0.031243 0.192691 0.055675 
3.221424 -0.092425 0.468574 -1.100720 0.858058 0.776111 0.653782 -0.005686 0.249720 0.266542 -0.120013 0.038603 
3.444678 0.647425 0.998416 -0.715468 0.720914 1.040386 0.571150 1.371807 0.075821 0.188890 0.348487 0.026850 
3.337081 0.478325 0.733331 -0.394474 0.488582 1.089824 0.646343 1.267376 0.037670 0.058697 0.104786 0.008337 
3.130909 0.400847 0.406759 -0.794974 1.161170 0.960592 0.871746 0.939097 0.375001 0.381688 0.088965 -0.023032 
3.280644 0.058062 0.873431 -0.046937 0.251121 0.175677 0.665097 0.143975 0.023022 0.321188 -0.070323 0.003869 
3.392736 0.513786 0.733388 -0.455363 0.756058 0.729519 0.464296 0.258277 -0.153103 0.374017 0.008686 -0.017587 
3.261333 0.481792 0.962573 -0.444082 1.663316 0.546136 0.566066 1.473019 0.511152 0.046126 0.003935 -0.040711 
3.227951 0.663760 1.100492 -0.221459 1.073016 0.733923 0.360814 1.082112 0.574389 0.040253 0.139415 0.018553 
3.096047 0.134575 0.916750 -1.397219 1.101014 0.826741 0.868803 0.900602 0.080850 0.236503 0.099682 0.013409 
2.985508 0.366253 1.043699 -0.653332 1.379705 1.165719 0.444396 0.998910 0.092355 0.527893 0.300128 0.013913 
3.162422 0.651101 0.334108 -0.424138 1.270794 0.496628 0.857826 1.352559 0.629054 0.302623 0.191251 0.024150 
3.278677 0.247908 1.032052 -0.912165 0.881823 1.392003 0.928401 1.139305 0.540470 0.289762 0.045749 -0.002836 
3.274485 0.490957 0.777639 -0.538835 0.945107 1.264872 0.668456 1.071578 -0.057754 0.176542 0.160067 0.040576 
3.146117 0.903934 1.087834 -0.328427 0.956659 1.252013 0.187770 0.818239 0.653211 0.307115 0.147970 0.017807 
3.256140 0.517460 0.839685 -0.358532 0.914080 0.778475 0.329964 1.022020 0.302177 0.765997 0.117333 -0.047363 
3.689247 -0.980277 0.501072 -0.500395 0.629380 -0.265781 -0.105953 -0.146955 1.106282 0.326405 -0.184072 0.000862 
1.230641 0.443419 0.286536 0.323923 2.156632 1.179815 0.841216 1.076919 1.261415 0.181236 -0.340602 -0.209353 
1.509339 1.091733 -0.060296 0.160341 1.049838 1.037805 0.786689 0.418206 0.194933 0.005055 -0.554079 -0.064721 
1.746962 0.886271 0.815518 0.076767 0.357785 0.503952 1.616695 0.408538 0.023668 -0.358714 -0.336573 -0.086724 
1.274859 1.030417 0.673160 0.435572 0.855051 0.945193 1.030903 1.142176 0.265328 -0.726425 -0.046736 -0.092275 
1.320882 0.971855 0.478874 0.323463 0.942882 0.789367 0.671630 0.350756 0.494021 -0.222516 -0.217431 -0.097113 
1.903092 0.271088 0.262097 -0.280270 1.171024 1.279357 0.115530 0.443817 0.432069 -0.054178 -0.497044 -0.116046 
1.509953 1.155652 0.591780 0.085108 0.505942 0.498171 1.159894 0.374923 0.741729 -0.198556 -0.475473 -0.041291 
1.133430 0.943811 0.990062 0.401947 0.287885 1.438482 0.646076 1.222788 0.643983 0.154673 -0.127697 -0.105942 
0.649419 0.371817 1.546086 1.643094 2.072946 1.467153 1.833733 0.899565 0.320346 -0.072804 -0.101826 0.060970 
0.337383 1.239934 1.226375 1.133589 2.064485 1.504483 1.609295 1.474529 0.312135 0.231450 -0.188071 -0.000462 
0.545027 1.453018 1.122897 1.267333 1.690877 1.481612 1.024963 0.711359 0.797690 0.563354 -0.039665 -0.078395 
0.591257 1.137351 1.329394 1.374269 1.115144 1.907214 1.170064 0.769428 0.918609 0.186273 0.148733 -0.104268 
0.448479 1.407699 1.080697 1.698399 1.202729 0.888605 1.530046 1.362971 0.296419 0.336960 0.024893 -0.051219 
1.075053 0.316108 1.279975 1.528911 2.154818 1.494916 1.125199 0.465884 0.968584 0.397185 -0.167271 -0.025139 
1.531568 0.682457 1.881027 1.822291 1.110349 0.535027 0.243055 0.763019 0.910702 0.414287 0.271844 -0.058819 
2.936018 -0.614556 1.911803 0.825019 1.072204 1.094710 1.510321 0.321642 0.766487 -0.081683 0.242756 0.115450 
4.167450 -0.686448 1.206857 1.610450 0.225763 1.196527 0.937034 0.999610 1.088999 0.138258 0.117309 0.092288 
4.558691 2.307847 0.357517 0.342883 1.100279 1.199843 0.830243 0.694433 0.774380 0.537209 0.129426 -0.019196 
5.673395 2.918715 -0.225205 -0.602268 0.773847 1.306574 0.605432 0.205767 0.322940 0.247082 0.328681 0.095864 
4.326942 3.632556 2.280033 0.878138 0.097131 0.181376 0.625424 0.929268 0.706973 0.345227 0.074833 -0.012057 
5.451369 4.472684 2.131487 0.222479 -0.069979 0.454027 0.968593 0.832264 0.444581 0.251485 0.120767 0.028390 
3.808628 3.382221 2.559366 1.502645 0.808360 0.591820 0.438722 0.356115 0.396107 0.405088 0.273194 0.072059 
2.871338 2.362714 2.234571 1.984074 1.458355 1.070600 0.893815 0.810332 0.371388 0.132120 0.080850 0.022811 
4.987263 3.207757 3.661281 2.309784 2.486271 1.589285 1.856574 0.919676 0.499166 0.354147 0.132375 0.045309 
-1.#IND00 -1.#IND00 -1.#IND00 -1.#IND00 -1.#IND00 -1.#IND00 -1.#IND00 -1.#IND00 -1.#IND00 -1.#IND00 -1.#IND00 -1.#IND00 
-1.#IND00 -1.#IND00 -1.#IND00 -1.#IND00 -1.#IND00 -1.#IND00 -1.#IND00 -1.#IND00 -1.#IND00 -1.#IND00 -1.#IND00 -1.#IND00 
