3.506048 0.194794 0.564770 -0.692737 1.859836 1.215535 -0.381976 0.730664 0.578169 0.338316 0.296822 -0.011183 
3.321676 -0.033448 -0.107055 -0.436913 1.168638 0.357367 0.527532 1.192197 0.020833 0.376243 0.115954 -0.006425 
3.192331 -0.372503 0.427178 -0.925436 1.327226 1.332901 -0.378318 0.542513 0.038875 0.384611 0.070027 -0.026672 
3.281342 0.277446 0.914304 -0.838956 1.135793 1.274382 0.676855 0.475704 0.575916 0.244186 0.420463 0.057193 
3.368959 -0.135024 0.480672 -1.181508 1.363201 0.964201 0.658586 1.441457 -0.019762 0.420030 0.405227 -0.037171 
3.538007 0.033144 0.382376 -0.770291 1.394029 0.861348 0.019169 0.427297 -0.033626 0.221546 0.286879 0.054191 
3.453884 -0.057531 0.196331 -0.926600 1.201845 1.386642 0.592358 0.550880 0.263967 0.340308 0.122075 -0.041982 
3.642784 -0.037970 0.678730 -0.572568 1.224576 0.923127 0.217611 0.247176 0.561166 0.183033 0.110048 0.054979 
3.388257 -0.079702 0.468141 -0.424338 1.393623 1.617836 0.695710 0.799947 0.283794 0.131627 0.211584 0.022777 
3.450655 0.085300 -0.170480 -0.278001 1.443199 1.033535 1.018957 0.181637 0.231971 0.197025 -0.024540 0.037098 
2.858723 -0.322824 0.057746 -0.156794 1.050254 0.966211 0.564852 0.688484 0.480695 0.413331 0.010750 -0.025940 
1.843572 0.752116 1.335862 0.393320 0.924522 1.909878 1.415570 0.400172 0.724234 0.180682 -0.072796 -0.045635 
0.949158 0.601423 1.475498 2.282630 0.792338 1.495738 0.713760 0.699575 0.727909 -0.270299 0.028601 -0.011190 
1.076007 0.801543 0.268951 1.526879 1.794608 1.044450 1.400182 0.602825 0.538166 0.502170 0.146544 -0.178645 
1.348281 0.365781 0.566195 0.317211 2.080191 1.182045 1.160044 0.678284 0.435341 0.537529 -0.177533 -0.101685 
1.399542 0.455759 -0.210097 0.347396 1.143528 1.255657 0.684151 0.966749 1.235719 0.451486 -0.133414 -0.118971 
0.859468 0.404534 0.817136 1.944306 2.169063 1.893924 0.400818 0.083876 0.426920 0.899365 -0.294441 -0.053701 
1.236996 0.819587 0.714363 1.555930 1.476835 1.189119 0.386066 0.347984 0.647299 0.407815 -0.080540 -0.076879 
0.823893 0.797121 1.590707 1.301413 1.298909 1.405765 0.248505 0.584152 0.656203 0.601406 -0.101246 -0.062095 
0.705107 0.931118 0.825135 1.712143 1.534355 1.669524 1.076681 0.880231 1.061330 0.221081 0.030819 -0.093202 
0.705378 0.456378 1.697201 2.021838 1.360425 1.366739 1.017099 0.590290 0.767291 0.460078 0.180606 -0.131327 
1.462014 1.063236 0.123981 0.983490 1.500205 0.122121 1.251796 0.818953 0.498906 0.535273 -0.014385 -0.063503 
1.294763 1.166454 0.727891 0.115193 0.508814 0.874955 0.026155 0.543352 0.347741 -0.097640 -0.246156 -0.121541 
1.594197 1.201030 0.774413 0.586925 0.050471 0.417893 0.863639 0.042152 -0.042692 0.179188 -0.231154 -0.054397 
1.367243 1.111917 1.186452 0.380931 1.039593 -0.332483 0.346449 0.374710 0.612837 -0.469935 -0.293580 -0.027092 
0.992308 1.458004 1.039388 1.215863 0.096303 0.578698 0.289467 -0.397051 -0.189916 -0.162056 -0.211964 -0.047824 
1.464091 1.218829 1.019792 0.413422 -0.095507 0.131642 0.650473 0.208711 0.202236 0.279153 0.073719 -0.037258 
0.997669 1.189162 1.156934 1.817977 1.118621 0.426560 0.364403 1.041485 0.671614 0.384938 -0.029572 0.009129 
1.102013 1.027280 0.330504 1.008657 1.215468 1.774498 1.856917 0.548744 0.250528 0.537416 -0.007100 -0.011783 
0.678961 1.386383 1.277083 1.329715 1.393776 0.222393 1.835017 1.148762 0.430552 0.191234 0.011588 -0.013677 
2.023323 1.168101 0.553246 0.070899 1.052836 0.229698 -0.205110 0.518777 0.668283 -0.128923 0.068737 -0.102284 
1.665435 1.331139 -0.014718 0.763736 -0.232412 0.374896 0.368327 0.602692 -0.051618 -0.094062 -0.472577 -0.086604 
1.643878 1.160923 1.070321 -0.011252 0.649407 0.184048 0.194079 0.185884 0.521972 0.056521 -0.506278 -0.084659 
1.245693 1.052976 1.240521 0.377423 0.327820 0.881800 0.645013 1.126270 1.047127 0.314203 -0.157630 -0.089791 
1.096340 1.315980 0.956926 0.235066 1.197434 1.050830 1.039395 1.163621 0.945367 0.132790 0.146818 -0.076832 
0.627715 1.170425 1.321622 1.451066 2.028854 1.151257 0.641709 1.032884 1.383245 0.595593 0.031318 -0.107589 
1.256869 0.504312 1.690078 1.962363 1.058003 1.020019 1.270620 0.855129 0.247837 0.007912 0.153296 -0.015676 
1.953883 0.527295 0.808392 1.606597 0.875216 1.333869 0.670694 1.275279 0.632840 0.187869 -0.043491 -0.019779 
1.849250 0.279483 0.836985 2.031442 1.919138 1.447007 1.349948 0.406524 0.793469 -0.048801 -0.114824 0.032250 
4.802920 -0.624449 -0.535491 1.884234 1.304077 0.540786 0.985776 0.515720 0.161707 0.207479 0.206878 0.039965 
4.503158 0.412687 -0.235389 1.581963 1.373779 0.700487 1.164004 1.160389 0.547918 0.302877 0.184355 0.027105 
4.122219 -0.577162 0.683433 1.488318 0.755453 0.864346 1.581688 0.896233 0.305806 0.422730 0.119672 -0.038400 
4.290624 2.272169 0.682846 0.092820 0.187098 1.394287 0.980222 0.477754 0.548329 0.276945 0.237371 0.050259 
6.787640 2.334945 -1.062574 -0.131668 1.394728 1.248555 0.728202 0.732018 0.532225 0.616404 0.333628 0.072358 
5.454935 4.144934 2.316224 0.708148 -0.101685 0.040408 0.232017 0.619252 0.703854 0.359601 0.115240 0.002799 
5.817766 4.614307 2.999869 1.556395 0.986842 0.417139 0.288041 0.509083 0.412603 0.317895 0.224270 0.078898 
4.781188 3.488901 3.488932 3.571672 2.072500 0.794654 0.433050 1.170476 -0.105577 0.039409 0.175039 0.067072 
4.021709 1.818058 1.752384 2.205574 2.658369 2.376600 2.090163 1.356227 0.056160 -0.115357 0.333994 0.142207 
-1.#IND00 -1.#IND00 -1.#IND00 -1.#IND00 -1.#IND00 -1.#IND00 -1.#IND00 -1.#IND00 -1.#IND00 -1.#IND00 -1.#IND00 -1.#IND00 
-1.#IND00 -1.#IND00 -1.#IND00 -1.#IND00 -1.#IND00 -1.#IND00 -1.#IND00 -1.#IND00 -1.#IND00 -1.#IND00 -1.#IND00 -1.#IND00 
