3.660275 0.001635 0.983635 -0.297773 1.416826 1.079525 0.899355 0.985018 -0.109359 0.264177 0.103462 -0.017300 
3.845586 0.207386 1.101232 -1.073007 2.248462 0.977332 0.047577 0.566461 0.016364 0.303318 0.135248 -0.021229 
3.813335 -0.313987 0.491851 -1.099416 1.213909 1.331893 1.048256 0.832648 0.011829 0.499576 -0.011302 -0.096168 
3.541113 0.557197 0.896365 -0.154779 1.373816 0.921265 0.539381 0.838076 0.030448 0.264229 0.337838 0.027125 
3.508017 0.570736 0.771454 -0.072712 1.050774 0.182364 0.781656 -0.062606 0.561834 -0.144037 0.086824 0.052956 
3.924924 0.315111 0.794364 -0.819371 1.460127 0.294217 0.199602 0.143918 -0.083008 0.158745 -0.038954 -0.035530 
3.827838 0.715192 0.929925 -0.208711 1.230678 0.422112 0.057488 0.551679 0.012518 -0.272553 -0.227016 -0.079557 
4.025731 0.839396 1.695660 -0.284230 1.594482 0.870551 0.504747 0.906129 -0.264512 0.120210 -0.097698 -0.078455 
3.835416 0.821936 1.587014 -0.186348 1.223834 1.231882 -0.124501 0.316615 0.220120 -0.439531 -0.149102 -0.015566 
3.300108 0.893930 0.764691 -0.213425 1.244380 0.862517 0.399730 1.112458 -0.113364 0.042880 0.365633 0.021634 
4.092451 0.983127 0.636390 0.027560 1.562447 0.707030 0.791352 0.421245 -0.493950 -0.043242 -0.107264 -0.033914 
4.161793 0.440358 1.216890 0.087380 1.786991 -0.121120 0.358365 0.215531 -0.761959 0.024585 -0.278773 -0.122452 
4.672002 1.485027 2.152814 1.592838 3.188645 2.056809 0.023462 0.419897 0.456048 -0.006227 0.093515 0.011860 
2.685507 1.789486 0.763941 0.196654 1.017695 1.309111 0.485065 -0.309027 -0.056595 0.326523 0.160052 0.042214 
2.142607 0.156152 0.000744 1.443929 1.878783 1.621112 1.193594 1.405123 0.389162 0.416710 0.098036 -0.082346 
0.941580 0.172767 1.540688 0.780336 1.903909 2.531879 1.765469 0.652899 0.559522 -0.102655 0.244841 -0.055627 
1.235375 0.471798 0.854095 1.402454 2.170947 1.886629 1.044215 0.629582 0.677596 0.371961 -0.384616 0.000638 
0.695474 1.236192 1.034050 1.756572 1.653584 1.079796 1.293505 1.310470 0.354812 0.174786 -0.066915 0.015630 
0.797258 0.103413 0.875801 2.378390 2.481238 1.471332 0.987372 0.911394 0.686191 0.385604 0.107148 -0.090056 
0.594691 0.411180 1.074768 1.765455 1.973477 1.545633 0.826221 0.959514 0.347757 0.460741 0.108390 -0.105296 
0.820125 0.428671 0.302979 1.467847 3.382263 2.032042 0.207998 0.942998 0.667646 0.118945 -0.246394 -0.008682 
1.467721 0.260854 0.815305 1.049995 1.636751 0.370415 0.446447 0.977427 0.998190 0.298099 -0.104598 -0.138045 
1.296889 0.708890 0.391397 0.634640 1.090718 0.278928 0.076327 1.207060 0.788311 -0.259326 -0.171591 -0.120750 
1.396660 1.025388 0.675528 0.967352 0.138848 -0.083936 0.175494 1.029030 0.443198 0.116339 -0.579912 -0.104879 
1.498115 1.016954 0.294391 0.928526 0.284489 0.102222 0.276826 0.389251 0.114531 0.083889 -0.221197 -0.116279 
1.298476 1.138009 0.794417 0.629584 1.182940 -0.179854 -0.013768 0.162689 -0.262475 -0.289105 -0.401057 -0.071060 
1.481698 1.043633 0.133107 0.854217 0.550598 0.399174 0.425174 0.370231 -0.221831 0.158660 -0.105667 -0.158118 
1.317253 1.048191 1.225124 1.254716 2.170104 -0.057776 1.509903 0.940027 0.409691 0.006719 0.156974 -0.004263 
2.606439 0.452352 1.034990 0.700196 0.655753 1.181793 1.733204 1.116629 0.886866 -0.123809 0.261605 0.012764 
1.932447 0.883844 1.008862 0.779109 1.242108 0.957128 1.086018 0.828349 -0.083463 0.198637 0.037984 0.017913 
1.275147 1.021055 0.482374 2.405062 -0.323357 1.283012 0.970696 1.312231 0.566217 0.159594 -0.120857 -0.044618 
1.323894 1.159404 0.243148 0.731372 1.261847 0.636150 0.674182 0.676759 0.460179 0.086405 -0.075010 -0.083404 
1.338556 1.076709 0.949382 0.687440 0.460653 0.482200 0.541540 0.883192 1.064171 0.454021 -0.228003 -0.078364 
0.766178 0.887983 1.035059 1.372013 0.699764 1.099915 1.409672 0.950998 1.120859 0.182088 0.074995 -0.119456 
1.413710 1.130066 1.889128 1.364714 0.473117 1.244899 0.867697 0.803009 0.132661 0.422566 0.393211 -0.077689 
1.522420 0.567085 1.992290 0.970331 1.200654 1.224752 0.176988 1.281002 0.490552 0.350381 -0.144219 0.005779 
2.152745 -0.065143 1.760515 1.743935 1.282637 0.307953 0.749588 0.119113 0.796051 -0.222466 0.163178 0.060074 
3.813372 -0.112778 1.416837 0.746379 1.227178 1.340584 0.874120 0.873048 0.596691 0.172879 0.111525 0.001060 
4.169318 -0.477543 0.797163 1.499438 1.731768 1.965787 0.810678 1.092032 0.723872 0.404600 -0.164074 -0.101305 
4.031977 2.232166 0.730889 0.000275 0.327557 1.324775 1.374403 0.671784 0.545124 0.600796 0.445857 0.082675 
3.908320 2.176975 0.796817 0.460620 0.803736 0.967893 0.748548 0.598667 0.762439 0.681397 0.198145 0.019763 
6.101845 0.565976 -1.398662 1.226339 1.620713 0.594423 1.484854 1.701705 0.470858 0.185753 0.189150 0.079099 
5.267952 3.162875 1.498516 1.462871 1.384986 0.550519 0.208171 0.444359 0.615835 0.600643 0.171658 0.026680 
3.364736 2.887966 2.599903 2.270816 1.925182 1.493382 1.006500 0.500086 0.247474 0.200191 0.227001 0.038105 
5.167147 3.021276 2.178989 3.061975 3.519020 2.456161 1.307261 0.158883 -0.873075 -0.291256 0.403966 0.152594 
4.210890 2.210563 1.286728 1.739519 2.257062 1.464325 1.747380 1.880100 0.925853 0.227105 -0.129327 -0.004819 
3.740900 1.930887 1.509170 1.913786 2.405014 1.581958 1.277158 0.661132 0.260894 0.384641 0.333552 0.070980 
3.798721 0.931766 0.923318 -0.446729 1.966088 1.980028 1.144114 0.937831 0.083568 0.201100 0.281107 0.015787 
-1.#IND00 -1.#IND00 -1.#IND00 -1.#IND00 -1.#IND00 -1.#IND00 -1.#IND00 -1.#IND00 -1.#IND00 -1.#IND00 -1.#IND00 -1.#IND00 
-1.#IND00 -1.#IND00 -1.#IND00 -1.#IND00 -1.#IND00 -1.#IND00 -1.#IND00 -1.#IND00 -1.#IND00 -1.#IND00 -1.#IND00 -1.#IND00 
