3.305872 0.628218 0.995819 -0.548526 1.477700 0.586865 0.288523 0.654929 0.687492 0.655010 0.049918 -0.039687 
3.410417 0.588176 0.875619 -0.969740 1.303663 0.297143 0.791852 0.649782 -0.153347 0.408042 0.234954 -0.030103 
3.295388 0.184110 0.728834 -1.179941 0.991909 -0.288847 -0.195572 0.802271 0.094145 0.067095 0.186671 -0.021260 
3.392685 0.425356 0.951116 -1.216527 1.125469 0.628621 0.181431 0.480993 0.077185 0.363117 0.145590 -0.006359 
3.186756 -0.294601 1.430157 -0.302040 1.788271 0.073256 0.318266 0.550083 0.097723 0.336196 0.061676 0.010107 
3.718679 0.208635 1.109796 -0.409775 1.786090 1.278950 0.406166 1.096990 1.165461 0.054877 0.246446 0.030745 
3.540047 0.215667 0.853817 -0.464489 1.039713 1.562122 0.812662 0.925024 0.447751 -0.181034 0.060699 0.026973 
2.966619 0.209210 1.002475 -0.760571 1.071340 0.786097 0.807446 0.715719 0.043712 0.405026 0.208131 -0.026080 
3.251001 0.477104 0.715231 -1.503785 0.939135 0.435235 0.203989 1.067730 0.214087 0.087220 0.084931 -0.028354 
3.376865 0.160101 0.670469 -1.126468 0.701362 0.778027 0.246462 0.585926 -0.444113 0.241226 -0.037713 -0.080814 
3.199453 0.319958 0.568425 -0.308127 0.950945 -0.181545 0.330485 0.328866 -0.036952 0.155164 0.229730 0.024331 
3.270922 0.170850 0.784259 -0.707674 0.553022 1.735881 0.320763 0.115767 0.600461 0.183282 0.115833 0.052254 
2.934941 0.531552 0.675012 -1.245241 1.084327 0.371580 0.371307 0.357520 0.135926 0.187009 0.312897 0.023859 
3.136572 0.650931 0.297426 -0.454885 1.264720 0.859953 0.533885 0.827102 0.083503 0.177710 0.055642 -0.022262 
3.186274 0.296087 0.525381 -1.016212 1.340135 1.101009 0.039282 0.130287 0.297023 0.326140 0.224468 0.027314 
1.905362 0.320990 0.413080 0.144874 3.273877 1.803236 2.622824 1.936207 -0.220867 0.073817 -0.328840 0.007206 
0.919828 0.971861 1.135863 1.562971 1.624380 1.818399 1.576951 0.094688 0.278059 0.495996 -0.054555 0.005233 
0.940272 1.064440 0.926927 0.828046 2.329011 1.751793 1.106208 0.595214 0.954572 -0.032403 0.025936 0.004965 
0.835039 0.878130 0.307467 1.436882 1.571400 2.517412 0.861953 0.891378 0.208934 0.745976 0.139928 -0.115911 
1.026430 0.752968 0.713918 0.556567 1.938096 2.205575 1.235161 0.634514 0.673282 0.128209 -0.066554 -0.043103 
0.874642 1.029299 0.880607 1.063180 1.681172 1.289641 0.944860 0.918452 1.138894 0.340070 -0.136417 -0.073571 
0.306381 0.932092 0.881244 1.897488 2.700556 0.720651 1.044916 0.979876 1.034207 0.433635 -0.082553 -0.117927 
0.506938 0.786268 0.781777 2.325679 1.192369 1.408258 1.069875 0.713466 0.786849 0.572962 -0.044858 -0.155921 
0.595933 0.832171 0.949920 1.628558 1.210484 1.564672 1.171110 1.033971 0.732183 -0.011599 -0.066017 -0.128857 
0.909144 1.161373 0.871391 0.578454 0.810833 0.948805 0.544961 1.319880 0.698454 -0.103323 -0.192903 -0.142935 
1.409262 0.718320 0.685116 0.823371 0.246401 0.488383 -0.222366 0.420237 0.599138 -0.216351 -0.386492 -0.173123 
0.931387 1.507033 1.329280 0.230836 -0.082082 -0.405391 1.145141 0.681966 0.385767 -0.027533 -0.376779 -0.125706 
1.429071 1.016052 1.076745 0.346129 0.086960 0.528179 0.554854 -0.175090 0.440388 -0.340337 -0.177013 -0.121287 
1.400695 1.294767 0.782701 1.088741 0.024031 0.421430 -0.153260 -0.156807 0.170951 -0.021545 -0.412629 -0.120998 
1.764871 1.153915 0.702424 0.598779 1.116619 0.512292 -0.174689 -0.241844 -0.231953 0.039857 -0.187108 -0.090368 
1.299624 0.900164 1.843732 0.939824 0.641587 1.687666 0.574027 0.172880 0.653621 0.247880 0.140322 -0.041564 
1.781519 0.506773 0.854305 1.318083 1.204809 1.109809 1.552090 0.203843 0.802185 0.152147 0.038528 -0.008877 
1.139982 1.855175 0.794529 1.331931 0.668728 1.114616 0.163990 0.727313 0.640376 0.085322 0.117937 -0.075395 
1.640733 0.999715 1.460357 0.793862 0.500879 0.312474 1.254389 0.517281 0.108800 -0.075263 -0.054331 -0.083642 
1.507423 0.712419 0.559963 0.133011 0.518436 0.545432 0.415528 0.774834 0.512900 -0.230837 -0.128273 -0.193422 
1.184826 1.156853 0.899084 0.138916 0.856988 1.907773 0.538065 0.649103 1.073135 0.642526 -0.170178 -0.133306 
0.845206 1.301477 1.358987 1.032651 1.457718 1.593980 1.159079 1.258746 0.501364 -0.049927 -0.131191 0.069801 
1.378245 0.499715 1.985010 1.194165 1.094859 1.366161 1.013524 0.636662 0.867894 0.177020 -0.227011 0.071671 
1.216545 0.882511 1.354210 0.663925 1.569004 1.763021 1.033844 0.777441 0.358157 0.621831 0.483813 -0.118946 
3.219948 -0.423458 1.668244 0.652681 1.311292 1.001105 0.920741 0.421292 0.542743 0.430261 0.156775 0.013921 
4.559991 -0.800885 0.522935 1.693292 0.820935 1.289755 1.092311 0.529982 0.382488 -0.022420 0.056277 0.054465 
3.957979 2.810642 1.597928 0.796842 0.370869 0.545298 0.644477 0.462025 0.402183 0.251737 0.121716 0.020701 
4.045782 2.354043 1.395090 1.113913 1.124995 1.451720 1.402840 0.382792 0.092404 0.476432 0.392614 0.077598 
3.990069 2.862476 2.250438 2.242444 2.179457 1.183622 0.132080 -0.468417 -0.082968 0.544234 0.405739 0.066764 
3.851506 3.339649 3.175565 2.898443 2.170302 1.542117 1.325367 1.011805 0.396360 0.124034 0.170058 0.035697 
3.788272 3.415452 3.376513 3.291796 2.125198 1.601888 1.153972 1.068701 0.307856 0.260850 0.172944 0.042272 
3.905390 3.208941 3.566485 3.371189 3.122853 2.078123 1.695928 0.857791 0.434832 0.275777 0.164689 0.032975 
2.825873 1.944166 1.727633 1.940474 2.102396 1.663885 1.275675 1.243753 1.061768 0.610850 0.161705 0.054557 
-1.#IND00 -1.#IND00 -1.#IND00 -1.#IND00 -1.#IND00 -1.#IND00 -1.#IND00 -1.#IND00 -1.#IND00 -1.#IND00 -1.#IND00 -1.#IND00 
-1.#IND00 -1.#IND00 -1.#IND00 -1.#IND00 -1.#IND00 -1.#IND00 -1.#IND00 -1.#IND00 -1.#IND00 -1.#IND00 -1.#IND00 -1.#IND00 
