3.211809 -0.287619 0.546103 -0.450395 0.730971 0.583619 0.662159 0.356467 0.227113 0.056435 0.113423 0.046935 
3.384448 -0.100900 0.638989 -0.757586 0.940225 1.276133 0.655355 0.639260 0.123431 0.456764 0.135654 -0.044565 
3.455013 0.597878 0.924003 -1.361081 1.255800 1.034709 1.515714 0.750399 0.135746 0.339288 0.151325 0.007062 
3.431675 0.466974 -0.010422 -1.456510 1.415556 0.641581 0.091204 0.012486 -0.206486 0.460427 0.214614 0.006585 
3.353756 -0.160504 0.416285 -0.782461 0.952019 1.543963 0.441703 0.566736 0.123384 -0.139477 0.251909 0.059339 
3.085175 -0.072378 0.210494 -0.923104 1.362419 1.174422 -0.091836 0.116051 -0.281665 0.088978 0.151601 -0.004118 
3.289206 -0.118735 -0.266797 -0.811626 1.397074 0.305338 0.543079 0.265077 -0.165336 0.504102 0.167127 0.014248 
3.544162 0.002325 0.245115 -0.902174 1.041674 0.508608 0.569332 0.233474 0.688124 0.508006 0.186494 0.031370 
3.367252 -0.285707 0.601604 -1.079315 1.239913 1.097708 0.123772 0.533114 -0.122482 0.789762 0.164654 -0.069209 
3.483478 -0.310996 0.726781 -1.066001 0.876868 0.346752 0.516741 0.665595 -0.008046 -0.284067 -0.046975 0.020157 
3.543696 -0.233236 0.561160 -0.966344 1.083818 0.616829 -0.100053 0.913717 0.477991 0.195588 0.160763 -0.005422 
3.387125 0.180397 0.164078 -1.127959 1.287845 0.019082 0.384244 1.261711 -0.257342 0.177703 0.236867 -0.002536 
3.453394 0.156991 0.700775 -0.947277 1.255150 0.784414 0.498658 0.760909 0.463612 0.423370 0.205929 -0.019003 
3.289804 -0.034638 0.418364 -1.007091 1.082048 0.738529 0.429648 0.972203 0.455235 0.306772 0.198714 -0.017692 
3.480032 -0.129836 0.367673 -0.612865 1.625249 0.492236 0.107105 0.495156 0.096149 0.583506 0.292877 -0.050594 
3.555532 -0.204815 -0.101784 -1.629002 0.769388 0.725364 -0.069326 0.576661 0.294317 0.191537 0.168004 0.001218 
3.545042 0.142314 0.379281 -0.894761 1.327299 1.358446 0.858473 0.335070 0.044064 0.524095 0.172569 0.005563 
3.247151 -0.212799 -0.143954 -0.310206 2.988986 -0.166561 1.962372 -0.131851 0.440032 0.922395 -0.162774 -0.010802 
2.799006 1.866435 0.849050 0.490107 2.482642 0.445251 -0.024896 0.477982 1.576859 0.656716 -0.138915 -0.066797 
0.257064 1.156978 1.646264 1.155439 2.230201 1.612905 0.933238 1.722386 0.347173 0.099876 0.018365 -0.046468 
0.868946 0.707852 1.211121 1.504143 1.267775 1.830441 0.823369 1.109281 0.546420 0.396943 0.069846 -0.118922 
1.186415 1.015068 0.930309 1.214908 1.760069 1.632465 1.177946 0.330008 0.799365 0.350878 0.114626 -0.060366 
0.704720 0.785959 0.324053 0.938378 2.471145 2.025648 1.172861 0.442643 0.921115 0.714516 0.019781 -0.157279 
0.512929 1.357506 0.812867 2.193391 2.116920 -0.490714 1.571307 2.031152 1.038699 0.118392 0.069471 -0.103071 
0.669186 1.020078 1.635700 1.351680 1.971697 1.515874 0.457231 0.251308 1.045320 -0.002282 0.130402 -0.064961 
0.707703 0.460797 0.917307 2.000470 1.900405 1.349776 1.180983 1.132668 0.176586 0.215166 -0.057460 -0.037502 
1.565839 1.233227 0.047156 0.835928 1.229478 0.756497 0.822488 0.342720 1.184461 0.335625 -0.410655 -0.052833 
0.797913 1.209849 1.182554 0.671308 0.668492 0.060863 0.397851 0.521545 1.047021 -0.085232 -0.224650 -0.123868 
1.427342 1.142129 0.607894 0.597361 0.340234 0.881487 0.041227 0.059684 0.119458 -0.251253 0.090463 -0.127094 
1.295565 1.022251 0.890067 0.366896 0.322115 0.596626 0.313493 0.392871 0.016041 -0.441340 -0.172073 -0.081834 
1.658508 1.659365 0.654098 0.641842 0.075118 0.331892 0.066357 0.261664 0.432325 0.159629 -0.098174 -0.066410 
1.047065 1.273113 1.412255 0.480651 1.509643 0.755288 1.354009 0.301266 0.434006 0.417304 0.121423 -0.023699 
1.147878 0.911007 0.315080 1.614478 1.648446 1.609835 0.304443 0.772742 0.506028 -0.009879 0.178729 -0.031494 
1.295414 1.101277 0.773991 0.409327 1.925731 1.010821 1.146486 0.641191 0.384909 0.349676 -0.039942 -0.007085 
1.131288 1.233866 1.211105 1.477141 0.829050 0.172373 1.684975 1.236038 0.078939 0.260451 0.151357 -0.017246 
1.441574 1.383902 1.661190 0.732278 0.494146 0.303546 1.609738 0.504768 0.349609 0.101468 -0.103185 0.006606 
1.115507 1.106927 0.861935 1.019964 0.931383 1.666125 0.509717 0.443346 0.408100 0.223316 0.090282 -0.072758 
0.973496 1.304588 1.035793 0.508274 1.202476 0.482842 1.700022 0.286436 1.129792 0.290765 -0.030825 -0.051552 
1.088510 0.744406 1.594573 0.772849 0.571608 1.734572 0.746270 1.283164 0.572491 0.186760 0.085101 -0.086685 
1.713003 0.478149 1.357021 0.890896 1.881793 1.660359 0.595996 0.951970 0.641316 -0.107403 0.288028 -0.057259 
2.028044 0.482821 1.295731 1.265190 1.059968 0.827008 0.522520 0.363812 1.162130 0.304084 0.160907 -0.073018 
2.786037 -0.858270 2.429903 0.561148 1.267749 0.490680 0.918913 0.708386 1.040181 0.580184 -0.185108 -0.055427 
2.577967 -0.467892 1.960003 0.893286 0.909629 0.968987 1.711181 0.299401 0.878990 -0.057401 -0.120939 0.042803 
3.515344 -0.652442 1.206234 1.612022 0.591123 1.035909 0.110654 0.696338 0.992308 0.043026 0.178874 0.051953 
6.302048 2.286855 -1.155500 -0.578856 1.232553 1.224969 0.564799 0.430544 0.628102 0.421654 0.284306 0.065376 
3.823303 0.814152 1.733838 0.010038 0.496183 1.431002 0.516382 0.423053 0.657850 0.176610 0.366730 0.082276 
5.386846 1.949479 -0.730897 0.049947 1.351334 1.385204 0.779809 0.809545 1.088894 0.585121 0.334829 0.042958 
6.149878 4.737205 2.454607 -0.042183 -0.618200 0.178656 0.557164 0.787744 0.581163 0.213431 0.108396 0.020825 
-1.#IND00 -1.#IND00 -1.#IND00 -1.#IND00 -1.#IND00 -1.#IND00 -1.#IND00 -1.#IND00 -1.#IND00 -1.#IND00 -1.#IND00 -1.#IND00 
-1.#IND00 -1.#IND00 -1.#IND00 -1.#IND00 -1.#IND00 -1.#IND00 -1.#IND00 -1.#IND00 -1.#IND00 -1.#IND00 -1.#IND00 -1.#IND00 
