3.719534 0.183360 0.425645 -0.714763 1.714501 1.027596 1.254888 0.421655 0.155592 0.869506 0.316473 0.006590 
3.622061 0.328290 0.985835 -0.557583 2.402487 0.809089 0.694051 0.510983 0.639830 0.232719 0.290146 0.070035 
3.320128 0.000951 0.961015 -0.257197 1.183888 1.264432 1.008090 1.312427 0.366084 -0.156158 0.112977 0.008909 
3.807079 0.129583 0.575695 -0.846464 1.741998 0.831556 1.234029 0.616853 0.504099 0.271243 0.006288 0.006990 
3.578176 0.080787 0.425954 -1.117632 0.389573 1.356292 0.400552 0.357428 0.210685 0.226111 0.101655 0.008853 
3.178626 -0.286336 0.331700 -1.720149 0.838367 0.731473 0.006397 0.185144 0.013597 0.410907 0.311812 -0.031128 
3.776446 0.174365 0.447225 -0.447215 1.347155 1.023169 0.384197 1.068958 0.253201 0.474007 0.266986 -0.013433 
3.433729 -0.196611 0.164742 -0.977214 0.923261 1.309724 0.445162 1.029837 0.395462 0.090175 0.147514 0.007721 
3.447358 -0.075211 0.295768 -0.779691 1.541914 0.726064 0.787315 -0.186678 0.122792 0.390024 0.247984 0.078518 
3.233199 0.462540 0.406146 -1.193893 0.900533 1.177614 0.088949 0.324687 0.471728 0.133890 0.169734 0.039493 
3.758942 0.366179 0.093058 -0.974815 0.792413 0.676357 0.873503 1.047076 0.326645 0.088126 0.255901 0.053887 
3.573886 -0.039133 0.641788 0.050310 1.656297 1.322642 1.099431 1.184019 0.072646 0.410498 0.207418 -0.013805 
2.596513 1.943384 1.370640 0.868431 0.726850 0.663705 0.460772 0.287867 0.183303 -0.017996 -0.019764 -0.023567 
5.789363 2.369379 1.700040 2.476923 0.866343 0.143771 0.490303 1.093668 0.491577 0.026447 0.005977 0.022953 
3.211849 0.657115 1.225984 1.074590 1.510331 1.063601 0.689511 0.536153 0.053806 0.180880 0.047795 -0.006818 
1.464986 1.082617 0.426506 0.564631 1.599291 1.844329 1.394160 1.051327 0.372867 0.387592 -0.189598 -0.032107 
1.753792 0.715602 0.907973 1.499691 1.941669 0.816117 1.174027 0.664238 0.240449 0.259984 0.289394 -0.068910 
0.734699 0.860175 0.465774 2.501617 1.872347 1.951999 0.513439 0.596874 0.966098 0.292699 -0.136532 -0.053029 
0.852080 1.009691 0.674069 1.417855 2.209250 0.847532 0.481438 0.324819 1.481718 0.755592 -0.247706 -0.098270 
0.907492 -0.009323 0.887430 1.806718 2.218548 1.635466 0.625139 0.762614 0.787605 0.388797 -0.059636 -0.090688 
1.085559 0.636366 1.030450 1.493349 2.256712 0.136635 0.077263 0.860741 1.050610 0.274924 -0.054282 -0.103759 
0.766474 0.419387 0.697973 2.442286 1.586305 1.674664 0.299023 0.881503 0.846904 0.517473 -0.033118 -0.160159 
1.520846 0.631473 -0.279448 0.411844 1.695465 1.094530 0.107109 0.737614 1.060856 0.344124 -0.486087 -0.159155 
1.139091 0.712424 -0.014546 0.365066 0.363913 -0.150761 -0.064411 0.523130 0.303372 0.173446 -0.670589 -0.293821 
1.456504 0.383064 -0.089674 0.522811 0.587242 -0.771268 -0.404498 0.269901 -0.262137 -0.050675 -0.451355 -0.260637 
0.999578 0.896966 0.739277 0.426838 0.114181 -0.645517 -0.379860 0.042727 0.093217 -0.365673 -0.465496 -0.219724 
1.201057 0.904861 1.239978 -0.118092 0.146621 0.605936 -0.237450 -0.201647 -0.537690 -0.516991 -0.342577 -0.176018 
1.266227 0.856706 1.347320 0.896058 0.470674 0.736662 1.022436 -0.127129 0.401963 -0.022214 0.068815 -0.069266 
1.289512 1.362175 1.350075 0.492464 1.554214 0.633096 0.609484 0.216011 0.183932 -0.032350 -0.130496 -0.011686 
1.913317 0.826348 1.161099 0.742406 0.541785 1.149083 1.110370 0.191347 0.522967 -0.023925 0.349564 0.004418 
0.970817 1.166582 1.286026 0.635220 2.477822 -0.271248 0.628080 0.979349 0.663530 0.309643 0.267497 -0.075938 
1.001943 1.232418 0.790456 1.100621 0.468326 1.099174 1.578052 0.525621 0.588002 0.150134 -0.112433 -0.083516 
1.354442 0.827213 0.595209 1.116017 0.283643 0.787623 1.430243 0.793761 1.083135 -0.170970 -0.307057 -0.082004 
1.066357 1.425730 0.675507 0.425072 0.313769 1.272569 1.299107 0.858855 0.956122 0.410724 -0.054690 -0.133633 
1.127912 1.306298 0.523363 1.744456 0.531495 1.040280 0.855761 0.528190 0.659466 0.410086 -0.140265 0.008341 
1.780068 0.673402 0.830199 0.917339 2.020001 1.053225 0.141344 1.742294 -0.069026 -0.116630 0.134710 -0.011478 
3.120180 0.419580 1.108509 0.824929 0.046795 1.130535 1.367190 -0.039667 1.051750 0.123922 0.157630 0.012471 
4.342994 0.319666 1.886737 0.128410 0.453976 -0.058023 1.223645 0.104189 -0.057701 0.582427 0.264770 0.027052 
7.005771 1.063551 1.309807 0.493277 0.562794 0.341410 1.656548 -0.214949 0.367805 0.222233 -0.133249 0.026907 
5.813975 3.299376 0.625998 0.059183 0.880961 1.064215 0.786812 0.213531 0.059813 0.118448 0.101804 0.037504 
4.122857 2.406129 1.484620 1.463568 0.891581 0.251761 0.302871 0.546588 0.626920 0.444094 0.126014 0.019995 
4.037885 3.338952 2.088922 0.882200 0.370170 0.350574 0.617207 0.594863 0.364722 0.152240 0.029597 -0.010346 
4.622603 3.331016 2.942607 3.058795 2.259940 0.310198 -0.316224 0.748851 0.786743 0.233878 0.050759 0.043288 
2.655752 2.199428 1.984506 1.602085 1.305338 1.030468 0.652509 0.495047 0.291386 0.129416 0.061406 0.013724 
2.547043 1.924123 1.603194 1.419011 1.144930 0.741174 0.411712 0.312159 0.133525 0.043221 -0.048201 -0.006740 
3.214934 0.651680 0.652726 0.353041 1.564937 1.455816 1.106370 0.625964 0.331369 0.412052 0.220161 -0.028089 
3.433606 0.919037 0.868696 0.504632 1.919403 1.283892 1.351957 1.138541 0.051131 0.454383 0.435090 0.020082 
3.602354 0.470853 0.816216 0.385728 1.879615 1.548470 0.570599 0.554107 0.264390 0.678966 0.210905 -0.040775 
-1.#IND00 -1.#IND00 -1.#IND00 -1.#IND00 -1.#IND00 -1.#IND00 -1.#IND00 -1.#IND00 -1.#IND00 -1.#IND00 -1.#IND00 -1.#IND00 
-1.#IND00 -1.#IND00 -1.#IND00 -1.#IND00 -1.#IND00 -1.#IND00 -1.#IND00 -1.#IND00 -1.#IND00 -1.#IND00 -1.#IND00 -1.#IND00 
