0.313921 0.615104 0.609658 0.794572 0.276885 0.553709 0.364374 0.681831 0.527709 0.220350 0.281288 0.106439 
0.238786 0.539884 0.446021 0.578266 1.143202 0.286047 0.066578 0.448002 0.131273 0.541297 0.342485 0.031849 
0.114026 0.028054 0.475429 0.954911 0.366266 0.589965 1.226272 0.925110 0.187307 0.373872 0.165864 0.092419 
0.291750 0.499048 0.935226 0.305190 0.092079 1.132330 0.739453 0.170401 0.308912 0.364827 0.354465 0.013468 
0.335463 0.435516 0.439895 0.226408 0.572846 0.565951 0.164625 0.841374 0.128136 0.740729 0.162772 0.111664 
0.219233 0.519400 -0.038164 0.567662 0.460488 0.495771 0.418832 0.899804 0.339685 0.370570 0.189059 0.131260 
0.145893 0.397680 0.366733 0.245852 0.297034 1.111184 0.134521 0.437901 0.423169 0.530687 0.341438 0.084782 
0.152897 0.789648 0.223692 0.973924 -0.025841 0.442907 0.824584 0.169980 0.930693 0.616076 0.218539 0.024579 
0.247149 0.307258 0.467381 0.601044 0.568493 0.235569 0.700492 -0.008317 0.869615 0.670070 0.247267 0.111857 
0.340386 0.091139 0.849349 0.038696 0.590574 0.372949 0.562338 -0.189922 0.815649 0.472395 0.435530 0.103992 
0.067077 0.472272 0.421409 0.554673 0.657560 0.955561 0.912385 0.631927 0.021992 0.253275 0.175104 0.167029 
0.020257 0.399931 0.619848 0.011769 0.684818 0.581977 0.491969 0.842703 0.414568 0.548860 0.038158 0.159153 
0.435511 0.136462 0.234640 0.620704 0.815740 0.480803 0.379008 0.666825 0.841433 0.088051 0.523338 0.039402 
0.248161 0.413514 0.403560 0.335302 0.768648 0.825744 0.245415 0.877842 -0.081081 0.419770 0.365547 0.098106 
0.243371 0.590690 0.558715 1.117485 0.748902 0.106523 0.316015 0.220577 0.461604 0.642557 0.164251 0.039664 
0.197098 0.178279 0.913054 0.792555 -0.159937 0.521501 1.265030 0.829240 0.226346 0.416512 0.259709 0.064899 
0.318854 0.495501 0.567339 0.187884 0.199406 0.792075 0.642095 0.404222 0.308835 0.514692 0.276311 0.020769 
0.267025 0.408873 0.245832 0.197192 0.833323 0.786073 -0.161551 0.747605 0.279122 0.598832 0.195156 0.153840 
0.243504 0.439666 -0.112154 0.438602 0.444764 0.335274 0.587332 0.668162 0.216242 0.483510 0.205237 0.128857 
0.103039 0.689448 0.394703 0.507443 0.241103 1.290106 0.305323 0.496433 0.620136 0.395291 0.245396 0.086592 
0.111892 0.605642 0.526868 0.838114 -0.001803 0.325952 0.292945 0.349536 1.112311 0.574797 0.256869 0.011138 
0.366849 0.157177 0.392896 0.735009 0.479178 0.315114 0.940839 -0.333261 0.711939 0.600937 0.249262 0.147796 
0.358643 0.084162 0.611651 0.081253 0.631482 0.513057 0.664437 0.092738 0.766897 0.385333 0.454772 0.093932 
-0.008408 0.494500 0.543451 0.461106 0.622672 0.784993 0.731089 0.698601 0.149736 0.356359 0.120560 0.192966 
0.220188 0.418270 0.439339 0.072811 0.756717 0.583819 0.261449 0.579667 0.414893 0.637872 0.086034 0.111998 
1.336873 0.840557 -0.010711 0.541386 0.217037 0.173819 -0.387022 -0.137951 -0.061449 -0.788050 -0.603577 -0.139750 
1.282519 0.847898 0.842707 1.249737 -0.184003 0.683772 0.055454 0.029128 -0.284098 -0.314169 -0.701890 -0.057559 
1.150551 0.916978 1.900449 1.602323 0.593482 -0.010200 0.606261 0.078827 0.686289 0.419411 0.182688 -0.095492 
1.545057 1.298372 1.029789 1.381507 0.426623 0.836989 0.286131 0.577074 0.228829 -0.103233 0.169215 -0.068143 
0.998827 1.432708 1.049802 1.499681 1.589245 0.891742 0.624112 0.344814 -0.374055 0.423271 0.016164 -0.015976 
1.096274 1.249463 1.867228 0.015602 1.231883 1.074386 0.609371 0.525933 0.549838 0.255370 -0.238826 -0.050419 
1.744234 1.462185 0.179010 0.241221 0.538901 0.512839 0.488706 0.388490 0.044938 0.082257 -0.468776 -0.069541 
1.259316 0.946444 0.799736 0.724432 0.756928 -0.098761 0.711558 1.348974 1.022698 0.017012 -0.066860 -0.141726 
1.217318 0.858674 0.691669 0.787547 0.628960 1.297030 0.861335 0.662117 0.938645 0.311130 -0.077166 -0.081187 
1.199035 1.278774 1.699649 1.579690 1.212374 1.446865 0.906109 -0.121827 0.300566 0.362084 0.082266 0.003222 
1.608047 0.553102 1.781006 2.000075 0.848056 1.175161 0.422758 1.222340 0.653499 0.324051 0.158282 -0.034214 
2.454711 0.075630 1.640383 1.307824 0.446561 1.128463 0.838266 0.551639 0.119206 0.670291 0.185270 -0.055103 
3.531779 -0.338074 0.636380 0.977850 1.277020 0.684469 0.645191 0.495574 0.453765 0.476334 0.288342 0.001181 
5.120802 1.493947 0.027884 0.968775 0.907105 0.512543 0.571556 0.658342 0.763928 0.403087 0.345289 0.081923 
4.791445 3.042677 0.933732 0.316728 0.623253 0.803925 0.696203 0.340569 0.046287 0.032612 0.232681 0.083037 
7.164602 3.625862 -0.315121 -0.828790 0.668828 1.460942 0.583550 -0.009380 0.355248 0.110920 0.270830 0.105754 
6.582869 4.841737 1.862277 -0.209336 -0.433034 0.331625 1.022836 0.842178 0.686673 0.224275 -0.029797 -0.054593 
4.901670 3.418196 2.595369 2.410743 2.741896 1.743533 0.933703 0.715651 -0.082090 0.115620 0.069139 0.014402 
3.154924 2.275333 2.223035 1.849503 1.927614 1.279699 0.580824 0.652084 0.405701 0.225625 -0.015409 -0.006557 
2.857482 2.102707 1.772974 1.399294 0.919874 1.000658 0.943519 0.594171 0.396844 0.264444 0.186057 0.010586 
3.657715 1.424320 1.208656 0.386023 2.176148 1.829302 1.371120 0.952524 0.765597 0.264231 0.107093 0.004779 
3.579265 0.542385 0.833152 -0.783988 2.275873 1.284206 1.176801 0.888173 0.824936 0.095150 -0.041456 -0.013891 
3.403730 0.197369 0.727329 -0.480516 1.364081 1.465045 0.583102 0.426803 0.124490 0.063132 0.355263 0.046540 
-1.#IND00 -1.#IND00 -1.#IND00 -1.#IND00 -1.#IND00 -1.#IND00 -1.#IND00 -1.#IND00 -1.#IND00 -1.#IND00 -1.#IND00 -1.#IND00 
-1.#IND00 -1.#IND00 -1.#IND00 -1.#IND00 -1.#IND00 -1.#IND00 -1.#IND00 -1.#IND00 -1.#IND00 -1.#IND00 -1.#IND00 -1.#IND00 
