3.322433 0.274331 1.081515 -0.262422 1.024330 1.292279 1.117842 0.892942 0.305734 0.410320 0.087488 -0.002705 
3.479758 -0.033611 0.380513 -1.034177 0.701494 0.659440 0.029817 0.454103 0.399029 -0.061831 0.193925 0.062167 
3.479069 0.605899 0.709975 -1.331669 0.982480 0.651020 0.587818 0.750866 0.410124 0.035637 0.191714 0.042102 
3.479390 0.201771 0.968167 -0.330356 1.471211 0.859276 0.369963 0.571646 0.297710 0.062703 0.151337 0.044007 
3.414074 -0.160873 0.504926 -0.551560 1.151428 0.638767 0.781632 1.299773 0.507756 0.293136 0.164859 -0.018702 
3.020632 0.294927 0.770804 -0.565314 1.387553 0.498372 0.771576 1.150873 0.528413 0.299917 0.236547 -0.039264 
3.394451 0.435003 0.950610 -0.798995 0.733716 1.447135 0.924720 0.166805 0.982928 -0.105892 -0.014750 0.065363 
3.046758 -0.203756 0.730064 -1.051940 1.214673 0.403110 0.674353 0.557455 0.500396 0.136375 0.193569 0.016587 
3.315663 -0.261987 0.764845 -1.071471 1.195263 0.898020 1.125438 0.654879 -0.002917 -0.038318 0.272053 0.044845 
3.296498 0.415999 0.484083 -0.926464 0.446143 0.769405 0.744323 0.344732 -0.378524 0.288307 -0.048598 -0.075517 
3.242239 0.093884 0.609911 0.003308 1.492493 1.124473 0.567095 0.989043 0.118873 0.115173 0.201715 0.003853 
3.635228 0.298595 1.750010 -0.219886 1.335502 0.208892 -0.088366 1.058277 0.688818 0.557590 0.074558 -0.048069 
3.629450 0.047157 0.801047 -0.196958 1.253707 -0.179858 0.470451 0.025447 0.626589 0.184587 0.023451 0.017945 
3.378645 0.347892 0.718207 -0.581260 1.147990 0.084490 0.086339 0.391715 0.652729 0.194454 0.106754 -0.015091 
3.249891 0.507712 0.395638 -0.363747 1.233258 0.748157 0.311024 0.825134 -0.180334 -0.127978 0.177019 -0.017015 
3.426064 0.599260 0.943419 -0.592091 1.430643 0.253272 0.278487 0.129617 -0.270149 0.030965 0.054164 -0.036990 
1.385977 -0.120188 1.475415 0.962557 1.015469 2.515343 0.984257 0.809094 0.228322 0.328491 0.134687 -0.074670 
0.877743 0.544213 0.960973 1.260875 1.877872 1.311249 1.254777 0.943518 0.598030 0.185196 0.015248 -0.053785 
0.794804 0.763344 0.763271 1.229172 0.946012 2.841000 1.597645 0.869083 0.723875 0.120468 -0.040289 -0.096019 
0.930818 1.157730 1.245158 1.414307 1.518594 1.196226 0.878697 1.086702 0.561892 0.207515 0.055827 -0.064888 
0.836675 1.322128 0.230832 1.535759 2.205191 0.578376 0.384665 1.052829 1.013698 0.431460 0.202669 -0.171821 
0.613007 1.084457 1.731182 0.705476 1.522208 1.018963 0.816425 0.674218 1.269012 0.417678 -0.040495 -0.115856 
0.602579 0.946475 1.013268 1.991511 2.488633 0.948072 0.489580 0.630807 0.679267 0.436856 -0.140238 -0.064809 
0.905325 0.320732 1.029392 1.457111 1.564799 1.414091 0.175528 1.466702 0.899620 0.347388 0.118075 -0.214238 
1.381006 1.042641 0.427347 0.385042 1.731506 1.286671 0.321677 0.778879 0.359873 0.149069 -0.214271 -0.094284 
1.090279 1.072039 0.692791 -0.097867 0.400016 0.414335 0.017999 0.229207 1.052679 -0.144208 -0.739157 -0.126545 
1.446030 1.083956 0.489620 -0.559715 0.196655 0.750867 0.861969 0.462144 0.596191 -0.013245 -0.274542 -0.082990 
1.525680 1.246822 -0.045271 0.800916 0.662155 0.474557 0.947819 0.081196 0.012256 -0.157111 -0.150531 -0.094921 
1.340226 1.229181 0.674358 0.389493 0.534083 0.192947 -0.161523 0.534212 -0.179039 -0.190134 -0.312847 -0.124155 
1.504503 0.961592 1.832623 -0.017533 1.247501 0.487248 1.242511 0.010573 0.739465 0.227216 -0.122592 0.024091 
2.064225 0.582484 1.005250 0.948240 0.984933 0.839103 1.219448 0.250676 -0.146616 0.573080 0.278833 -0.008678 
1.774518 0.581378 1.004974 1.011587 1.602888 1.125141 1.128439 0.642089 0.246353 0.472004 0.151686 -0.069286 
1.225521 1.338306 1.228763 0.093349 0.529023 1.032193 0.906144 1.483649 0.270936 0.191708 -0.208025 -0.004790 
1.039450 1.363386 0.882157 0.865691 1.413466 0.819565 0.514129 0.725601 -0.069956 0.165016 0.080230 -0.109030 
1.510216 0.948275 0.604622 0.024291 1.455697 1.414515 0.978906 0.261517 0.375771 0.413104 -0.256842 -0.061197 
1.293644 0.728729 0.609010 1.238503 1.245245 1.267148 1.845152 0.823128 0.572091 0.738923 -0.258645 -0.053216 
1.839795 0.251069 1.703392 2.242195 2.030929 1.541514 -0.113416 0.574126 0.205842 0.620112 0.122153 -0.047982 
3.086418 -0.199730 1.572256 1.178361 0.978616 1.402670 0.145549 1.146549 0.451534 -0.143212 0.016843 0.008574 
3.611508 0.978258 1.325691 0.620019 0.059999 1.295416 1.143931 0.087905 0.242112 0.117627 0.129372 0.011244 
4.599440 0.934703 0.222840 0.847363 0.549555 0.504668 1.064052 0.813490 0.320600 0.202133 0.034781 -0.010061 
3.999896 2.594098 0.939156 0.117904 0.554502 1.352189 1.483876 0.923423 0.340970 0.113819 0.078312 0.009539 
6.095306 3.222952 0.406120 0.084163 0.644307 0.869635 0.520323 0.278623 0.359849 0.121305 0.160187 0.063310 
6.072536 1.854741 0.042594 0.825316 0.977042 0.651198 0.264286 0.163503 0.575053 0.587192 0.440666 0.117420 
3.211017 2.786770 2.507396 2.095696 1.517211 0.941725 0.554101 0.387136 0.289478 0.280197 0.243597 0.031923 
3.110964 2.746045 2.516270 2.156143 1.777056 1.363987 0.927242 0.592411 0.428824 0.242555 0.153717 0.036087 
4.825541 3.026940 3.328910 4.621000 3.478370 1.349245 0.950725 0.994332 0.324722 -0.072239 0.070937 0.021964 
4.521206 3.501239 4.193318 4.003261 2.539201 0.669490 1.292400 1.230833 0.313193 0.022222 0.162398 0.054342 
3.444903 2.428557 2.399724 2.171176 2.114744 1.832044 1.415546 1.103903 0.494312 0.104122 0.126175 0.039056 
-1.#IND00 -1.#IND00 -1.#IND00 -1.#IND00 -1.#IND00 -1.#IND00 -1.#IND00 -1.#IND00 -1.#IND00 -1.#IND00 -1.#IND00 -1.#IND00 
-1.#IND00 -1.#IND00 -1.#IND00 -1.#IND00 -1.#IND00 -1.#IND00 -1.#IND00 -1.#IND00 -1.#IND00 -1.#IND00 -1.#IND00 -1.#IND00 
