3.450901 0.301512 0.485066 -0.460080 1.866228 0.902108 0.822806 1.181044 0.403819 0.337161 0.270601 0.016986 
3.586650 0.473988 0.225910 -0.355662 0.868842 0.504897 -0.236864 0.774263 0.224312 0.060639 0.194656 0.055728 
3.494971 0.517718 1.277474 -0.858389 0.932620 0.741680 -0.257904 0.012970 0.497234 0.550231 0.259443 0.023458 
3.512457 0.223481 0.751435 -0.874652 1.627163 0.919354 0.366337 0.591336 0.441668 0.370800 0.021418 -0.008532 
3.440611 0.326635 0.671435 -1.001977 0.691923 0.645008 -0.266077 0.157156 0.281376 0.196989 0.104765 0.010512 
3.452870 0.169241 0.243996 -1.174798 1.167856 1.052126 0.413729 0.187632 0.258106 0.352145 -0.120188 -0.033687 
3.422629 -0.043592 0.949568 -0.477237 1.246098 0.454319 0.748179 0.818903 -0.109833 0.226226 -0.033650 -0.033970 
3.301411 0.228955 0.325099 -0.592662 1.247101 1.562552 0.974927 0.426950 0.130596 0.318442 0.371453 0.017012 
3.277146 0.324545 0.646454 -0.343257 0.908067 0.522928 0.481704 0.836824 0.256494 0.156583 0.199374 -0.001345 
3.408300 -0.113436 0.332598 -1.423681 0.634248 0.087253 -0.161414 0.130314 -0.087398 0.073912 0.189340 0.037189 
3.484180 0.197013 0.683552 -0.454778 1.465537 1.317900 0.832624 0.919439 0.267107 0.095577 0.105593 -0.002168 
3.518169 0.358517 1.069568 -1.407891 0.781462 1.360703 1.008647 0.737706 0.288500 0.399112 0.146142 -0.008734 
3.422977 0.365034 -0.145361 -1.066811 0.993005 0.712977 0.749508 0.668719 0.484704 0.441034 0.008626 -0.037890 
3.398940 0.244070 0.261083 -0.975726 1.350129 0.605711 0.179979 0.791166 0.207111 0.741938 0.174596 -0.021131 
0.615894 -0.958753 -0.661345 -1.844116 5.780439 0.167364 -0.268162 -0.091626 0.015608 0.587042 0.072470 0.023644 
1.255012 1.091535 0.200248 0.873662 1.418017 1.602212 0.988342 1.322592 -0.019038 0.900800 0.045964 -0.109441 
1.106199 0.732032 0.419394 1.171141 2.245877 1.779777 1.400658 0.539112 0.489902 0.230164 0.216990 -0.117916 
1.081265 0.645537 0.136711 1.141234 2.055983 1.921205 1.719607 0.688045 0.665601 0.216270 -0.150285 -0.094948 
1.015324 0.981955 1.384597 1.255532 1.852742 1.115086 1.606260 0.413247 0.530642 0.251089 0.173840 -0.020286 
0.719080 0.733630 0.845652 2.341898 1.459114 1.308015 -0.020010 1.892346 0.359452 0.326149 0.176449 -0.113217 
1.062482 0.582090 1.142888 1.155896 1.437876 0.525676 0.704574 0.687910 0.916509 0.731469 -0.010913 -0.124362 
0.717604 0.278462 1.092946 1.710154 2.380949 0.851338 0.909206 1.105497 1.144323 0.208954 -0.138884 -0.124523 
1.452962 0.523178 0.717709 0.968850 0.742553 1.347374 0.482198 0.451312 1.395555 0.316353 -0.299091 -0.105089 
1.006169 0.908157 0.292484 0.912059 0.798800 0.486484 0.604413 1.097947 0.871335 0.065256 -0.540267 -0.132505 
1.814090 0.652641 0.291894 -0.047482 1.088486 0.346257 0.282375 0.622726 -0.209061 -0.358113 -0.586273 -0.135335 
1.612108 0.554925 0.083237 0.441049 0.494791 0.320314 0.003283 0.110957 0.285526 -0.197849 -0.516788 -0.222484 
1.748279 0.846822 0.353206 0.313678 0.531731 0.984655 0.326591 0.642889 0.651140 -0.337012 -0.299418 -0.139021 
1.064817 1.395513 0.407004 0.615568 1.601954 0.646274 1.104957 0.521677 0.805898 -0.025594 -0.320333 -0.052373 
1.669810 0.823017 1.148437 1.015534 0.863126 1.154010 1.064497 0.237041 0.550578 -0.022940 -0.000230 -0.036947 
2.029431 1.087600 0.990958 0.449760 0.972855 0.807819 0.576772 0.630805 0.504850 0.006593 0.170922 0.031572 
1.135663 0.786096 0.759743 1.668572 0.449273 1.927018 1.230421 1.133367 0.495573 0.328984 0.292752 -0.108626 
1.037151 1.603981 0.977357 0.576536 0.969204 0.828795 0.654348 0.333484 1.087412 0.342389 -0.137072 0.006939 
1.427548 1.184986 0.902105 0.222383 0.440912 0.733197 0.868433 1.063625 0.683523 0.102404 -0.267333 -0.059883 
0.949249 0.976015 0.678499 1.066999 1.085985 0.559540 1.442177 0.700239 0.755154 0.236767 -0.294836 -0.007554 
1.119728 0.907795 1.369900 0.178934 0.734132 1.182833 0.589159 1.342699 0.702029 0.269586 -0.201378 -0.104621 
1.777954 0.677613 1.108196 1.711008 1.241053 1.344333 0.709109 0.590724 0.669693 0.125218 -0.021757 -0.028146 
2.774813 0.275209 1.285382 0.863550 1.948291 0.569281 1.744903 1.305258 0.519888 -0.310722 0.190314 0.041343 
3.359316 -0.133765 1.068375 0.666134 1.981313 1.423012 1.139178 1.165638 0.179728 0.270238 0.263228 -0.031091 
4.384897 -1.049003 1.608309 0.302777 1.289868 1.426452 0.351739 1.006556 0.739144 -0.098505 0.287712 0.093512 
4.443771 0.532671 -0.144979 1.213021 1.254847 0.977237 1.193714 0.893356 0.307006 0.375307 0.259159 0.029497 
4.598151 2.840171 0.964935 0.316136 0.505774 0.750201 0.825696 0.458295 0.162260 0.105293 0.397360 0.131156 
8.814460 1.926342 0.190338 -0.898540 1.230760 1.380528 0.578837 0.299582 0.237304 0.326601 0.232761 0.045939 
5.275739 3.557398 1.140755 0.108640 0.677344 1.329545 1.130604 0.484998 0.147579 0.062472 0.136262 0.068798 
4.526193 3.666886 1.932657 0.402366 -0.036521 0.333077 0.928678 0.876174 0.410587 0.129812 0.197638 0.027244 
3.309193 2.956091 2.615358 2.142663 1.610362 1.178502 0.722976 0.456761 0.341365 0.304192 0.261531 0.046399 
2.744482 2.184490 1.795743 1.496867 1.135087 0.788933 0.603770 0.552296 0.543069 0.464157 0.318295 0.031266 
3.843818 1.515572 1.440778 2.010092 2.693093 2.670085 1.434111 1.374533 0.712307 0.214991 0.246243 0.103980 
3.276437 2.251273 1.569669 1.557931 2.080837 1.973082 1.572151 0.877093 0.575767 0.318772 0.221339 0.057177 
-1.#IND00 -1.#IND00 -1.#IND00 -1.#IND00 -1.#IND00 -1.#IND00 -1.#IND00 -1.#IND00 -1.#IND00 -1.#IND00 -1.#IND00 -1.#IND00 
-1.#IND00 -1.#IND00 -1.#IND00 -1.#IND00 -1.#IND00 -1.#IND00 -1.#IND00 -1.#IND00 -1.#IND00 -1.#IND00 -1.#IND00 -1.#IND00 
