3.582050 0.488144 1.034061 -0.476114 1.381485 1.384542 0.950310 0.427588 0.384207 0.091507 0.314473 0.039627 
3.352865 0.786146 0.701177 -0.362448 1.782054 1.274518 0.628818 1.062860 0.651756 0.413441 0.145577 -0.036600 
3.567308 0.126910 0.669148 -0.328304 1.027287 1.459804 1.145027 1.018042 0.486293 0.168475 0.114862 -0.029383 
3.482448 0.439558 0.942808 -0.593694 1.651764 0.878085 0.969267 0.679171 0.164859 0.346772 0.244643 0.001220 
3.406890 0.530380 1.000711 -0.429733 0.980899 1.701095 0.873270 0.244883 0.361549 0.449198 0.238503 -0.000542 
3.330004 0.507102 0.699325 -0.768401 1.070814 0.983582 0.462553 1.163620 0.336092 0.194750 0.101117 -0.066913 
3.472877 -0.011926 0.779540 -0.570105 1.413226 1.363998 1.249698 0.583480 0.215315 0.567916 0.076655 -0.031538 
3.704043 0.292520 0.877087 -0.566533 1.192144 1.401161 0.432794 0.610037 0.257331 0.133905 0.155344 0.024234 
3.428502 0.372798 1.336843 0.146517 2.217354 1.269132 1.173628 1.227034 0.127682 0.363777 0.164649 -0.001352 
3.503272 0.510390 0.412562 -0.460014 1.406114 0.511490 0.443522 0.949538 -0.000949 0.555430 0.283001 0.011763 
3.401579 0.643089 0.677736 -0.622339 1.438048 1.378352 1.552167 0.969915 -0.092989 0.256041 0.350287 0.047000 
3.129679 0.342627 0.714702 -0.617163 1.008179 1.176422 0.642998 0.572467 0.317997 0.313767 0.192473 -0.007339 
3.234294 0.256514 0.347839 -0.008310 1.398310 0.844734 0.641218 0.271079 -0.031581 0.440084 0.253785 -0.011757 
3.010259 0.450802 0.618497 -0.657144 1.318083 0.995469 1.045922 1.171306 0.482849 0.059804 0.180254 -0.009314 
3.408324 0.248543 0.538002 -1.309152 1.718231 0.645486 0.727330 0.912197 -0.007424 0.196108 0.068178 0.031246 
3.665866 0.054882 0.619557 -0.951121 1.162629 0.738663 0.988078 0.114196 0.730139 0.157468 0.016305 0.040524 
3.440982 0.434311 0.750202 -0.596022 0.839987 0.427269 0.749650 0.699552 0.346236 0.238800 0.025914 -0.045927 
3.461573 0.178522 0.788866 -1.080467 1.281367 1.088291 0.489424 0.244795 -0.257554 0.395054 0.027452 -0.041521 
2.654201 0.991628 0.255044 0.359377 2.171911 2.246839 0.796137 1.084936 0.636902 0.453932 0.093369 -0.068500 
1.107683 1.030962 1.314632 0.883289 1.290525 1.496606 0.702227 1.407150 0.841038 -0.391188 -0.023491 -0.013890 
0.738463 0.760208 1.710576 1.519632 1.360306 2.130976 0.894587 1.153854 0.195518 0.343559 0.011595 -0.048691 
0.945185 1.249400 0.877640 1.588627 1.254132 0.867563 1.117493 0.655958 0.599524 0.515723 0.129735 -0.073715 
0.587307 0.473164 0.881572 1.955119 1.469673 2.397872 1.406468 1.031290 0.677385 0.309850 -0.050316 -0.064035 
-0.078713 0.459018 2.323501 1.496023 2.492162 2.331607 1.138561 0.669269 0.706035 -0.064523 0.024094 0.078316 
0.435797 1.362145 0.910547 1.025591 1.995085 2.557179 0.871126 0.470517 0.562860 0.435406 -0.040615 -0.023445 
1.032308 0.969068 0.766896 0.655164 1.677376 1.966028 1.134082 0.766061 0.853195 0.198156 -0.118145 -0.068737 
1.166811 0.776064 0.667705 0.442013 1.327713 0.940148 0.366489 1.232766 0.709098 0.023562 0.006165 -0.106984 
1.329733 1.107945 0.225791 1.082078 1.679070 0.777648 0.266490 0.754590 0.482003 -0.413270 -0.075914 -0.037609 
1.001237 1.577240 1.372354 0.821906 0.871633 0.313673 0.129215 0.752007 0.788832 0.219948 -0.381795 -0.039623 
1.231326 1.139893 0.556535 1.047609 0.725789 1.033724 0.588770 0.384206 0.639141 -0.258968 -0.253411 -0.029197 
0.799977 1.782335 1.546879 1.288057 0.338034 1.299185 0.464221 0.004363 0.473158 0.694417 0.022912 -0.045407 
1.907137 0.235939 1.348016 1.590449 1.087239 1.318933 1.343922 0.870968 0.744414 0.227697 0.032690 -0.003806 
2.728699 0.283825 0.964026 0.560415 1.252501 1.397105 1.484923 1.079519 0.123412 0.005937 -0.002413 0.031992 
1.733223 1.242455 1.610989 0.499860 1.099209 0.466935 0.047573 0.296586 0.659087 0.163415 0.210686 -0.011403 
1.437609 1.112175 1.267272 0.931424 1.286473 0.398940 -0.015671 0.573508 0.355187 0.690184 0.114708 -0.063158 
1.374446 0.899836 1.069166 0.783241 0.750692 0.795185 0.889310 0.508217 0.514013 0.204946 -0.161142 -0.022106 
1.109063 0.945007 1.506100 0.909360 1.528240 0.519186 0.762669 1.351349 0.410002 0.220564 0.028135 -0.061997 
1.597514 0.877433 0.852725 1.365344 1.156088 1.689237 0.911740 0.348939 0.835809 0.093814 0.105088 -0.044954 
1.569974 0.140417 1.438761 1.323208 1.164925 1.293386 1.615451 0.543807 0.713541 -0.036569 0.417374 -0.066588 
2.204418 0.278136 1.292115 1.668844 1.073543 0.896175 0.406639 0.462446 0.162416 0.210385 0.363803 -0.020996 
2.698246 -0.282493 2.009898 0.833629 0.698272 1.579296 0.199346 0.752233 0.516250 0.234883 0.217790 -0.028877 
5.172376 0.822286 0.147458 1.065310 1.240106 0.724144 1.066618 0.883645 0.607492 0.306384 -0.096158 -0.085624 
5.245101 0.100236 1.728049 0.337918 1.227154 1.053632 0.237431 1.033883 0.599771 0.091070 0.155306 0.027066 
5.892470 2.028705 0.888447 0.163090 1.283203 0.607439 1.407489 0.856457 -0.066257 0.664787 0.230766 -0.000900 
6.230280 2.784669 2.313649 1.448930 -1.006704 0.315198 1.630680 1.055777 0.807122 0.198296 0.089200 0.002381 
4.702198 2.942604 3.117099 2.984980 2.030562 0.959859 1.861016 1.991297 1.153480 0.181311 0.122818 0.068903 
4.236180 1.848001 1.948409 1.472102 2.413561 1.942249 2.206695 1.034701 0.449923 0.625263 0.004019 0.006841 
3.982244 1.862361 1.836314 0.426337 2.470171 2.201203 1.540767 1.046397 0.502596 0.435858 0.113694 0.022749 
-1.#IND00 -1.#IND00 -1.#IND00 -1.#IND00 -1.#IND00 -1.#IND00 -1.#IND00 -1.#IND00 -1.#IND00 -1.#IND00 -1.#IND00 -1.#IND00 
-1.#IND00 -1.#IND00 -1.#IND00 -1.#IND00 -1.#IND00 -1.#IND00 -1.#IND00 -1.#IND00 -1.#IND00 -1.#IND00 -1.#IND00 -1.#IND00 
