3.420067 0.991780 1.022777 0.047226 1.979219 1.500321 0.787042 0.872651 0.378716 0.431737 0.244423 -0.004691 
3.372857 0.519925 0.778773 -0.044667 1.124772 0.730228 0.557899 1.374771 0.007472 0.001983 0.232286 0.002059 
3.289311 0.359259 0.800323 -0.703376 1.137476 0.651919 0.289645 0.439405 -0.263599 0.032790 0.169178 0.012492 
3.523735 0.538319 0.903799 -0.703022 1.471445 1.268506 0.782278 1.297473 -0.081266 -0.018760 -0.008938 -0.059068 
3.343261 0.769659 0.649485 -0.390662 1.080821 1.009207 1.104161 0.159276 0.303214 0.262842 0.170615 0.030863 
3.626545 0.891828 0.693703 -0.474113 1.342199 1.689169 0.416083 0.305542 0.603620 0.102745 0.107947 0.000556 
3.269770 0.367986 0.633544 0.048487 0.984501 -0.234715 0.430052 0.357567 0.219622 0.179206 0.241728 0.065371 
3.405086 0.235539 0.457224 -1.242595 0.392832 0.386713 0.819729 0.234475 -0.196698 0.414698 -0.072251 -0.036916 
3.445144 0.267096 0.635170 -0.344294 1.630323 0.817402 0.806821 0.957904 -0.076343 0.265831 0.169289 -0.021001 
3.461131 0.439261 0.565136 -0.386667 1.445820 0.707189 0.304703 0.363162 -0.212421 0.459645 0.253566 -0.016556 
3.700335 0.386589 0.481404 -0.429002 1.091661 0.813262 0.886972 1.213555 0.321212 0.245172 0.080072 -0.039337 
3.746665 0.411422 0.494439 0.000130 1.459142 1.427846 0.524547 0.878036 0.126992 0.468566 0.268507 -0.002145 
3.300796 0.325943 0.498557 -1.009682 0.692853 1.071366 1.145995 0.858702 0.743013 0.010740 0.111051 0.011126 
3.312084 0.199608 0.832604 -0.630653 1.172491 1.926870 1.216561 0.506600 0.583973 0.447303 0.085773 -0.020758 
3.268349 0.546898 1.184287 -0.719445 1.241875 0.752685 0.880786 0.901960 0.061956 0.247042 0.130274 -0.036236 
3.568270 0.322830 0.089505 -0.568975 1.500228 1.065810 0.169038 0.904655 0.697089 0.094160 0.222994 -0.007850 
3.660859 0.371668 0.969195 -0.322047 1.209069 0.743427 1.413051 0.653703 0.564486 0.270614 0.173001 0.024894 
3.065028 1.755547 0.702321 -0.030332 1.442112 0.254027 0.817972 0.504298 0.689547 0.317335 0.031362 -0.008955 
1.468286 0.314040 1.013070 1.363338 1.443183 1.620609 0.851292 1.032043 1.161690 0.033364 -0.005667 -0.086872 
0.692489 1.227350 0.676636 1.794520 1.260858 1.787808 1.437669 1.098498 0.797649 0.116107 -0.204979 -0.058498 
0.718434 0.801082 0.956389 2.103461 2.503763 0.928128 1.574998 0.373291 0.265320 0.038423 0.022622 -0.040527 
1.019349 1.313754 0.797039 0.412305 1.557347 1.710122 1.487118 0.346961 0.571974 0.507071 -0.240215 -0.041861 
0.934139 0.589183 0.661240 2.105029 1.668055 1.148225 1.370359 0.468396 0.356439 0.440567 0.130824 -0.050224 
0.977595 0.559601 0.688271 1.459165 1.623519 1.880094 1.559412 0.373672 0.754458 0.484143 0.124329 -0.127194 
0.857106 0.575457 0.990831 0.970249 1.934626 1.341803 1.361462 0.857348 0.914143 0.456598 -0.215919 -0.079650 
1.368373 0.954184 0.711231 1.422722 2.095251 0.654415 0.304231 0.853234 0.534454 0.010680 0.072282 -0.046647 
0.992882 1.190970 0.643583 1.011049 0.973166 0.740852 1.109094 1.131939 0.632545 0.606195 -0.102018 -0.138754 
1.220995 0.724212 0.609817 0.794366 0.773362 1.217997 1.428244 0.702523 0.537890 0.312068 -0.089186 -0.150728 
1.372940 1.226657 0.833595 0.059015 2.071585 1.135532 0.634790 1.068986 0.298277 -0.188455 0.082015 -0.061524 
0.983776 0.871681 0.796127 1.753927 1.505079 0.156694 1.254672 0.602932 0.354619 0.254518 -0.003642 -0.028448 
2.062214 0.399283 1.206057 0.895186 1.656824 0.693832 1.134764 1.066308 0.350003 0.217009 0.335262 -0.022679 
2.804406 0.727070 1.745233 0.999341 1.285859 0.906208 0.687765 1.210654 -0.148957 -0.504244 0.326623 0.048043 
2.849900 0.314402 1.158880 0.856672 1.076588 0.870457 0.297255 0.202075 0.786038 -0.085742 -0.280015 0.039723 
1.322478 1.398139 1.206436 0.931518 0.732032 0.519605 1.474612 0.860524 0.334631 -0.656023 0.255765 -0.111611 
1.314861 0.902321 1.348703 0.867456 0.387385 0.589748 1.076373 0.745783 0.509885 0.164801 0.228189 -0.104266 
0.944753 1.267660 1.110212 1.386372 0.718239 0.980407 1.177933 0.608747 0.623113 0.405637 -0.145713 -0.064746 
0.700150 1.392670 1.117705 1.317821 0.670014 1.226589 0.873199 1.068612 0.569262 0.216397 -0.033492 -0.055928 
1.237770 0.624620 0.964879 0.969176 2.038639 1.831471 1.165067 0.863969 0.502147 0.352824 -0.036180 -0.058570 
1.615344 0.328424 1.767853 1.247646 1.758040 1.115925 0.576965 1.481789 1.090621 0.321284 -0.031793 -0.070073 
2.416817 -0.038940 1.844963 0.895943 1.979631 0.875360 0.977533 0.526847 0.368518 0.591553 0.048650 -0.063095 
3.950627 -0.534614 1.333997 0.786312 1.665897 1.022259 0.987916 1.163565 0.885256 0.262677 -0.018515 -0.031195 
6.382538 -0.652762 0.154360 1.717050 1.376639 0.677963 1.046534 0.552008 0.159379 0.057433 0.083541 0.034593 
7.009594 -0.262664 -0.595048 2.033254 1.018678 -0.450201 1.428287 0.501324 0.307979 -0.172776 0.021203 0.082987 
5.112091 1.181796 0.691844 0.945516 0.796228 0.563591 1.106195 0.447266 0.685811 -0.317605 0.291573 0.190492 
3.069971 2.382110 1.585843 0.797024 0.869350 1.050488 0.816559 0.605441 0.499973 0.386152 0.210014 0.010088 
2.824501 2.317275 1.835415 1.226221 1.372105 1.350835 0.908328 0.474559 0.842369 0.622701 0.290702 0.044256 
3.345880 2.567939 2.522844 2.450250 2.174774 1.655574 1.143738 1.025616 0.365847 0.218572 0.135204 0.048955 
4.026422 2.638155 2.253182 2.270237 1.970766 1.791414 1.089646 0.236462 0.470776 0.132516 0.126476 0.025502 
-1.#IND00 -1.#IND00 -1.#IND00 -1.#IND00 -1.#IND00 -1.#IND00 -1.#IND00 -1.#IND00 -1.#IND00 -1.#IND00 -1.#IND00 -1.#IND00 
-1.#IND00 -1.#IND00 -1.#IND00 -1.#IND00 -1.#IND00 -1.#IND00 -1.#IND00 -1.#IND00 -1.#IND00 -1.#IND00 -1.#IND00 -1.#IND00 
