3.248877 -0.216328 1.423387 -0.659855 1.334108 0.918890 0.667116 0.854560 0.012145 0.357672 0.065852 -0.046328 
2.855602 -0.216419 0.348147 -0.437079 1.511857 1.067011 0.765638 0.569651 0.424722 0.125825 -0.015413 -0.078656 
3.111132 0.004097 0.745052 -0.775953 1.329161 1.342944 1.508809 0.695526 0.005825 0.405000 0.112888 -0.043166 
3.264748 -0.273944 0.766911 -0.713009 1.410535 0.971447 0.706686 -0.280438 0.316754 0.022933 -0.105421 -0.059670 
3.258360 -0.050328 1.041145 -1.377659 1.435016 0.914392 1.438352 0.518326 0.530099 0.272848 0.052364 0.030144 
3.202766 -0.185055 1.441698 -0.769856 1.668741 0.369522 0.385085 0.432767 0.018688 0.036510 -0.083027 -0.005837 
3.559959 -0.081646 0.757830 -0.949832 1.082658 0.932766 0.622089 0.198329 0.363668 0.235358 0.111909 -0.000588 
3.370841 -0.069623 0.915201 -0.935611 0.974472 1.123264 0.264146 0.783267 0.005368 0.341185 0.396929 -0.003625 
3.711369 0.138877 1.386435 -0.575592 1.627444 0.416755 1.319935 0.723697 0.168245 0.207420 0.421881 0.093770 
3.532836 -0.291037 0.902232 -0.382270 1.706503 1.256416 1.337531 0.536659 0.569066 0.109951 0.029600 0.026199 
3.468748 -0.168623 1.101596 -0.737656 1.237183 0.824279 0.605773 0.457849 -0.007430 0.557528 0.303404 -0.032471 
3.428888 0.265018 0.650226 -1.044049 0.986038 0.773211 -0.108830 0.826163 0.671419 0.078106 0.195022 -0.003677 
3.382377 -0.559621 0.345628 -1.699166 1.754801 0.792765 0.401141 0.148799 -0.447487 0.481068 0.122117 -0.037088 
3.260881 3.194647 -0.217081 1.883473 2.360717 0.101911 -0.245999 0.986837 1.051528 0.717899 0.345417 0.006456 
2.403565 1.255757 -0.021009 1.549987 0.549118 1.468886 0.864142 0.328145 0.596879 0.130476 0.165290 -0.042339 
1.371883 0.903945 0.968884 0.799028 1.737072 1.469241 0.758792 0.375677 1.549786 0.105740 -0.105981 -0.094749 
0.845737 0.522843 0.472800 1.810236 1.705771 2.476101 0.945778 0.858833 0.731478 0.354022 -0.283084 -0.055759 
1.272338 0.898052 0.802877 1.198088 1.198777 1.592593 1.324361 0.752007 0.623904 0.224822 -0.320975 -0.014598 
0.988788 0.523801 1.597400 2.329672 0.879525 1.613543 1.087331 0.458125 0.723521 0.610288 0.190116 -0.119029 
0.851166 1.073793 1.082737 1.733506 0.961579 1.192287 0.671804 0.669362 1.120378 0.372485 0.064043 -0.071748 
0.906302 1.190730 1.158274 0.842172 1.443815 0.627548 1.317065 0.384620 1.703929 0.461183 0.136773 -0.138039 
0.654216 0.369494 1.516820 1.629344 1.662898 2.207027 1.064190 0.692215 0.957933 0.096861 0.205619 -0.098748 
0.828011 1.118955 1.025803 0.799935 1.529292 0.096649 1.092475 1.330549 1.094107 0.504258 -0.275614 -0.072276 
1.255424 0.963202 1.277495 0.786230 0.927931 0.022839 1.065579 0.340833 0.606647 0.118304 0.068346 -0.101198 
1.492319 1.195217 0.858690 0.833405 0.326280 -0.230584 0.625446 0.290109 -0.016424 -0.184908 -0.329253 -0.079548 
1.500775 1.006093 0.898283 0.421458 0.766851 0.717503 0.556906 -0.092801 -0.165371 -0.509950 -0.315339 -0.066916 
1.151144 1.307412 1.128734 0.464276 0.882853 -0.068416 -0.128182 0.295850 0.096307 -0.048863 -0.017047 -0.160247 
1.412681 0.907584 1.329199 1.246027 0.048864 2.365606 -0.084454 0.497301 0.497590 0.307025 0.113581 -0.008036 
1.963430 0.186519 1.994793 1.127490 0.575948 1.332068 1.026767 0.829554 0.609477 0.451516 0.208303 -0.031944 
2.051071 0.794174 0.729504 0.725627 0.873868 0.628553 0.409076 0.885089 0.621307 0.539817 -0.063861 0.005910 
1.785146 0.980313 1.062039 1.326918 0.795306 0.863468 1.460952 0.153268 0.535846 0.793487 0.279720 -0.074277 
1.330087 1.378763 0.149007 0.535811 0.954045 0.683383 1.246195 0.646408 0.350244 0.056079 -0.370408 -0.032044 
1.484326 0.975921 0.007978 0.643820 0.712460 0.818839 0.560894 0.999114 0.505755 0.263865 -0.275802 -0.145608 
1.427029 1.044052 0.040852 0.769636 0.716700 0.813385 1.120774 0.725290 0.186402 0.023801 -0.086527 -0.056008 
0.944013 0.849431 1.156756 0.226349 1.105892 0.850701 1.299944 1.356982 0.718703 0.365969 -0.226949 -0.037365 
1.013434 0.980705 1.548549 1.027799 1.449620 1.023415 1.093428 0.888226 1.006282 0.256361 -0.116315 -0.059332 
1.318939 0.796772 1.276590 1.359143 1.293053 0.951910 0.689374 0.802907 0.250274 0.290389 0.230779 -0.082090 
2.647882 -0.009606 1.649302 0.824604 1.272945 0.770676 0.512528 0.454621 0.862205 0.198539 0.188639 -0.005308 
3.666910 0.945221 0.525299 0.726065 1.573013 1.633107 0.761049 0.444378 0.757601 0.630542 -0.052716 -0.073106 
3.394653 -0.279135 0.859293 2.610093 1.077916 1.845591 0.602334 0.018846 -0.071460 0.027882 -0.222946 0.021498 
5.244554 1.146840 0.345499 0.907881 0.850916 0.973717 0.670488 0.568422 0.451125 0.172319 0.161463 0.058348 
4.621957 1.940508 0.451710 0.482425 0.992231 1.409695 0.866765 0.134430 0.508972 0.750218 0.382549 0.058573 
3.545761 3.009537 2.307487 1.492873 0.923145 0.672951 0.562666 0.466244 0.415172 0.411495 0.354426 0.084093 
4.789066 4.214060 3.407768 2.362497 1.067947 0.302259 -0.030817 0.322116 0.498716 0.396749 0.276197 0.111290 
3.213020 2.711686 2.521175 2.489294 2.237516 1.829310 1.349522 0.917367 0.513758 0.224636 0.033405 0.041697 
4.801352 1.949608 2.734656 1.367045 3.277283 2.780636 0.988477 1.683154 0.202029 0.098971 0.343523 0.065820 
4.334110 0.535437 1.677733 0.526585 2.935484 1.757817 1.674843 1.921046 0.472667 0.016731 0.402404 0.141941 
3.651640 0.724424 0.428688 -0.274569 2.383217 1.432827 1.860399 1.868991 0.287454 0.365719 0.625113 0.082615 
-1.#IND00 -1.#IND00 -1.#IND00 -1.#IND00 -1.#IND00 -1.#IND00 -1.#IND00 -1.#IND00 -1.#IND00 -1.#IND00 -1.#IND00 -1.#IND00 
-1.#IND00 -1.#IND00 -1.#IND00 -1.#IND00 -1.#IND00 -1.#IND00 -1.#IND00 -1.#IND00 -1.#IND00 -1.#IND00 -1.#IND00 -1.#IND00 
