3.297145 -0.014892 0.485670 -0.605099 1.351972 0.445949 0.538572 0.866817 0.426377 0.552755 0.210390 -0.080952 
3.613104 0.356205 0.550276 -0.254338 1.611988 0.568352 0.686346 1.288342 0.778695 0.313328 0.113207 -0.029627 
2.867985 -0.956441 0.910690 -1.013606 1.727165 0.046922 1.281864 0.652839 0.930252 -0.076850 0.036976 0.117787 
3.906883 0.198355 0.553772 -0.767173 2.005848 0.119815 0.309547 0.898064 0.106475 -0.130010 0.423311 0.080373 
3.717290 -0.092312 0.838847 -0.250727 1.001225 1.152505 0.216162 0.599029 0.141457 -0.138079 0.221575 0.003866 
3.625646 0.216207 1.217712 -0.317889 1.811137 1.358333 0.121202 0.700857 0.360914 0.425533 0.358643 -0.040440 
3.749017 0.403143 0.538764 -0.985689 0.801228 0.962441 0.227021 0.345601 0.242610 0.331447 0.141885 -0.000006 
3.504636 0.389537 1.163681 -0.465549 0.905567 1.805745 0.739844 0.529577 0.512185 0.699785 0.299802 -0.031615 
3.294801 -0.557081 0.432448 -1.033674 1.480501 0.539531 0.122351 0.296701 0.230444 0.220482 0.236649 0.013768 
3.231661 0.049465 0.186950 -1.089860 1.418236 0.949751 0.350626 0.572881 0.462830 0.168220 0.145590 0.039804 
3.766661 0.199634 0.353353 -0.876931 0.972996 0.830435 0.375737 0.278760 -0.222533 0.204728 0.153087 0.010974 
3.844403 -0.004811 0.504122 -0.754821 0.860422 0.106225 0.327709 0.236230 0.408047 0.364597 0.203082 0.056037 
3.890630 -0.050947 1.166740 -1.252822 1.475075 0.581493 -0.216347 -0.132886 -0.222314 0.196550 0.234753 0.057129 
4.053764 0.381398 0.328158 -0.929739 1.017752 0.392622 0.139845 0.445067 0.021720 0.489830 0.029691 -0.060341 
5.416966 2.740772 3.951638 5.183558 2.324936 0.059962 0.219756 0.380972 -0.232093 0.000968 0.112049 0.037611 
2.448681 1.333621 0.348945 0.618878 0.747726 0.928563 1.097665 0.688240 0.820610 0.025002 0.333725 -0.052777 
1.308408 0.791764 1.463770 0.680442 1.479399 1.329016 1.031558 0.444107 0.749783 0.304789 -0.394894 0.010833 
1.349470 0.897197 0.503097 1.990110 1.365462 1.317417 1.439500 0.622254 0.739154 0.159353 -0.054889 -0.060057 
1.382022 0.934118 0.549393 1.193686 1.600897 1.570808 0.157334 1.394356 0.365901 0.211822 -0.006179 -0.043067 
1.186096 1.130875 0.514573 1.617278 0.911894 1.103509 0.998858 0.764180 0.916236 0.365476 -0.036008 -0.047580 
0.689891 0.557331 0.865605 1.279048 2.613096 1.277168 1.543805 0.811288 0.508748 0.198159 -0.179875 -0.007552 
0.946103 0.421305 1.245820 1.713671 2.533285 0.610824 0.467071 0.825728 0.688599 0.303716 -0.201246 -0.061802 
1.167947 0.768467 0.453174 1.450943 1.099781 0.428808 -0.269189 1.875889 1.223135 0.316584 -0.261731 -0.164772 
1.551844 0.757965 0.172875 0.911331 0.752606 0.642653 0.423455 0.663579 0.669950 0.264574 -0.451374 -0.196558 
1.856266 0.913305 -0.263589 0.438627 1.104629 -0.363006 -0.052808 0.712205 0.118156 0.073135 -0.646968 -0.155927 
1.081635 1.002401 0.958170 0.866109 0.540143 0.192321 0.074230 0.064700 0.238545 -0.547495 -0.290753 -0.150187 
1.125698 1.155861 1.148734 0.396642 0.946063 0.537100 0.267280 -0.299658 0.849768 0.194297 -0.363331 -0.108426 
1.372865 1.321517 0.224440 0.716734 0.639554 1.998224 0.772341 0.823121 0.490983 -0.130674 0.020065 -0.019258 
2.141477 0.599297 0.237416 1.039702 1.518210 1.577958 1.185187 0.990897 0.441277 0.176643 0.112940 0.007909 
3.371091 -0.694938 1.810101 0.542867 1.880671 0.243184 1.215030 0.988197 0.153578 0.468247 0.072917 -0.014401 
1.357863 0.857172 1.128423 1.185485 1.342756 0.875216 1.002420 0.953200 0.573152 0.122959 -0.254261 0.037722 
1.195943 1.533349 0.607061 0.109247 1.389094 0.979988 -0.423762 1.012779 0.727152 0.153104 -0.118563 -0.083728 
1.251214 1.015101 0.726311 1.218406 0.936764 0.107319 0.855397 1.222234 0.172247 0.376224 -0.063890 -0.117455 
1.454381 1.470072 0.377673 1.092229 0.638081 1.629367 0.410746 0.939132 0.388689 0.490862 0.087611 -0.055806 
1.338983 0.665175 1.089410 1.072831 2.061540 0.828010 1.206113 1.097399 0.943801 0.429784 -0.157923 -0.049931 
3.097271 0.272559 1.088393 0.661852 0.906808 1.165244 0.852044 0.638933 0.343205 0.729804 0.075965 -0.076789 
3.448783 1.815392 1.106011 1.989366 1.223982 0.232781 0.835284 0.608048 0.613286 0.304186 -0.083526 -0.014181 
6.909403 0.459117 1.043347 0.484671 1.540751 0.085563 1.233205 0.709337 0.422247 0.308809 -0.028079 0.018083 
5.439900 2.263263 3.410435 1.570727 -1.036508 1.066557 2.294179 0.554516 0.592047 0.722295 0.214316 -0.003521 
3.960892 3.369612 2.778825 1.528951 0.380088 0.391629 0.581774 0.484606 0.578194 0.525707 0.200256 0.056688 
3.049063 2.371499 1.965764 1.512490 1.026186 0.801459 0.668523 0.481241 0.436440 0.354000 0.141458 0.017782 
2.893586 2.327801 1.957209 1.607809 1.289877 1.012632 0.778061 0.616861 0.524550 0.455045 0.357774 0.047005 
6.054961 2.975891 3.061554 1.481117 1.427723 0.508314 0.188534 1.166753 0.670191 0.697986 0.371756 0.075475 
4.577847 1.396765 1.932934 1.365612 1.654705 1.036891 1.124676 1.721573 0.693951 0.534553 -0.022499 -0.056209 
4.160525 1.460120 2.007949 -0.153096 2.088347 1.814531 1.678298 1.513125 0.956616 0.221059 0.176552 0.050260 
4.094607 0.915340 1.751288 1.000470 2.209250 2.229863 1.449671 1.792917 0.495673 0.473014 0.375582 0.054728 
3.693497 0.275649 0.883745 -0.879630 1.103201 1.563246 1.163136 0.644288 0.157100 0.635623 0.094417 -0.045116 
3.956439 0.665297 0.920310 0.330948 2.500161 0.954750 1.510824 1.068874 0.638413 0.660014 0.538959 0.101342 
-1.#IND00 -1.#IND00 -1.#IND00 -1.#IND00 -1.#IND00 -1.#IND00 -1.#IND00 -1.#IND00 -1.#IND00 -1.#IND00 -1.#IND00 -1.#IND00 
-1.#IND00 -1.#IND00 -1.#IND00 -1.#IND00 -1.#IND00 -1.#IND00 -1.#IND00 -1.#IND00 -1.#IND00 -1.#IND00 -1.#IND00 -1.#IND00 
