3.268619 0.220218 1.417615 -0.721270 1.239961 -0.108564 -0.340377 0.530726 0.015678 0.471674 0.178991 -0.008162 
3.323101 0.164507 1.143917 -0.417360 1.195678 0.123566 0.437741 0.456188 0.098669 0.057352 0.128934 0.046652 
3.404934 0.044836 1.113251 -0.375601 1.457178 -0.292949 0.449513 0.841200 -0.026961 0.261047 0.063000 0.036405 
3.639802 0.062723 -0.068858 -0.771999 1.002139 0.080932 0.286061 0.128384 -0.060392 0.093094 0.161432 0.082062 
3.570827 0.077281 0.708176 -0.830128 1.215773 1.149757 0.718017 0.775498 -0.203150 0.236242 0.328428 0.049200 
3.320790 -0.323855 0.586053 -0.846245 0.256542 0.019968 0.148834 -0.049990 -0.327060 0.373244 0.327636 0.035604 
3.127905 -0.086594 0.159629 -0.967220 0.647206 0.739292 0.223881 0.605891 -0.295699 0.203752 0.301070 0.009305 
3.586625 0.390619 0.863188 -0.728992 2.089653 0.612436 0.239355 0.252525 0.595732 0.115715 0.115896 0.022403 
3.086266 0.128971 0.741032 -0.870953 0.622319 0.081367 0.284480 -0.203114 0.006167 -0.138993 0.062544 0.012189 
3.467295 0.085856 0.667090 -0.495813 1.169875 1.355074 0.552667 0.798483 0.320975 0.358683 0.277249 -0.006700 
3.116575 0.643007 0.671592 -0.459014 1.511247 0.915813 0.457421 1.079673 0.126733 0.629305 0.446608 -0.020380 
3.403989 0.444976 0.982632 -0.485138 0.788678 0.610254 0.674418 0.037260 0.048843 0.326677 0.265268 0.073211 
3.150753 0.448442 0.453640 -0.040333 0.926628 0.919913 0.555897 0.828971 0.198796 0.184606 0.344280 0.007278 
3.339881 0.673800 1.515492 -0.233948 1.373998 1.151895 0.940275 1.322880 0.149720 -0.077424 0.165096 0.012151 
3.383219 0.156490 0.687411 -0.775035 1.959245 1.367120 0.329976 1.112641 0.307940 -0.189369 0.044906 0.009852 
3.392104 0.271828 0.785622 -1.022306 0.701149 1.082917 0.020740 1.405098 0.417618 0.066695 -0.000694 -0.068927 
3.420375 0.876372 0.980320 -0.796755 1.624991 1.390336 1.123816 0.310472 0.086836 0.162404 0.343435 0.068866 
3.229061 0.031751 0.832130 -0.768506 2.025767 1.039702 0.467221 0.690179 0.172912 -0.098690 0.282160 0.037569 
3.463801 0.295845 1.088892 -0.474173 1.472649 1.754147 0.477513 0.315444 0.144211 0.052707 0.307500 0.033031 
3.354663 0.167971 1.131054 -0.953343 1.196209 0.372225 0.364253 0.714585 0.600998 0.280357 0.121046 0.000280 
3.251904 0.556173 0.653799 -0.564561 1.648741 0.826978 0.502498 0.786585 0.070887 0.302362 0.048681 -0.019076 
3.566351 0.165327 0.693393 -0.432783 1.695927 0.951422 0.530202 0.475904 0.411835 0.087980 0.220075 0.018590 
1.013124 1.012906 1.779218 1.300693 0.994566 0.700139 0.089623 1.009874 1.201966 -0.026055 0.012727 -0.040846 
0.567079 1.128474 1.701321 2.013401 0.255159 1.410025 0.979831 1.148283 0.778465 -0.047299 0.038544 -0.058206 
0.755968 1.442141 1.531037 1.348258 1.098521 0.724092 1.494124 1.441615 0.486265 0.149559 0.026606 -0.059329 
0.979088 1.047725 0.708395 1.921296 1.585315 1.063155 1.597846 0.611462 0.624038 0.301107 0.072266 -0.081318 
0.676812 0.729665 1.538742 1.940489 1.084595 1.210467 1.872603 1.430225 0.440842 -0.225986 0.083325 -0.055546 
0.630395 1.164217 1.065867 1.865576 1.876045 0.853730 1.568365 0.789987 0.141077 0.578780 -0.003609 -0.101437 
0.683171 0.969897 0.901865 1.869475 2.685020 0.851062 1.521606 0.827741 0.118625 0.328126 -0.118518 -0.007570 
0.513790 1.687661 1.398599 1.440833 0.617027 1.956561 1.329966 0.410972 0.485434 0.183227 -0.060569 -0.047175 
0.702730 1.431927 1.836616 1.401192 0.460698 1.228809 1.054278 0.754381 0.203932 0.225602 -0.074043 -0.052188 
1.032111 1.293683 1.835364 0.917170 1.003040 1.392859 0.783700 0.186323 0.099922 0.400960 0.062185 -0.110100 
0.592322 1.411448 1.181970 2.019092 1.910745 0.723560 0.640900 0.714514 0.434922 -0.152923 -0.022601 -0.071446 
0.822613 1.143738 1.868226 1.646920 1.371094 1.210278 0.477158 0.627744 0.387970 -0.038317 -0.224193 -0.030730 
1.190156 1.201781 0.902975 1.210832 1.192174 -0.044721 0.488409 0.885513 1.281116 0.058205 -0.303791 -0.111453 
1.141544 0.970117 1.941511 0.897352 0.682688 1.900948 0.214180 0.839884 0.405398 0.199707 -0.071298 -0.070344 
0.920568 1.452491 0.516292 1.337857 1.292274 2.081890 1.045426 1.403195 0.297128 0.209947 -0.017777 -0.040696 
1.527521 0.816869 0.555459 1.561120 1.054127 1.521609 0.521213 0.581763 1.177798 0.152039 0.141732 -0.091161 
1.671418 0.741187 0.723329 1.047515 1.815740 0.881812 1.459557 1.483012 0.222406 0.675046 -0.229899 -0.053732 
2.877768 -0.285241 1.631531 0.935073 1.226321 1.670671 0.664435 0.440324 0.767609 -0.053728 0.137440 0.064884 
5.931027 -0.355182 2.026089 -0.094049 0.875781 0.155627 1.185853 0.143959 0.195947 0.541624 0.194660 0.163164 
6.426757 -0.039285 0.016947 0.725356 1.727897 1.589129 0.356637 0.900288 0.370209 0.062242 -0.038696 -0.053726 
4.496726 3.810683 2.501170 1.201272 0.513482 0.183963 0.540085 0.769371 0.568763 0.450226 0.195449 0.037862 
3.423493 3.177685 2.738284 2.316160 1.974469 1.467683 0.751998 0.150179 0.161913 0.209256 -0.001233 -0.002325 
3.666723 2.443083 2.385471 1.913759 2.376742 2.374330 1.475874 1.469178 0.872831 0.306799 0.069784 0.053949 
4.091408 -0.386479 1.292976 0.913291 0.327111 -0.385980 -0.194246 -0.343945 0.564005 0.583096 0.332486 0.119598 
4.353242 0.465230 1.067333 0.512845 1.169946 0.323009 -0.525728 0.358155 -0.856752 0.304679 0.580465 0.102783 
3.758166 1.955921 1.366718 1.194944 0.003434 -0.018954 0.406286 -0.358405 0.020134 0.565821 0.187002 0.033848 
-1.#IND00 -1.#IND00 -1.#IND00 -1.#IND00 -1.#IND00 -1.#IND00 -1.#IND00 -1.#IND00 -1.#IND00 -1.#IND00 -1.#IND00 -1.#IND00 
-1.#IND00 -1.#IND00 -1.#IND00 -1.#IND00 -1.#IND00 -1.#IND00 -1.#IND00 -1.#IND00 -1.#IND00 -1.#IND00 -1.#IND00 -1.#IND00 
