4.276874 0.728861 1.464365 -0.726968 1.456840 0.962348 0.011037 0.895663 -0.098607 0.281660 -0.141885 -0.186466 
3.906504 0.377294 1.286275 -0.751825 1.734224 -0.014461 0.068303 0.348654 -0.068310 0.215220 -0.055178 -0.074731 
3.931296 0.202867 0.970628 -1.253971 1.261892 0.127115 0.564243 0.449251 -0.084539 0.444547 0.028132 -0.021782 
3.729017 0.620317 0.969284 -0.362058 1.413979 1.112697 1.357715 0.148356 -0.020859 0.516476 0.136264 0.009967 
3.366445 0.805676 0.822277 -0.134429 1.381610 1.147262 0.932289 0.254268 0.703720 0.313987 0.142527 0.025836 
3.299262 0.369435 0.304002 -0.609942 1.881468 0.487173 0.691422 0.258571 0.199969 0.315880 0.128515 -0.013427 
3.222271 0.805191 0.770381 -0.589769 1.392375 1.378595 0.290593 0.973459 0.294842 0.377930 0.239685 -0.034520 
3.435932 0.274483 0.229325 -0.221576 2.320010 1.129106 0.607389 0.652592 0.541225 0.210334 0.304779 0.021819 
3.001871 0.416654 0.266930 -0.506432 1.366245 1.023724 0.796928 0.254745 0.041064 0.058632 0.187104 0.028067 
3.314230 0.578850 0.256813 -0.282668 1.168899 0.729928 0.623304 1.154151 0.024887 0.058538 0.277740 -0.007091 
3.341023 0.127580 0.681913 -0.307397 1.259793 0.786294 1.033004 0.554421 0.034195 0.360691 0.071642 -0.028564 
3.303705 0.500698 0.363498 -1.186756 0.985763 0.639838 0.364573 0.467494 0.139867 0.624020 0.114834 -0.030854 
3.304585 0.192002 0.569490 -1.384288 0.704979 0.888868 1.069738 0.589777 0.292295 0.148588 0.265183 0.037047 
3.344398 0.141735 0.471596 -0.748019 1.943981 0.256850 0.544960 0.719227 0.181193 0.295696 0.142811 -0.023363 
3.467750 0.487154 0.855948 -0.532473 1.696011 0.521512 0.942324 0.180106 0.230899 0.469632 0.046365 0.025831 
3.420501 0.621073 0.568344 -0.451175 1.821317 1.474701 1.058909 0.940645 0.440931 0.284617 0.495764 0.042395 
3.278177 0.141485 1.063577 -0.989289 1.794637 1.244238 0.691352 0.414307 0.486889 0.503047 0.118412 -0.009386 
3.093266 0.275773 0.605466 -1.332696 1.775355 0.572114 0.293933 1.018193 0.124491 0.093848 0.192799 -0.052449 
3.544285 0.622906 0.729553 -0.835431 1.615124 0.945660 0.836823 0.321559 0.702114 0.098349 0.046277 0.021681 
3.383293 0.526667 0.915353 -0.240930 1.707635 0.990536 0.628655 0.126723 0.096897 0.389914 -0.018164 -0.074540 
3.376252 0.322187 0.787666 -0.419803 0.869608 1.139268 0.744067 0.668736 0.071041 0.062493 0.156747 -0.052053 
3.586917 0.924204 1.053738 -0.231912 1.296113 1.195787 0.250186 0.639192 -0.041461 0.154327 0.075158 -0.045312 
1.533927 0.715385 1.549999 0.085345 -0.546070 0.908981 -0.967471 0.745682 0.175281 1.105115 0.395346 -0.054973 
1.163456 2.036133 0.663676 -0.403979 2.165281 1.356515 1.932678 0.683291 -0.158915 0.104724 0.162418 -0.058766 
0.878749 1.075496 1.244772 1.441098 1.782246 0.932919 0.830497 1.638799 0.079287 0.078489 0.034202 -0.043683 
0.672194 0.896483 1.884832 2.071410 1.116344 1.242423 1.685005 0.628786 0.123252 0.430850 -0.029090 -0.046411 
1.295941 1.370767 0.639733 1.300179 1.064495 0.945682 0.650197 1.286584 0.799480 0.202667 0.170260 -0.105691 
0.935075 0.660499 1.421288 1.676680 1.055509 2.350770 1.197374 0.578698 0.528535 0.045994 0.146919 -0.071062 
0.605421 1.484788 1.457146 1.903906 0.905146 1.380432 1.516450 0.499051 0.501567 -0.210357 0.038313 -0.025177 
0.529294 1.219138 1.716622 1.414009 1.628830 1.224716 1.330203 0.222171 -0.074161 0.202982 0.004042 -0.029789 
0.875975 1.221641 1.414105 2.094288 0.934488 1.230541 0.947073 0.381378 -0.001544 -0.015077 0.030119 -0.057183 
0.972513 1.121386 0.743772 2.064512 1.969494 0.329981 1.320939 0.337189 0.314389 -0.301719 0.237515 -0.096060 
0.851774 1.108826 1.082900 1.467932 1.738003 0.559402 1.003625 1.064755 0.169500 0.085992 0.216043 -0.128618 
0.942694 0.748116 2.114531 2.011110 0.906549 0.968043 1.617165 0.132115 0.009678 -0.236467 -0.004264 -0.020961 
0.842514 1.231669 0.780640 2.121972 2.395863 0.588413 0.873303 0.336874 0.298028 0.167536 0.014221 -0.061886 
0.525985 1.080628 2.024611 1.571381 1.241189 1.152342 0.299078 1.042587 0.700357 0.007537 -0.093138 -0.068991 
0.551154 0.648176 1.158021 1.919368 2.467983 2.052613 0.650525 0.628760 0.858335 0.035495 0.034705 -0.079764 
1.092451 1.103634 0.947235 1.721502 0.883512 1.391761 0.673487 1.184650 0.531154 -0.357058 -0.018877 -0.020942 
1.076719 1.735239 1.101237 1.167358 1.089485 0.603952 0.195242 1.746087 0.345049 0.299204 0.081306 -0.095325 
1.691497 1.560331 1.404188 0.338449 0.642657 1.208903 0.754002 0.422870 0.358930 0.683272 -0.022147 -0.037210 
4.889689 1.988603 0.832879 0.310830 0.800808 0.933571 0.393785 0.228437 0.582887 -0.022618 0.068519 0.037663 
4.133726 0.733427 1.151644 1.523811 0.490249 0.281520 0.487643 0.310062 0.443855 0.682488 -0.038447 -0.066988 
3.119344 0.001215 2.776971 2.020387 0.984598 -0.046583 -0.125350 0.932611 0.530523 0.472687 0.156614 -0.023190 
2.223706 0.917074 1.711104 1.488324 0.703916 -0.225233 -0.263498 0.141460 0.272975 0.565031 0.269531 -0.024287 
2.487647 0.685679 0.688948 0.581588 -0.196755 -0.623670 -0.139728 0.358037 0.261902 0.399739 -0.092616 -0.010818 
4.074969 0.199917 0.876132 0.235294 -0.095812 -0.376443 0.654114 0.251715 0.899628 0.772928 -0.021082 -0.038166 
4.553533 0.213337 1.886053 2.030519 0.375758 -0.376702 0.148527 1.117088 0.353872 0.606856 0.201437 -0.021619 
3.816384 0.855158 0.735398 -0.409077 0.207797 0.966651 1.178093 0.812288 0.182678 0.431164 0.217706 0.012201 
-1.#IND00 -1.#IND00 -1.#IND00 -1.#IND00 -1.#IND00 -1.#IND00 -1.#IND00 -1.#IND00 -1.#IND00 -1.#IND00 -1.#IND00 -1.#IND00 
-1.#IND00 -1.#IND00 -1.#IND00 -1.#IND00 -1.#IND00 -1.#IND00 -1.#IND00 -1.#IND00 -1.#IND00 -1.#IND00 -1.#IND00 -1.#IND00 
