3.484480 0.276021 0.663663 -0.802187 0.477127 -0.069762 -0.163169 0.546947 -0.336551 -0.302286 0.101574 0.021469 
3.392732 0.401167 0.546278 -0.431988 1.244521 0.439150 0.897847 -0.188723 0.094377 -0.063994 0.092637 0.043483 
3.410097 0.466788 0.598709 -0.337892 1.198296 0.646053 0.661807 0.230235 -0.107490 0.215486 0.170315 0.017290 
3.370945 1.305288 0.912454 -0.009745 1.269667 0.883295 0.961213 0.561799 0.105419 0.284028 0.072378 0.004035 
3.489318 0.551986 1.111184 -0.359093 0.961129 0.437079 0.602095 -0.044046 -0.058602 -0.030338 0.281900 0.038029 
3.527135 0.587815 0.711341 -0.772996 0.787477 1.131241 0.153459 0.423590 0.304663 0.033261 0.205934 -0.006464 
3.361082 0.377312 0.094729 -0.354523 0.827530 0.775991 0.808665 0.577242 0.024779 0.158866 0.392003 0.018865 
3.336115 0.402657 0.859297 -0.836212 1.239455 1.442940 0.297941 0.713513 0.133360 0.320235 -0.056254 -0.111441 
3.577606 0.810056 1.326758 -0.390682 1.504409 0.635972 0.648701 1.082383 -0.029195 0.303033 0.312772 0.007755 
3.379393 0.523409 0.983622 -0.746523 1.540077 1.251909 0.773142 0.967420 0.367378 0.144953 0.111148 -0.033282 
3.689639 -0.018580 0.670386 -0.491698 1.211585 0.882838 0.958839 0.014568 0.322308 0.381271 0.223503 0.027411 
3.790561 0.414367 0.902595 -1.314346 2.355692 0.727715 0.916724 1.331083 0.235768 0.154389 0.214796 0.018234 
3.564683 0.303172 0.897976 -0.819967 1.205434 0.713386 0.792720 0.680797 0.547956 0.389815 0.353581 0.027480 
3.471575 0.394039 1.263397 -0.210662 1.416490 1.609599 1.485325 1.141738 0.715230 0.443054 0.395640 0.013752 
3.403707 0.810140 0.825560 -0.981871 1.435821 1.835857 0.771028 0.348826 0.658469 0.373193 0.187582 0.008991 
3.445191 0.282563 0.409301 -0.688194 1.965496 1.112377 1.525513 0.504385 0.378644 0.225236 0.224903 0.041984 
3.349193 0.348192 1.136067 -0.730713 1.888486 1.076085 1.223670 0.837220 0.439581 0.331779 0.235167 0.032511 
3.458309 0.646030 0.731670 -0.010545 1.183025 1.567706 1.111999 0.755249 0.153316 0.619803 0.313749 0.016331 
3.065110 0.102116 0.315339 -1.004452 1.335187 0.749856 0.159964 1.111538 0.151348 0.047602 0.335260 0.003434 
3.319664 0.043515 0.612517 -0.590946 1.200762 1.087649 0.864886 0.612272 -0.111390 0.536317 0.324561 -0.008457 
3.529955 -0.135100 1.041076 -0.628620 1.452101 1.602300 0.743179 1.426990 0.409059 -0.029179 0.233203 -0.011042 
3.116135 -0.270596 0.051410 -0.742211 0.981257 0.912884 -0.021482 0.650361 0.293847 0.143039 0.288552 0.037883 
3.458528 0.262332 0.405906 -1.298169 1.096359 0.454024 0.402053 0.796769 -0.088374 0.130460 0.112613 0.006212 
1.355419 1.127163 1.159917 0.261889 0.535164 0.001462 -0.563088 -0.054139 0.869487 0.439929 0.804278 -0.022258 
1.300852 1.359670 1.533510 2.220511 0.664750 1.335594 0.247630 1.114999 0.458810 -0.011838 0.162997 -0.048083 
0.870773 1.048516 1.837258 1.283757 1.062873 1.276257 1.197744 0.961888 0.346604 -0.239381 0.093670 -0.031124 
0.915381 1.186543 1.335814 1.182841 1.456385 2.166259 0.778742 0.460775 0.146024 0.598925 0.105686 -0.077639 
0.640284 1.279729 0.958008 0.954884 2.062617 1.468120 1.572937 0.585105 0.566285 0.042454 -0.034002 -0.048480 
0.837747 1.255470 1.184581 1.230107 1.100459 1.739774 1.155230 0.884777 0.388286 -0.212384 -0.142146 -0.007108 
0.715290 1.143328 1.281464 1.534493 1.337709 1.825508 0.423762 0.228903 0.428597 0.308241 0.097473 -0.103133 
0.858232 1.659138 1.383241 1.822859 1.303484 -0.294518 0.792202 0.455170 0.687611 0.095248 -0.041553 -0.025041 
1.280353 0.696758 1.544144 0.867874 1.129654 2.046288 1.320271 0.276697 -0.033573 -0.059200 0.112553 -0.053613 
0.781149 1.174319 1.565658 1.862465 1.329570 1.393550 0.763452 0.657686 0.511334 -0.129913 -0.003861 -0.041582 
0.923113 1.376426 1.293477 1.672595 1.243026 0.694087 0.646680 1.023465 0.526558 -0.338269 0.138377 -0.053346 
1.058590 1.034454 1.775349 1.445078 1.774052 0.164021 0.160335 -0.027704 0.498955 0.426487 -0.212546 -0.069117 
0.682762 1.404823 0.935239 0.993609 1.226624 0.894027 0.122198 0.620075 0.542872 0.432901 -0.262595 -0.083207 
0.728121 1.213632 1.958326 1.133428 0.808522 0.145972 1.136860 0.794634 0.889523 0.191189 -0.005321 -0.121065 
0.916262 1.082291 1.561319 1.498237 0.595056 1.824496 0.370668 0.722350 1.221431 -0.090481 -0.014931 -0.072193 
1.205201 0.912289 0.993036 1.768222 1.407265 0.703895 2.130129 1.090656 0.602545 0.136796 -0.087679 0.002351 
2.012587 0.152578 1.749452 1.152822 0.911798 0.570978 0.510545 0.761926 0.769255 0.293231 -0.215521 -0.003194 
3.360715 0.574846 0.694209 1.129807 0.428250 1.843964 0.811056 0.949507 0.632296 -0.479801 0.053047 0.088924 
4.139822 0.211528 0.331545 0.466987 1.360460 0.752930 1.378790 0.604328 0.588894 0.722604 0.180161 -0.031285 
4.057732 0.349798 0.656918 1.170025 1.178876 0.272226 0.606521 1.043206 0.498103 0.529175 0.183160 0.000231 
2.914210 1.173589 1.564275 1.575322 0.434397 0.720046 0.490547 1.077444 0.302753 0.744458 -0.149925 -0.032068 
2.920984 1.962126 1.284821 1.014700 0.666166 0.272848 0.173279 0.365513 0.419904 0.284892 0.214246 0.033223 
4.073894 2.264337 1.521107 0.774347 0.556104 0.082107 0.554024 1.232607 0.807442 0.619123 0.334730 0.046010 
5.115730 1.171768 0.870532 -0.033957 0.199856 -0.478022 0.376557 1.482359 0.540532 0.447562 0.435483 0.108621 
3.284060 0.904831 1.054421 1.001297 0.114341 0.219223 0.858286 1.800988 0.610046 0.121748 0.345355 0.038835 
-1.#IND00 -1.#IND00 -1.#IND00 -1.#IND00 -1.#IND00 -1.#IND00 -1.#IND00 -1.#IND00 -1.#IND00 -1.#IND00 -1.#IND00 -1.#IND00 
-1.#IND00 -1.#IND00 -1.#IND00 -1.#IND00 -1.#IND00 -1.#IND00 -1.#IND00 -1.#IND00 -1.#IND00 -1.#IND00 -1.#IND00 -1.#IND00 
