3.370033 0.309646 0.715388 -0.477582 1.126256 1.280529 0.359167 0.616786 0.167522 0.284869 -0.004974 -0.027105 
3.312996 0.414083 0.082198 -0.729656 0.897804 1.056337 0.404877 0.594544 0.113202 0.397926 0.221366 -0.035211 
3.333459 0.083334 0.321252 -0.671295 1.458843 0.059309 0.210640 0.951642 -0.534182 0.568469 0.044090 -0.092258 
3.206608 -0.138640 0.895040 -1.810272 -0.047771 -0.004079 -0.042635 0.027831 0.993839 0.525603 0.094230 0.045841 
1.131008 0.444089 0.728475 -0.955208 1.335058 -1.400081 2.738369 -0.243559 0.746107 0.176383 0.200956 0.043395 
3.230917 -0.020238 0.429117 -0.518500 1.427420 -0.188723 0.283217 -0.150361 0.159407 0.359295 0.340573 0.041582 
3.302132 0.475586 0.878452 -0.821983 1.362772 0.553100 1.341840 0.533467 0.657469 0.453108 0.014295 -0.017291 
3.411187 -0.085830 0.546817 -0.881741 1.320671 0.648274 0.570946 0.822838 0.254372 0.444705 0.124922 -0.001087 
3.246480 0.417839 1.459231 -0.387838 1.551599 1.203657 0.297177 0.671495 0.492483 0.299866 0.408430 0.042763 
3.366809 0.251087 0.464530 -0.907203 2.450921 1.151954 0.455310 0.619172 0.071082 0.167153 0.134024 -0.000798 
3.523359 0.255593 0.519133 -0.795660 1.787571 1.209164 0.345851 0.924680 -0.227726 0.487366 0.343208 -0.007511 
3.219492 0.380271 0.509693 -0.760361 2.149532 0.371729 0.084017 1.038997 -0.058684 0.263546 0.289832 0.016483 
3.163469 -0.390299 -0.132713 -0.892371 0.706363 0.332021 1.098617 1.304128 0.219150 -0.052181 -0.025929 -0.049353 
3.149187 0.308730 0.760159 -1.402560 1.338187 0.516685 0.780285 0.859230 0.168427 0.630793 -0.054171 -0.038525 
3.989261 0.320611 1.068008 -0.498056 0.983371 1.313356 1.181875 0.730034 0.622161 0.360629 0.141339 0.014414 
3.475019 0.014302 0.483845 -0.376544 1.401327 0.786744 0.246028 0.537440 0.594482 0.333382 0.209891 0.001658 
3.378212 0.439530 0.857016 -1.244642 1.471117 1.196289 0.724378 0.737096 0.064797 0.592178 0.420558 0.013656 
3.086977 0.074042 0.724113 -0.966728 0.944622 1.314311 0.680740 0.685648 -0.155659 0.257158 0.072121 -0.042815 
3.526704 0.346774 0.845786 -1.179707 2.037183 1.073532 0.042619 0.838105 -0.098390 0.277866 0.327805 0.034780 
3.602239 0.432598 0.878974 -0.707748 1.112013 0.979233 0.629806 0.167586 0.158558 0.395105 0.242584 0.077245 
3.248524 0.179952 0.406872 -0.661649 1.797204 0.564928 0.316133 0.896751 0.039365 0.028581 0.212270 0.053736 
3.133112 0.275765 0.343248 -1.131084 0.862826 1.533675 0.441988 0.599684 0.060777 0.608779 -0.064280 -0.089572 
3.126701 0.778402 0.505911 -0.614205 1.153024 0.160242 0.734758 0.803918 -0.273527 0.489398 0.430328 0.021930 
1.026267 1.458621 1.448279 0.485676 0.857367 0.298454 -0.062865 -0.371114 0.678012 0.261440 0.623659 -0.074781 
0.698485 1.388517 1.483721 1.746375 1.514582 1.206696 1.078833 0.593218 0.050700 0.077039 0.013591 0.011840 
0.990049 1.244783 1.591258 1.122058 1.247510 1.439841 1.059066 0.481041 0.776941 0.278925 -0.036237 -0.045417 
0.855120 0.972829 1.400095 1.452996 2.105316 0.157587 1.444656 0.860839 0.383105 0.172038 0.135116 -0.073254 
0.574126 1.368696 1.372268 1.773038 2.332986 1.125312 -0.030703 1.078006 0.123319 0.092708 0.063589 -0.052167 
0.762850 0.901163 1.601683 1.465842 2.025058 1.538048 0.479616 0.635571 0.559028 0.090345 -0.101572 -0.003659 
0.797259 0.973139 1.342569 2.047253 1.134443 1.063966 1.165994 0.743796 0.306912 0.056402 0.031177 -0.041646 
0.841455 1.081949 1.164289 1.385596 1.980787 0.934507 1.121043 0.265015 0.694906 -0.000850 -0.022002 -0.071040 
1.047544 1.670910 1.101184 1.328083 1.028698 1.384705 -0.115875 0.317002 0.128741 0.671580 0.060384 -0.098863 
0.998018 1.200593 1.123413 1.058930 0.845508 1.200229 0.466713 0.158295 0.205650 0.073586 -0.305922 -0.036357 
1.140097 0.483049 1.062100 0.570843 1.761314 0.815182 0.788219 0.360055 0.497703 -0.142938 -0.283905 -0.112738 
1.123248 1.061866 0.734858 1.292753 0.468008 0.575121 0.578470 0.457523 0.968207 0.264290 -0.211528 -0.130517 
0.929376 1.522711 0.903926 1.590484 1.276901 -0.099439 0.799821 1.074478 0.492562 0.070828 0.052519 -0.048272 
0.906670 0.760279 1.630581 1.176834 1.272318 0.974946 1.493543 0.841437 0.991947 -0.119978 -0.134061 -0.009286 
0.722450 0.968667 1.332438 1.866191 1.535218 1.556580 0.714469 0.865226 0.466498 0.744034 -0.038291 -0.077902 
0.871880 0.985986 0.960803 0.723193 2.221533 0.830961 1.727045 1.076593 0.261779 0.236120 0.133547 -0.097177 
1.053889 0.961480 1.510528 0.773503 1.175448 0.815571 1.791629 0.629396 0.472093 -0.256442 0.140123 -0.043147 
0.813534 0.710738 1.506275 1.046294 1.668285 2.106821 0.954346 0.864696 0.208803 0.365572 -0.033089 -0.050748 
3.393407 -0.157937 0.939153 1.526229 1.200523 1.437379 0.849435 -0.283243 1.130337 0.222063 0.054474 0.014952 
4.023370 2.637104 1.188240 0.736074 0.780586 0.811563 0.887046 0.813464 0.728947 0.538769 0.225721 0.028746 
3.805961 2.246587 1.174511 1.071985 1.114741 0.899015 0.795413 0.744282 0.609120 0.428905 0.037771 -0.007637 
3.829061 2.749388 1.742839 0.838170 0.517750 0.316274 0.464087 0.539011 0.114178 -0.109377 0.082690 0.008503 
3.123851 2.268335 1.980710 1.724030 1.149419 0.588614 0.554618 0.645547 0.499982 0.417901 0.221639 0.034174 
2.682575 1.926087 2.776748 2.310728 0.949921 1.092433 1.245727 0.582095 0.167861 0.378640 0.201788 0.011901 
4.412119 0.135001 1.618428 1.666215 1.057324 0.863800 0.552248 1.106170 0.787398 0.861011 0.515748 0.040116 
-1.#IND00 -1.#IND00 -1.#IND00 -1.#IND00 -1.#IND00 -1.#IND00 -1.#IND00 -1.#IND00 -1.#IND00 -1.#IND00 -1.#IND00 -1.#IND00 
-1.#IND00 -1.#IND00 -1.#IND00 -1.#IND00 -1.#IND00 -1.#IND00 -1.#IND00 -1.#IND00 -1.#IND00 -1.#IND00 -1.#IND00 -1.#IND00 
