3.379371 0.018200 0.611101 -1.848892 0.663058 0.307308 0.640239 0.508258 0.217841 0.100636 0.132146 0.048864 
3.381410 -0.545307 0.950771 -1.078056 1.259619 1.108245 0.990258 0.647449 0.391311 0.394045 0.245942 -0.012130 
3.415326 0.211786 0.645046 -0.426631 1.122319 0.901897 0.292759 0.496419 0.490211 -0.064081 0.043166 0.033173 
3.489855 -0.016921 0.434522 -0.917039 1.174759 0.684170 0.019744 0.440429 0.189236 0.550146 0.095247 -0.045641 
3.337630 0.023976 0.266995 -0.094271 1.101801 0.162180 -0.258068 0.924558 0.317034 0.043125 0.113159 0.036144 
3.268319 0.441461 0.317586 -1.466231 0.443607 0.559026 0.649214 0.512431 0.164392 0.104665 -0.044886 -0.030509 
3.540599 -0.231658 0.050872 -1.068482 0.885447 0.745752 0.429292 -0.043069 -0.050319 0.378898 0.108984 0.018739 
3.499669 0.116766 0.330525 -1.410465 1.166652 0.250308 0.154739 0.002202 0.188373 0.316397 0.147415 0.037667 
3.484225 -0.051086 0.580644 -0.205478 1.748606 0.783091 0.703442 0.845157 -0.363462 0.346393 0.327457 0.020343 
3.510351 0.137746 0.443534 -1.100056 1.408051 0.887180 0.480759 0.354853 0.405795 0.290427 0.198896 0.000185 
3.592041 0.277653 0.859052 -1.001352 1.462615 0.164923 0.164105 0.623809 0.352261 0.018158 0.016146 -0.013762 
3.771309 0.505238 0.732938 -0.197933 1.219922 0.895063 1.083177 0.232563 0.368028 0.278805 0.202938 0.004026 
3.605603 0.215446 0.737106 -0.640445 2.257642 1.380894 0.386756 1.073562 -0.058630 0.313100 0.108111 -0.093940 
3.819581 0.803357 0.705475 -0.804666 1.863046 1.829940 0.823264 1.072944 0.729706 -0.085867 0.144871 -0.011871 
3.707353 0.315477 1.084140 -0.005836 1.619873 1.833688 0.973939 1.036813 0.359094 0.341458 -0.033654 -0.064437 
3.574412 1.024480 0.648095 -0.749819 1.837351 0.799858 1.060263 1.342068 0.170195 0.197744 0.271450 0.002253 
3.852796 0.420309 1.101261 -0.223405 1.239347 1.248199 0.433123 0.843337 0.133118 0.434237 0.394528 0.011297 
3.836856 0.127826 1.240098 -0.362083 1.397614 0.770745 0.853848 1.164886 0.236057 -0.046820 -0.043736 -0.004702 
3.703652 0.387776 0.695326 -0.053120 1.639013 1.709140 0.693551 1.071784 0.892509 0.209320 0.285128 0.024079 
3.726998 0.671984 1.243620 -0.150118 2.006986 0.891457 0.789249 0.969708 1.080206 0.543895 0.233599 0.011449 
3.719235 0.360334 0.921709 -0.430548 1.862104 1.144680 0.747290 0.925451 0.676527 0.214279 0.301501 0.021479 
3.445314 0.486102 1.111906 -0.378214 1.618493 1.216269 -0.050373 0.780022 -0.196147 0.062133 0.388835 0.008577 
3.556045 0.755143 0.853206 -0.669281 1.361768 1.620618 1.385199 0.794943 -0.174777 0.376927 0.029467 -0.050456 
1.463364 1.534593 -0.348961 -0.233615 0.097935 -0.449287 0.719381 1.828044 1.131588 -0.230436 -0.162435 0.018113 
0.815039 1.614089 1.408059 1.307446 1.263976 0.457194 1.585063 -0.700009 0.132367 0.334286 -0.117158 0.022923 
0.624468 1.255467 1.876883 1.722543 1.287016 0.167259 0.877550 1.444166 0.730742 0.123554 0.141435 -0.101089 
1.047209 1.396188 0.991794 0.979529 1.222228 1.001354 1.220413 0.496954 0.661286 0.189414 -0.054493 -0.033085 
0.917313 1.291181 1.769079 1.331946 0.733859 1.001496 1.326747 0.768904 0.529554 0.334939 0.071082 -0.076224 
1.061288 0.685506 1.485920 1.442945 1.826019 1.303834 0.799750 0.884250 0.078536 0.102062 -0.023639 -0.032404 
0.846650 1.202015 1.584100 1.300715 1.314125 0.949708 1.827111 0.620122 0.011650 0.244445 -0.234993 0.004759 
0.701171 1.181393 1.042064 1.566274 1.015863 2.102582 0.790767 0.633590 0.216065 0.158837 0.010128 -0.076311 
0.673778 1.450402 1.048701 2.039842 1.703321 1.596537 1.074232 -0.081543 0.263068 -0.101933 0.115700 -0.044645 
0.678290 1.885402 1.450057 0.825669 1.099735 0.360018 0.624298 0.418001 0.685787 -0.240827 0.208311 -0.091906 
1.250963 1.274367 1.296757 1.298100 0.545617 0.859197 0.405142 0.507679 0.517255 0.226393 0.058052 -0.092818 
0.930407 0.615958 1.643003 1.162341 1.098708 0.718635 0.970612 0.546352 0.310954 -0.030570 -0.162010 -0.041044 
0.774129 1.857553 1.333692 1.335443 1.162885 1.070571 1.081034 0.914574 0.291460 -0.397130 -0.005620 -0.034792 
1.343496 1.384018 0.929581 1.828097 0.455066 0.474802 1.599481 -0.084599 0.497985 0.292581 -0.121424 -0.099252 
0.855712 1.156270 1.343966 0.991598 2.006614 1.299230 0.688638 0.495554 0.827946 0.448728 -0.132840 -0.099745 
0.425214 0.839210 1.307086 1.223670 1.785730 2.227117 1.697806 0.642735 0.138539 0.234677 -0.027781 -0.055222 
0.281167 1.661072 1.568621 1.740037 1.700368 1.522951 0.533026 0.362999 0.808792 0.071798 -0.028269 -0.042479 
0.513661 0.774914 1.774305 1.478815 1.860790 1.134757 1.942173 0.366625 0.772361 0.135857 0.085752 -0.090331 
0.833572 1.295660 0.931111 1.596131 1.580664 1.810520 0.475841 1.135797 0.500767 0.172800 -0.192854 -0.008737 
1.445987 0.499848 1.600094 1.411509 0.933074 2.310967 0.191274 1.212474 0.375990 0.539643 0.021733 -0.039067 
3.906654 0.166860 0.582548 0.974263 0.781986 1.016381 0.389961 0.662429 1.467944 0.216724 0.140719 0.030030 
4.210155 1.592255 0.232988 0.585977 1.167677 0.750544 0.432902 0.509337 0.639003 0.366161 0.156868 -0.003526 
4.152963 1.457750 2.610687 0.974578 0.264862 0.949350 1.187776 0.359512 -0.817248 0.317902 0.112053 -0.068300 
2.637495 1.050917 2.095225 1.807031 1.454172 1.860026 0.073939 -0.018665 0.202508 0.631717 0.142832 -0.024951 
3.068088 0.530573 1.474834 1.492929 0.826196 1.133701 1.479464 1.158034 0.797062 -0.287814 -0.177758 0.043621 
-1.#IND00 -1.#IND00 -1.#IND00 -1.#IND00 -1.#IND00 -1.#IND00 -1.#IND00 -1.#IND00 -1.#IND00 -1.#IND00 -1.#IND00 -1.#IND00 
-1.#IND00 -1.#IND00 -1.#IND00 -1.#IND00 -1.#IND00 -1.#IND00 -1.#IND00 -1.#IND00 -1.#IND00 -1.#IND00 -1.#IND00 -1.#IND00 
