3.742524 0.379157 0.641450 0.409211 1.132363 0.907577 0.588552 0.121641 0.718278 0.157085 -0.255554 -0.053371 
3.605774 0.357573 0.812923 -0.252574 1.523159 1.046864 0.079242 0.748714 -0.155116 0.051311 0.109946 -0.002941 
3.546119 0.437563 -0.214781 -0.274651 1.549838 0.571123 0.535272 -0.101780 -0.003605 0.206286 0.097531 -0.002078 
3.552957 0.625481 0.433239 -0.816908 1.659119 0.512096 0.067678 1.079631 0.506079 0.591588 0.036443 -0.059187 
3.653226 0.217332 0.852796 -0.725583 1.090715 1.097290 0.505196 0.849420 0.207222 -0.029051 0.078768 -0.025115 
3.548023 -0.237783 0.847831 -1.221624 1.998989 0.686503 0.607296 0.580800 0.433498 0.244032 0.018605 -0.003442 
3.783530 0.847853 0.613903 -0.710825 1.745030 0.672024 1.165851 0.798096 -0.116577 0.111460 0.136807 0.032284 
3.703004 0.290891 0.940643 -1.104783 1.975718 1.147764 0.920186 1.195471 0.260281 0.363418 0.426209 0.025392 
3.492802 0.549897 0.418895 -0.631587 1.844921 0.848667 0.678133 0.874145 0.331294 0.220843 0.145534 0.010805 
3.872010 0.140038 1.067604 -0.539046 2.027644 0.839798 1.201458 0.630370 -0.242595 0.233955 -0.116987 -0.042746 
3.713423 0.195216 1.194145 -0.517707 1.467936 1.242383 0.143298 0.684624 0.056690 0.058699 0.177567 0.000143 
3.620806 0.036203 0.600858 -0.335430 1.669551 0.941155 0.697489 0.494473 0.260570 0.421796 0.311365 0.016658 
3.603404 0.155984 1.101461 -1.309317 1.801393 0.599890 0.582634 0.744879 0.093983 0.046003 0.206000 0.056074 
3.447271 -0.247167 -0.103249 -1.352368 1.649013 1.513266 0.253692 0.435108 0.224525 0.169534 0.114747 -0.005511 
3.765803 0.262800 0.303519 -0.218643 1.875268 1.095183 0.755043 0.678249 0.666097 0.363075 0.143646 -0.005227 
3.360077 0.075610 0.589066 -0.476500 0.788228 0.900156 1.120778 0.363861 -0.235226 0.164070 0.056149 -0.037463 
3.257574 -0.426211 0.418826 -0.701272 1.419346 0.588266 0.109773 0.244840 0.027556 -0.170734 0.163547 -0.049178 
3.378260 0.473754 1.254412 -0.932096 1.526766 0.646213 0.255216 0.316428 -0.060073 0.529305 0.182263 -0.004559 
3.351398 0.129191 0.712017 -1.186208 1.109925 0.603065 0.610080 0.679218 -0.296958 0.015166 0.240794 0.008127 
3.597278 -0.006393 0.360330 -0.524063 1.702881 1.224305 0.257978 0.880502 0.507372 0.079074 0.163948 -0.012473 
3.540550 0.537096 0.789015 -0.775691 1.680570 1.122132 0.172936 0.650665 0.283025 0.131975 0.269206 0.016991 
3.493997 0.427168 0.726088 -0.823257 1.049448 1.341795 1.008560 1.455272 0.090166 0.210559 0.230929 -0.001456 
3.379818 0.444719 0.388316 -0.452942 1.161734 1.493649 1.648270 1.123990 0.598371 0.127868 0.021008 -0.036346 
1.120372 1.953777 1.371319 0.904955 -0.782076 -0.467108 0.276457 0.495681 1.332882 0.045402 0.126800 0.067484 
0.987026 0.793780 1.256934 1.943842 1.272791 1.428512 0.790997 0.468656 0.181165 -0.111366 0.137565 -0.028439 
0.898628 1.224166 0.971109 1.261292 1.161030 1.950073 1.469734 0.251093 0.496324 0.286654 0.042622 -0.070735 
1.249285 0.259178 1.103381 2.134827 1.306805 1.668480 1.296706 1.629331 -0.352252 0.594548 0.066475 -0.064533 
0.372542 1.806985 1.432554 0.742628 1.849407 1.453017 0.803740 0.808166 0.859399 0.243375 -0.014148 -0.058995 
0.746796 1.504223 1.603007 0.065216 2.109182 1.999432 0.862323 0.394614 0.705331 0.024663 0.147362 -0.075833 
1.311335 1.222858 1.424376 1.071454 1.312764 1.375672 0.116842 0.156539 0.361678 0.212846 0.021667 -0.058519 
1.368374 1.182898 1.287940 1.321954 0.887912 0.389415 0.790095 0.418126 0.418072 0.129151 -0.162277 -0.047387 
0.943773 1.971603 1.752979 0.485410 0.967012 0.621624 0.463417 0.298226 0.374050 0.247480 -0.035685 -0.067185 
1.366443 1.294192 0.936080 1.491422 1.338916 0.456795 0.905086 0.294392 0.229348 -0.255060 -0.203564 -0.019018 
1.215384 1.169443 0.354485 2.639475 1.176820 1.389331 0.427539 0.105272 -0.160229 0.500861 -0.073930 -0.101511 
1.145609 1.553094 1.611933 1.018088 0.974994 -0.037885 1.176081 0.347088 0.748170 0.166865 -0.275468 -0.002130 
0.621806 1.583821 1.558321 1.832254 1.478669 0.972120 1.399208 0.447410 0.611492 -0.025529 -0.020271 -0.018024 
0.750837 1.348530 1.703074 0.968184 1.675129 1.195249 1.152189 0.598189 0.455479 0.193867 -0.135826 -0.041286 
0.711427 0.757463 1.605163 1.228070 1.189075 1.011678 0.959612 0.843318 1.072902 0.313129 -0.161277 -0.148895 
1.004674 0.594442 1.703687 1.349567 1.323018 1.077493 1.448173 0.518062 0.579559 0.295862 -0.174997 -0.091875 
1.332809 0.790401 1.110452 1.434939 1.359167 1.123199 0.829427 1.011399 0.456016 0.182252 -0.064641 -0.064043 
2.303109 0.827576 1.451208 0.830715 1.226622 1.941907 0.879663 0.388419 0.372605 -0.032207 -0.163528 -0.008729 
4.041284 0.465104 1.016497 1.421954 0.208916 1.020647 0.928521 0.841140 0.313008 0.355087 0.240124 -0.003397 
2.097378 0.171412 2.505353 2.351415 0.886245 -0.131118 0.251374 0.876982 0.971052 0.350163 0.245138 -0.066775 
2.445464 0.720408 1.602352 2.098168 0.371175 -0.161475 0.277922 0.506884 0.596372 0.107132 0.067463 0.006017 
2.959741 0.487797 1.493039 1.990903 1.507747 -1.269338 1.126300 0.254857 0.154983 0.649714 0.110669 0.009760 
2.170104 0.611252 1.132109 1.751519 -0.123097 -1.703385 0.431022 -0.456018 0.145196 0.187526 0.060341 -0.047743 
3.501759 -0.210951 2.266452 2.383671 0.982260 0.559534 -0.417630 1.196515 -0.270094 0.849548 -0.124628 -0.188429 
3.532921 0.409785 0.874649 2.176571 1.644181 -0.385198 0.352623 0.346929 0.019959 -0.094213 -0.131473 -0.006993 
-1.#IND00 -1.#IND00 -1.#IND00 -1.#IND00 -1.#IND00 -1.#IND00 -1.#IND00 -1.#IND00 -1.#IND00 -1.#IND00 -1.#IND00 -1.#IND00 
-1.#IND00 -1.#IND00 -1.#IND00 -1.#IND00 -1.#IND00 -1.#IND00 -1.#IND00 -1.#IND00 -1.#IND00 -1.#IND00 -1.#IND00 -1.#IND00 
