3.523503 -0.109866 0.395061 -1.041839 1.331019 0.911360 0.347138 1.487230 0.086593 0.343969 0.355647 -0.042858 
3.262941 -0.333945 0.576014 -0.900562 1.227007 0.959789 0.189142 0.912770 0.223537 0.234075 0.498694 0.025361 
3.173443 -0.231626 0.610055 -1.118400 1.058807 1.079028 1.110451 0.527647 -0.023381 0.517027 0.271401 -0.028144 
3.437218 0.081806 0.117405 -1.333347 0.854633 0.892655 1.205892 0.256977 0.200569 0.387829 0.048272 0.020401 
3.449152 -0.293442 0.556226 -0.918746 0.947217 0.556135 0.901461 1.000365 -0.007644 0.487063 0.150475 -0.022137 
3.477845 -0.447087 -0.155206 -1.292251 0.932594 0.906274 0.388900 0.191998 0.306476 0.312024 -0.045393 -0.057295 
3.411112 -0.242386 0.392600 -1.070856 1.427809 0.294046 0.323581 0.774029 0.259119 0.360726 0.146434 -0.005267 
3.517628 -0.351969 0.347764 -0.697055 1.378026 1.371297 1.100459 0.638924 -0.151642 0.001817 0.195960 0.022170 
3.181953 0.023858 0.535293 -1.078375 0.933202 0.740280 0.172380 0.461909 0.011886 0.262907 0.113698 0.005976 
3.599586 -0.021305 0.361641 -0.986602 1.564059 0.294735 0.292985 0.533218 0.093650 0.317187 0.389074 0.044111 
3.429828 -0.052385 0.452412 -0.722781 1.456239 0.804410 0.747570 1.309426 0.510882 0.177063 0.039634 -0.040408 
3.456383 0.119974 0.636871 -0.914756 1.050865 0.727615 0.323186 0.851962 0.437211 0.297243 0.014422 -0.042889 
3.378885 -0.240714 0.876765 -0.962083 1.745951 1.689431 0.679960 0.818939 0.773726 0.493341 0.061087 -0.074859 
3.599449 0.043627 0.585217 -0.327652 1.386355 1.143897 1.069277 0.916473 0.364200 0.069980 0.350780 0.058928 
3.508130 -0.407189 0.603799 -1.394121 2.031580 0.481749 0.555645 0.421637 -0.051670 0.382598 0.443435 0.065013 
3.320895 -0.201900 0.973734 -0.522814 1.197340 1.390396 0.883751 1.034991 0.277552 0.592996 0.068875 -0.077256 
3.165631 0.105156 -0.151068 -0.946707 1.105397 1.014436 1.021569 1.001127 0.195498 0.136891 0.408477 0.042661 
2.466686 1.114934 1.339277 -1.635042 0.122875 0.047248 -0.387460 0.585186 0.414016 0.350477 0.005969 0.033149 
1.343988 1.382058 1.670061 0.789175 0.433950 0.601430 0.373869 -0.106305 -0.412922 0.317819 0.224536 -0.003638 
0.156063 0.705539 2.153757 1.543328 2.115700 1.469140 1.437490 0.493003 0.571738 0.467570 -0.002377 -0.084938 
0.797337 1.130191 1.579335 1.529536 1.695950 0.777462 1.008580 0.971592 0.740731 0.182555 0.097335 -0.069860 
0.466027 1.264294 1.046685 1.775590 1.629830 0.601838 1.570207 0.775505 0.434732 0.358384 0.098788 -0.085614 
0.372176 1.766552 1.474403 1.027065 1.242615 1.997373 0.929025 0.400067 0.432234 0.552076 -0.063832 -0.069238 
0.577815 1.093000 1.978087 1.770749 1.424921 1.179848 1.018783 0.504385 0.090314 0.250672 -0.023602 -0.039534 
0.795058 1.151207 1.345631 2.089601 1.268406 0.838784 1.511663 0.455876 0.064134 0.279559 -0.064881 -0.062034 
0.867489 0.938037 1.615362 1.425127 1.018076 1.538969 0.541478 0.529116 0.052874 -0.006332 -0.045427 -0.068726 
0.753315 1.354175 1.876156 1.748040 0.644804 0.306783 0.656761 0.704046 0.261704 0.225933 0.045888 -0.135124 
0.759932 1.759638 1.266765 1.404442 1.425264 0.880212 0.476970 0.390015 0.598375 -0.252554 -0.205999 -0.005726 
1.293146 1.725550 1.109960 1.013346 0.452621 1.558673 0.892515 0.394605 0.466926 -0.007358 -0.281161 -0.016091 
1.081038 0.808989 1.171405 1.492631 0.727039 1.634027 1.087812 0.210241 0.349330 0.162801 -0.028111 -0.020569 
0.958608 0.393844 1.289963 2.099540 1.416476 1.829074 0.500007 1.393903 0.021311 0.352936 -0.233348 0.001652 
1.177268 0.914763 0.871196 1.505807 1.486207 0.888411 1.055313 0.762267 0.343320 0.152013 -0.056180 -0.081264 
0.988543 1.002967 1.586727 1.407417 1.549869 0.360918 0.850692 0.843012 0.149362 0.188986 -0.020209 -0.094546 
0.816563 0.829824 2.019151 1.267205 0.901792 0.865135 1.130394 0.843008 0.501637 0.023248 -0.038051 -0.095584 
1.020525 1.493200 0.590591 1.750695 1.539613 1.005319 1.117264 0.232327 0.176538 -0.021580 0.261967 -0.089490 
2.056750 0.950368 1.119409 0.736258 1.093834 1.502207 0.841483 0.188869 0.404077 0.141900 0.431119 -0.062381 
1.854347 0.403669 0.862730 0.868103 1.546927 0.945691 0.759666 0.804529 0.298284 0.115270 -0.072630 -0.024306 
2.637641 0.191296 1.875170 1.279271 1.070980 0.157298 0.360656 -0.009219 0.745690 0.244016 0.103347 -0.023978 
3.452791 0.253929 1.395581 1.755025 0.716534 1.226473 1.227331 0.347054 0.745333 0.136146 0.134633 0.044468 
3.701133 0.712454 1.583836 1.823006 0.503095 -0.919953 0.917447 -0.764883 0.028677 0.237021 -0.078492 -0.007429 
2.509660 0.048679 0.698812 1.737122 0.194366 -0.910998 0.616781 -0.292672 -0.527121 0.385028 0.176827 0.002183 
2.649945 0.318148 0.582990 1.445679 -0.018865 0.004039 1.492984 -0.066058 -0.327180 0.360110 0.253097 -0.029905 
2.916057 0.479869 1.414922 1.742855 0.124669 -0.629806 -0.035546 0.445440 0.158820 0.220338 -0.228404 -0.043153 
3.913477 0.965040 1.527632 0.152232 0.857622 0.894184 0.380487 0.541997 0.009330 0.254514 0.142328 -0.000450 
4.236479 1.397112 0.500080 0.167985 2.193562 1.555479 1.012908 1.237008 0.324170 0.450476 -0.064180 -0.058314 
3.834611 1.141438 1.049255 -0.291668 0.684391 0.208445 0.705618 0.849976 0.701811 0.426160 0.116898 -0.016655 
3.368853 0.297904 0.482487 -0.922847 1.386007 0.718726 0.473918 0.084259 0.024023 -0.112690 0.056782 -0.010722 
3.236783 0.023576 0.594597 -0.364159 1.325787 1.368791 0.297717 0.387464 -0.081777 0.242177 0.175923 0.000607 
-1.#IND00 -1.#IND00 -1.#IND00 -1.#IND00 -1.#IND00 -1.#IND00 -1.#IND00 -1.#IND00 -1.#IND00 -1.#IND00 -1.#IND00 -1.#IND00 
-1.#IND00 -1.#IND00 -1.#IND00 -1.#IND00 -1.#IND00 -1.#IND00 -1.#IND00 -1.#IND00 -1.#IND00 -1.#IND00 -1.#IND00 -1.#IND00 
