3.121904 -0.709887 0.038002 -1.191078 0.353476 -0.501271 0.498311 1.107426 -0.061843 0.040958 0.108448 0.057109 
3.210368 -0.709034 0.485189 -0.674581 1.046143 0.578480 1.285828 0.681691 0.134426 0.048192 0.086885 0.004926 
3.162029 0.137951 0.667793 -1.301689 1.729010 0.641023 0.335778 0.886759 0.305226 0.257159 0.133346 -0.059726 
3.451019 -0.222937 1.119430 -0.179893 1.593250 1.204686 0.641428 1.307992 0.545777 0.735491 0.242854 -0.090454 
3.461187 -0.142716 -0.034114 -1.026568 1.509079 0.105036 0.925818 0.540578 -0.100991 0.434603 0.147484 -0.021801 
3.324318 -0.663429 1.134732 -0.919575 0.902152 0.564400 0.869604 1.188517 0.354835 -0.442468 0.100716 0.062503 
3.010565 -0.576065 0.865979 -1.014002 0.710029 -0.199344 0.590692 0.679510 0.037939 0.164076 0.197658 -0.017958 
3.145414 -0.587406 1.004617 -0.780181 1.531842 0.853141 0.454660 0.688179 0.462202 0.410581 0.190811 0.031553 
3.408613 -0.306816 1.463628 -0.533796 1.365979 0.200975 0.874895 1.280353 0.727191 0.167454 0.096613 0.031151 
3.222143 -0.089531 1.068888 -0.683801 1.335990 0.247056 0.298249 0.741277 -0.110357 0.030421 0.095133 0.007275 
3.181429 -0.010061 0.917799 -1.211412 2.088531 -0.033879 0.976313 1.231101 -0.002660 -0.250737 0.227706 0.073577 
3.285783 -0.328859 1.306588 0.410594 1.504249 1.275295 0.350514 0.858588 0.359157 0.327387 0.242684 -0.036563 
3.195995 -0.283579 0.689177 -1.355319 1.917504 0.838971 0.708695 1.290274 0.267366 0.188784 0.369832 -0.004360 
3.284430 -0.733924 0.920377 -0.909611 0.872192 0.166614 0.450580 1.150920 -0.231447 0.032165 0.150058 -0.056660 
3.385349 -0.533687 1.203074 -0.315815 1.524029 0.097996 1.232909 1.276439 0.702867 0.459012 0.049421 -0.019277 
3.210974 -0.470612 1.609742 -0.646521 0.911759 0.468129 1.279551 0.413487 0.266427 0.190298 0.167978 0.063692 
3.231112 -0.046816 0.993895 -0.567537 1.174539 0.747429 0.809869 0.905397 -0.126948 0.282889 0.337395 0.027899 
3.371591 0.015074 1.352940 0.050544 1.575652 0.972814 1.344365 0.545034 0.295290 0.534131 0.126300 -0.022575 
3.656229 -0.211146 1.332148 -0.229386 1.533359 0.378513 1.241490 1.358908 0.044010 0.349358 0.284741 0.003117 
3.605513 0.197468 1.709306 -1.277802 1.415816 1.129341 1.067549 0.689347 0.401350 0.575034 0.295553 0.023630 
3.573430 -0.372041 1.309559 -0.142558 1.757830 0.434908 0.951853 0.839946 0.427435 -0.085509 0.087100 0.078398 
3.712433 -0.200814 1.262213 -0.420699 0.861748 0.627639 1.144017 0.401851 -0.077934 0.106465 0.065841 0.000850 
0.504283 1.964211 1.151807 0.653385 1.833570 -0.633008 2.093060 0.832148 0.870143 0.155745 -0.123673 -0.098713 
0.259912 1.026705 1.913336 0.876498 2.389555 1.094949 1.813408 0.474151 0.690933 0.461387 -0.051485 -0.078855 
0.734104 1.248477 1.317408 1.430082 1.453131 1.283997 1.322127 1.011333 0.238975 0.649917 -0.145201 -0.042431 
1.161173 1.113063 1.875173 1.238397 1.023115 0.607181 1.795596 1.090769 0.122735 0.509265 -0.051207 -0.032240 
0.856269 1.261425 1.803919 1.760256 0.684901 0.761454 0.831486 0.987896 0.863716 0.131820 0.098789 -0.061210 
0.327036 0.931413 1.010971 1.921456 2.428730 1.963924 0.807738 0.724567 0.400603 0.084413 0.174143 -0.096272 
0.599574 1.541918 1.749448 1.740765 0.852809 0.993657 1.003456 0.812714 1.070458 -0.118856 -0.115576 -0.013217 
0.558189 1.471400 1.200334 1.638664 0.960378 1.181435 1.252766 1.476600 0.160215 -0.015098 -0.046915 -0.029174 
0.704378 1.311687 1.304251 1.927055 1.519777 0.843160 0.685396 0.533378 0.110816 0.049345 -0.061868 -0.027988 
0.781589 1.538168 0.673059 1.359323 1.993457 1.409822 0.633499 0.330559 0.208277 0.241464 -0.202236 -0.059237 
1.165924 1.171335 1.897512 0.803957 0.425836 1.354670 0.258619 0.750914 0.542576 -0.101603 -0.106944 -0.036106 
1.493241 0.987972 0.837861 1.221876 0.410594 0.994306 0.704069 0.597993 0.173303 0.184616 -0.069094 -0.079948 
0.917532 1.071417 0.920354 1.217814 1.073661 0.860741 0.889916 0.012952 0.521034 0.578084 -0.265719 -0.104384 
0.878800 0.750588 0.736330 2.145155 1.539347 1.340105 0.968152 0.733022 0.639406 0.007203 -0.123562 -0.053859 
0.792552 1.054907 0.996059 1.523173 1.270871 0.813175 1.560839 0.883525 0.560537 0.250256 -0.024749 -0.121479 
0.974721 0.959810 0.988973 1.322241 1.738361 0.573463 1.278715 1.006185 0.432376 0.115691 -0.090000 -0.096563 
0.837759 0.932340 1.356733 0.899005 1.638931 1.574436 1.302177 0.326975 0.600554 -0.147694 -0.020754 -0.079936 
1.195943 0.897825 1.732479 1.327312 1.606656 0.828147 0.724006 1.470177 0.230746 0.224437 -0.216736 -0.037002 
2.664648 0.651698 0.819434 0.614859 0.640352 1.368005 0.304381 0.739508 0.854576 0.195765 0.303580 -0.015870 
2.000744 0.924031 1.591089 0.317844 1.455461 0.143735 0.763242 0.905414 0.706001 0.189041 -0.030113 -0.050409 
2.211030 0.410496 1.208103 1.097992 1.394916 0.697187 0.907740 1.032129 0.048565 0.286054 0.134277 -0.042758 
1.595218 0.582380 1.483606 1.416229 0.290583 1.202444 1.184078 1.110611 0.540688 -0.008322 0.432581 -0.036772 
2.096016 0.032142 1.686074 0.317423 -0.286965 -1.028301 0.610120 0.167648 -0.190903 0.342897 0.273312 -0.045311 
2.038819 0.212910 1.080645 0.606534 -0.129171 -0.631918 -0.054499 0.437767 0.110212 0.535854 0.203196 -0.023965 
2.789944 0.253441 1.480011 1.322601 -0.215274 -0.288389 0.984491 1.178553 -0.404413 0.287589 0.283023 -0.038958 
3.251999 -0.637356 0.580566 1.744831 -0.423652 -0.715754 -0.374018 0.142480 -0.100639 0.730409 0.125637 -0.071834 
-1.#IND00 -1.#IND00 -1.#IND00 -1.#IND00 -1.#IND00 -1.#IND00 -1.#IND00 -1.#IND00 -1.#IND00 -1.#IND00 -1.#IND00 -1.#IND00 
-1.#IND00 -1.#IND00 -1.#IND00 -1.#IND00 -1.#IND00 -1.#IND00 -1.#IND00 -1.#IND00 -1.#IND00 -1.#IND00 -1.#IND00 -1.#IND00 
