1.143107 2.153520 1.342634 0.516705 0.137935 -0.022295 0.084944 0.188181 0.095954 0.555747 0.081106 0.015694 
1.246377 1.951032 0.924296 0.844782 -0.347543 -1.176361 -0.469898 -0.663682 -0.026452 -0.197952 0.188483 -0.014091 
1.396848 2.014326 0.592883 0.382751 -0.359811 -1.501331 -0.965590 -0.568797 0.102317 0.320265 0.072924 -0.015558 
1.449697 1.757449 0.987129 -0.055798 -0.785450 -0.438505 -0.839785 -0.475881 -0.355369 0.405839 0.029743 -0.077050 
1.434837 1.467396 0.920924 0.647729 0.033275 -0.403750 0.109523 -0.102669 -0.244317 0.062158 -0.095459 -0.066081 
1.462098 1.038885 0.783784 0.760342 0.044737 0.094496 0.511915 0.141503 0.228873 -0.213293 -0.289823 -0.118820 
1.074990 0.393653 1.395421 1.209190 0.217504 0.709595 0.438526 0.345701 0.006411 -0.114877 -0.374429 -0.195975 
1.154664 1.524940 0.475122 1.038879 0.902742 -0.066066 1.137193 0.657188 0.576482 -0.325922 -0.222589 -0.160715 
1.662708 0.453844 1.249324 1.523658 1.239700 1.409690 1.737896 1.089339 0.752883 -0.360756 0.164143 -0.004064 
6.309572 1.046175 0.640033 1.229731 0.794269 1.372139 -0.004343 1.151975 0.058189 -0.324311 0.106342 0.150458 
4.327312 2.899528 2.561996 0.993884 0.678800 0.748371 -0.051118 -0.248396 -0.336667 -0.259176 -0.084822 -0.027098 
3.322374 1.184389 0.917459 0.715369 0.372247 0.021332 0.399673 0.533590 -0.046078 -0.256913 -0.282000 -0.053285 
0.933116 0.418450 1.029505 1.396771 1.711310 2.131173 1.117223 -0.380114 0.193958 -0.176435 0.092645 -0.065021 
0.965954 0.139743 1.210729 1.165162 2.458102 2.104058 0.715462 0.349637 0.043134 0.062993 0.013659 -0.021531 
0.996890 0.596369 0.977651 1.001215 2.185534 1.529903 0.891890 -0.251490 -0.087805 0.665027 0.160138 -0.108232 
1.142587 0.725125 0.903857 1.357275 1.536969 1.136672 1.037171 0.016089 0.347706 0.710127 0.157980 -0.123991 
0.518045 0.382747 0.984897 1.718889 2.571179 1.413256 1.319218 0.796820 0.186944 0.279837 0.149078 -0.103001 
0.750129 0.419788 0.807237 2.777889 2.160287 1.004747 1.316915 0.033367 0.309759 0.415657 0.107180 -0.098039 
0.884388 0.944856 0.856019 1.254460 2.044022 1.904488 0.412442 0.310604 0.582792 0.383355 0.017029 -0.081014 
0.719058 0.777495 1.149886 1.421003 2.376212 1.474647 0.984744 0.224688 0.180966 0.711164 0.048087 -0.096417 
0.663043 0.591551 0.850364 1.915785 2.144899 2.010664 1.149351 0.214676 -0.118276 0.196712 0.262487 -0.044216 
0.585102 0.860796 0.673003 1.830104 3.205092 1.758001 0.755939 -0.112449 0.137794 0.560730 0.127988 -0.047096 
0.704046 0.624745 1.259217 1.471129 2.450795 1.448991 1.147046 0.882739 0.319548 0.071300 0.187786 -0.068249 
0.592368 1.181247 1.114350 1.618126 1.401826 1.641629 1.207731 0.862757 0.634889 0.465552 -0.228560 -0.017688 
0.907432 0.915556 1.286638 1.855704 1.452363 0.717329 1.160541 0.940334 0.416107 0.386419 0.041709 -0.056880 
0.717365 0.385818 1.578900 1.722989 1.889225 1.393048 1.566705 1.303239 0.569652 0.069576 0.035955 -0.033696 
0.861304 1.041670 1.322196 1.215526 1.398335 1.431765 1.441679 0.737109 0.289814 0.301836 0.059802 -0.025627 
1.059753 1.084980 1.338988 0.871125 1.313432 1.788049 1.070638 0.559852 1.006798 0.031918 0.079565 -0.022290 
0.782270 0.940215 0.764517 1.601138 1.792219 2.017450 1.271331 0.738410 0.469433 0.255439 -0.012550 0.009080 
1.017840 0.531164 0.912256 1.355383 1.718459 1.462979 1.511674 1.013412 0.313380 0.118155 0.214639 -0.042421 
2.152841 -0.210331 1.534365 0.865442 1.699571 0.961099 1.266407 0.745020 0.530942 0.466900 0.110431 -0.043928 
4.086228 -1.365453 1.486643 0.983857 1.376221 0.890298 1.045691 0.589643 0.545378 0.188094 0.161620 0.073690 
4.395557 -0.908090 0.730051 1.283335 0.742701 1.188129 0.641447 0.688412 0.916820 0.174732 0.036803 0.043787 
4.239068 2.358626 0.590545 0.568888 0.819114 1.235110 1.069660 0.389572 0.273541 0.376386 0.323493 0.073326 
4.483868 2.836125 4.048968 0.954822 2.727815 2.290000 1.588773 0.969593 0.956842 -0.063632 -0.035138 0.044918 
1.819341 -0.201778 7.551124 -0.009633 1.258475 3.879395 0.182536 0.813515 1.382359 0.061167 0.088198 0.148443 
-0.282633 -0.205865 7.665010 0.466671 -0.635685 0.860002 0.922908 0.226556 1.256802 0.059158 0.126065 0.228131 
-0.823165 -1.145960 5.443615 -0.208563 -0.838496 0.594572 0.734357 -0.972787 1.376321 0.438836 0.198151 0.083940 
-0.162831 -0.744659 4.249717 -0.874596 -0.494098 3.546432 2.353988 -0.576525 -0.061035 0.384452 -0.055925 0.067646 
-0.159190 0.356390 2.223103 0.741160 0.088802 4.295396 2.944295 -0.219339 -0.173461 -0.091215 0.156290 0.038516 
5.712675 -0.409276 2.751547 1.033410 1.436544 -0.687220 0.448904 1.372855 0.500661 0.010493 0.070909 0.143726 
3.210874 0.788801 1.836012 1.341201 1.182035 1.348678 0.388198 0.773710 0.673638 0.026742 0.000169 0.012493 
4.077205 0.423397 0.597732 0.923132 1.165621 1.115035 0.320970 0.631313 0.403555 -0.215522 0.150887 0.049875 
3.407738 0.165887 0.702631 1.326635 0.614526 3.050939 1.782856 0.091203 -0.252272 -0.064015 0.284177 0.063032 
4.086906 0.037019 1.279678 2.375635 1.240666 -0.076031 1.285136 -0.470717 0.678834 0.341875 0.155388 -0.000398 
3.180174 -0.580995 1.539084 1.402939 1.620143 1.031560 1.810126 -0.205057 0.466015 0.078657 0.067667 0.053163 
3.993583 -0.713196 1.001311 1.709461 0.259859 1.664615 0.834903 1.175583 0.922818 0.301503 -0.021950 -0.021298 
5.034832 -0.332850 0.854451 1.844138 0.712904 1.201914 1.078784 0.141484 0.477116 0.544629 0.365617 0.049031 
-1.#IND00 -1.#IND00 -1.#IND00 -1.#IND00 -1.#IND00 -1.#IND00 -1.#IND00 -1.#IND00 -1.#IND00 -1.#IND00 -1.#IND00 -1.#IND00 
-1.#IND00 -1.#IND00 -1.#IND00 -1.#IND00 -1.#IND00 -1.#IND00 -1.#IND00 -1.#IND00 -1.#IND00 -1.#IND00 -1.#IND00 -1.#IND00 
