0.821240 1.480935 1.112206 1.393085 0.605557 0.829353 0.581698 0.357505 1.120013 0.677803 0.300559 0.036562 
1.097405 1.106628 1.371852 1.433832 0.950424 1.009452 1.209123 -0.047064 0.826024 0.448259 0.161666 0.091560 
1.043979 0.909518 1.427047 0.774480 1.452111 1.112898 1.121054 0.163891 0.703607 0.252303 0.296153 0.095907 
0.644599 1.263579 1.316043 1.243677 1.278741 1.098385 0.895481 0.793240 0.228406 0.494800 0.079301 0.129879 
0.830098 1.066739 1.136011 0.771937 1.235890 0.923975 0.881250 0.997258 0.539749 0.690067 0.055587 0.090149 
-0.283719 0.682270 -0.217270 0.264874 -0.051774 0.070659 0.020933 0.006994 0.073384 -0.019332 0.037965 -0.004196 
1.359324 1.640499 0.888240 0.597856 -0.753258 -1.066683 -1.347342 -0.133983 0.190979 0.218403 0.297860 -0.011104 
1.767876 1.848770 0.148982 -0.376681 -0.395971 -0.711693 -0.842282 -0.249589 -0.535559 -0.051240 0.048763 -0.055319 
1.629197 1.139710 0.376198 -0.887761 -0.733482 0.243111 -0.231050 -0.597205 -0.311070 -0.271917 -0.041895 -0.151360 
1.558535 1.661234 -0.267920 -0.642562 0.204382 0.189778 -0.103888 0.315878 -0.222082 -0.043049 -0.184348 -0.133966 
1.380853 0.552222 0.556295 0.120512 1.175111 0.463148 1.226800 0.591306 0.111323 -0.360227 -0.148387 -0.181234 
1.293140 0.980242 0.614154 0.533923 1.000666 0.986565 0.351790 0.291532 0.582005 0.017701 -0.260394 -0.127395 
1.921502 0.811740 1.132102 1.913741 0.256846 0.883084 0.791378 0.650679 0.240382 0.147958 0.027246 -0.026688 
4.990253 0.612378 1.588702 1.014478 0.297495 0.753816 1.234903 0.242638 0.885198 -0.178116 -0.635049 -0.129570 
6.371370 0.012375 1.024787 -0.244961 0.750440 0.025498 0.641624 1.179407 0.400241 0.044325 -0.251179 -0.164660 
1.509300 0.301710 -0.440849 0.472673 0.602691 1.515824 2.174856 -0.234249 -0.922879 -0.311521 0.220644 -0.078664 
1.096847 1.259683 1.314774 0.829840 0.868335 1.528314 0.737681 0.260476 0.189315 0.012542 -0.090768 -0.073523 
0.794614 0.589337 0.658966 1.521223 2.601661 1.579097 1.309532 0.150621 0.024921 0.210874 0.177815 -0.070701 
1.031310 0.812509 0.900770 1.752671 1.551265 1.625054 0.827850 0.412733 -0.005021 0.287066 0.159732 -0.071904 
0.694570 1.093759 1.346494 1.702830 1.098377 1.132464 0.939293 1.403018 0.443478 0.061621 0.022008 -0.065911 
0.909962 1.127226 1.227297 1.575992 1.740105 1.157911 1.023901 1.044368 0.206621 -0.106377 0.046609 -0.021066 
1.039489 0.743736 1.123490 1.601535 1.314082 1.254402 0.759494 0.833355 0.539430 0.120019 0.293321 -0.126687 
0.833618 0.556568 1.304665 1.415510 2.478438 1.117911 1.126183 0.194436 0.302644 0.129416 0.081134 -0.031796 
0.974956 1.009069 0.568298 2.055338 1.738557 1.895329 0.799301 0.396435 0.016442 0.357386 0.238323 -0.080922 
0.808580 1.032661 1.463381 0.884672 1.661869 1.200622 1.719031 1.036086 0.292119 0.391165 0.034092 -0.087936 
0.555487 1.153674 0.810952 1.908974 1.525196 1.066687 1.305892 1.349499 0.769104 0.182553 -0.053110 -0.063375 
0.651285 1.292312 0.775708 1.936353 1.698461 0.942416 1.405451 1.020215 0.378852 0.579444 -0.091455 -0.056103 
0.651140 0.945998 1.522833 1.342366 1.717131 1.129302 1.735814 0.631714 0.353093 0.525405 -0.019005 -0.063302 
0.930913 1.521565 1.274167 0.911763 1.141472 1.080908 1.311297 0.685602 0.122615 0.358782 0.064060 -0.041037 
1.179349 1.313505 1.192920 1.503706 1.642736 1.013004 1.045662 1.011749 0.196793 0.067387 0.344443 -0.073146 
1.605364 0.669218 1.437824 1.591960 1.402696 1.526147 1.140121 1.070579 0.132616 0.178799 0.008282 0.003965 
2.769382 -0.176264 1.446464 0.508484 1.828290 1.104126 1.601399 -0.136749 0.468925 -0.030257 0.163876 0.086192 
3.576089 -1.016153 2.022096 -0.140074 2.175750 1.290313 1.465148 0.839197 0.406580 0.288063 0.093369 0.042711 
4.562049 -0.077506 0.255946 1.256536 0.753658 1.259116 1.040481 0.392878 0.518196 0.287712 0.032144 -0.016406 
3.487244 1.994221 0.745093 0.260332 0.490482 0.811820 0.609069 0.375543 0.543283 0.541742 0.239095 0.014751 
3.535607 3.164227 2.831258 1.987192 1.457777 0.840469 0.638334 0.595167 0.417776 0.359731 0.256591 0.055422 
3.123656 1.386639 2.265355 0.319700 0.633324 0.993558 0.654418 0.846151 0.506675 0.218901 0.281073 0.019058 
3.920933 1.582480 2.191722 1.273994 1.485594 2.269731 1.644033 1.572283 0.696439 -0.296371 0.135025 0.071610 
3.161522 1.216083 1.758908 -0.291496 1.264203 2.317810 0.164729 1.232506 0.727557 -0.146557 0.369562 0.029137 
5.011817 3.087899 4.582392 3.349313 2.547502 -0.097783 1.016673 0.055935 -0.103048 -0.208693 0.104445 0.079030 
4.613004 1.857164 3.966721 2.341487 2.435029 1.856262 0.966653 1.481679 0.848452 0.055114 0.157877 0.069971 
3.384269 1.369043 2.323368 0.149209 0.860728 1.864083 1.264530 0.957040 0.261394 0.452299 0.273945 0.004670 
3.518001 1.325803 1.611463 0.058200 0.812921 0.901213 0.169631 1.016697 0.486431 0.250504 0.298113 -0.009518 
4.051491 0.981132 1.669367 -0.505332 1.712806 0.948549 1.314197 0.718152 0.443158 0.197220 0.136554 0.046700 
3.840313 0.887129 1.414976 -0.483178 1.616981 1.009072 1.092760 0.590095 0.235376 0.358282 -0.295936 -0.071350 
3.323717 1.037715 1.669344 -0.811282 1.844722 0.744893 0.542435 0.678062 0.027500 0.185845 0.109062 -0.013082 
3.580609 1.133698 2.000515 -0.228262 1.392302 1.134034 1.902259 0.940680 0.507852 0.693158 0.135959 0.004428 
3.626789 0.781793 2.332490 -0.314040 1.640794 0.987653 0.895470 0.725252 0.461908 0.511099 0.562170 0.084126 
-1.#IND00 -1.#IND00 -1.#IND00 -1.#IND00 -1.#IND00 -1.#IND00 -1.#IND00 -1.#IND00 -1.#IND00 -1.#IND00 -1.#IND00 -1.#IND00 
-1.#IND00 -1.#IND00 -1.#IND00 -1.#IND00 -1.#IND00 -1.#IND00 -1.#IND00 -1.#IND00 -1.#IND00 -1.#IND00 -1.#IND00 -1.#IND00 
