3.606508 1.499798 2.196009 0.291152 -0.058785 0.869158 0.462529 0.134106 0.187411 0.158405 0.153334 0.032708 
2.733558 0.573046 0.500944 1.374760 -0.223392 0.602620 -1.231631 0.515503 -0.571500 -0.748388 0.520261 0.120370 
1.930539 0.586738 1.570305 2.184955 0.801528 -0.073381 1.038602 0.879531 0.157298 -0.420331 0.038040 0.043560 
1.265987 1.743167 1.409627 0.973418 0.032744 0.522004 -0.084570 0.440868 -0.135651 0.258545 0.010267 -0.044034 
1.524045 1.340770 1.636205 1.012524 0.107232 0.046031 -0.103083 -0.158874 0.066524 0.212900 0.016539 0.005386 
1.251711 1.495871 1.921893 0.999294 -0.149185 -0.427089 -0.502814 0.626636 0.122291 0.384613 0.204033 -0.031423 
1.268965 1.671915 1.189039 0.561569 0.327736 0.311042 0.100734 0.038547 0.186940 0.227563 0.129466 -0.010600 
1.060011 1.496775 1.265969 1.247360 0.960549 1.394275 0.056460 0.205452 0.290958 0.163542 0.110215 -0.050314 
0.878886 1.334498 1.570389 1.260921 1.269293 0.941620 0.275430 0.485262 -0.052194 -0.086739 -0.036922 -0.033515 
1.526304 1.235438 1.525748 0.921506 0.548064 0.679452 1.192376 0.208402 0.559826 -0.291231 -0.051325 -0.078598 
3.080892 0.539132 0.775124 1.269401 0.691708 1.308588 0.881204 0.781429 0.565093 -0.195914 0.288675 0.030531 
4.813873 1.000921 0.603129 1.249862 0.683732 0.647505 0.443583 0.575614 0.463575 0.278188 0.316857 0.070635 
3.624993 2.861393 1.467537 0.763300 0.651693 0.141155 -0.325476 -0.268754 0.137205 0.253700 0.116458 0.039091 
4.428209 2.201893 1.330798 1.116441 0.144030 -0.207510 -0.245332 -0.045023 -0.001555 0.045153 -0.035186 0.002152 
2.422262 -0.146976 -0.997324 0.045733 0.039824 2.013868 0.698802 -0.275263 -0.131611 -0.225225 -0.127798 -0.091349 
0.797243 1.419335 0.981687 0.983290 1.380972 1.072418 0.653272 0.316353 0.336214 -0.116603 -0.199791 -0.059252 
0.615935 1.353788 1.049550 1.686457 0.971553 1.822987 1.326579 0.215745 0.377755 0.033025 -0.106327 -0.059598 
0.498866 0.867016 1.197193 2.023813 1.161198 1.672146 1.194211 0.866203 0.139985 0.053971 -0.087863 -0.062330 
0.826973 1.109125 1.674904 1.300427 1.116101 1.115185 0.250422 0.871817 0.807472 0.067528 -0.012121 -0.096419 
0.749763 0.859457 1.099689 1.916683 1.654463 1.437454 0.819383 0.696239 0.794968 0.024137 -0.308395 -0.022025 
0.754614 1.355236 1.705016 1.405836 1.440665 1.517145 0.449443 0.331423 0.363932 0.098270 0.073176 -0.078807 
0.839104 0.356109 1.443687 1.535329 2.138887 1.626273 1.689698 0.135495 0.230872 -0.196962 0.198925 -0.057584 
1.151367 1.107690 0.963976 1.309037 1.015105 1.207852 0.904511 0.533811 0.498144 0.199470 0.077424 -0.120273 
0.974980 0.966923 0.579198 1.763672 1.707778 1.370732 1.323433 0.381726 0.103710 0.081840 0.117753 -0.101823 
0.770950 1.055025 1.040763 1.685802 1.318812 1.342774 1.480474 0.537576 0.086404 0.008159 -0.020545 -0.084321 
1.040384 0.966508 0.947332 1.353032 1.508453 1.349719 1.045951 0.575757 0.099746 -0.052655 0.156262 -0.108387 
0.525224 1.004021 0.754867 2.324944 1.955006 1.434335 1.557523 0.527590 0.035624 0.007710 0.029802 -0.047536 
0.845737 1.062944 1.566599 1.317566 1.306405 0.764360 0.722662 0.857918 0.947930 0.086154 -0.053644 -0.073291 
0.998527 0.929006 1.525484 1.267449 1.042545 1.402215 0.921234 0.677722 0.801178 0.086626 0.248173 -0.133006 
0.655453 1.091680 1.638316 1.143410 1.559382 1.251104 1.410108 1.328568 0.436925 0.355539 -0.170545 -0.045131 
0.524398 1.251548 1.965736 1.897004 1.194251 0.806185 1.257291 0.729365 1.037959 0.139004 -0.113966 0.004186 
1.107360 1.389987 1.164168 1.667820 1.301143 0.550516 1.271695 0.491801 0.410534 0.534519 0.129797 -0.058781 
1.210993 0.741277 1.435122 1.297834 1.784066 1.583235 0.629290 0.741404 0.724042 0.461456 -0.083113 -0.041874 
1.461409 0.631345 1.176206 1.492391 1.778283 1.209397 1.183603 0.594471 0.658626 0.526325 0.008812 -0.061378 
2.898397 -0.646782 1.480909 1.543018 1.216181 1.240023 0.915092 1.108945 0.767431 -0.048023 -0.085505 -0.001965 
4.212057 0.110773 0.774553 1.087621 0.773437 0.691329 0.390713 0.594765 0.512155 -0.334457 0.116494 0.111288 
4.891770 2.611920 0.631923 0.259695 0.715964 1.201155 0.863760 0.276460 0.049957 0.358197 0.355159 0.118733 
5.099066 3.334970 3.541782 3.241717 2.800770 1.478393 0.916192 0.477148 -0.142226 -0.189197 0.122053 0.028016 
3.359530 2.700288 2.428144 1.626238 0.958649 1.008088 1.121612 0.494564 0.353772 0.181911 0.006119 -0.008136 
3.614975 2.994614 2.794977 2.130720 1.380630 0.912811 0.804027 0.258688 0.178465 -0.024709 0.031018 -0.005806 
5.137360 3.039651 4.122148 2.016162 1.516756 0.692680 0.552166 0.156654 -0.180521 -0.543464 -0.073409 -0.016443 
5.524697 2.958482 2.512855 0.551770 0.741967 0.918171 1.051658 -0.261517 0.021836 0.355486 0.054016 0.014464 
6.856391 2.998004 0.424741 0.003925 0.602480 0.246396 0.010828 0.614709 0.457016 0.212527 -0.029440 -0.054693 
6.460453 3.234421 0.805351 0.915796 0.645329 -0.162477 0.542476 0.561751 0.248881 0.279854 0.024794 -0.028138 
4.611357 3.234949 1.635429 0.142005 -0.153359 0.076542 0.204644 0.459512 0.733815 0.413556 0.143306 0.007969 
4.664007 3.101784 2.126438 -0.089219 -0.244623 0.017851 0.347250 0.283424 0.154315 0.122321 0.145181 0.030378 
3.791357 2.341459 1.800219 0.625172 0.005504 -0.222412 -0.136045 0.000054 0.191555 0.298482 0.179461 0.011880 
3.342671 2.663050 1.625802 0.808556 0.373716 0.113939 0.059838 -0.235278 -0.199991 -0.060427 -0.059919 -0.052552 
-1.#IND00 -1.#IND00 -1.#IND00 -1.#IND00 -1.#IND00 -1.#IND00 -1.#IND00 -1.#IND00 -1.#IND00 -1.#IND00 -1.#IND00 -1.#IND00 
-1.#IND00 -1.#IND00 -1.#IND00 -1.#IND00 -1.#IND00 -1.#IND00 -1.#IND00 -1.#IND00 -1.#IND00 -1.#IND00 -1.#IND00 -1.#IND00 
