3.648177 1.146983 1.678333 -0.120606 1.331672 0.954770 0.647138 0.023915 0.541001 0.580732 0.494763 0.094561 
4.888832 2.027978 1.449924 -0.690815 0.191936 -0.628480 -0.580257 -0.032961 -0.522909 0.436709 0.327787 0.102255 
4.313496 1.595559 1.600516 -0.781455 0.574388 -0.630136 -0.945995 -0.032250 -0.355767 0.707268 0.457430 0.106161 
3.163299 2.943660 2.714191 1.638285 1.562910 1.357664 0.729716 -0.148702 0.093384 0.085047 -0.115981 -0.015359 
4.985981 4.361764 3.188844 2.152485 1.145065 0.451634 0.393345 0.321146 0.057893 -0.034864 -0.022653 -0.017587 
5.128064 3.834447 3.339373 2.245672 1.452527 0.980040 0.043979 0.814440 -0.037598 -0.376656 0.049855 0.012833 
4.912995 4.165176 3.907484 3.013966 1.223571 0.274322 0.099451 0.230283 -0.067940 -0.164021 0.075330 0.028157 
3.647926 3.410893 3.333482 2.478200 1.853156 1.134918 0.344586 0.033885 -0.099178 0.004302 0.075793 -0.012019 
4.169476 1.581191 2.678689 1.363416 2.708443 1.916499 1.483836 1.670265 0.209602 0.377598 0.169786 0.021982 
3.783780 1.401631 2.287207 0.871696 2.076294 1.564471 1.177085 1.380256 0.826184 0.354205 0.239080 0.037996 
3.099000 2.163573 2.098546 1.932524 1.511007 1.422998 1.385900 1.094487 0.597049 0.513261 0.348627 0.067326 
2.749071 2.132913 1.735669 1.479300 1.839229 1.249089 1.019479 0.946672 0.786036 0.629261 0.321303 0.054201 
3.552477 1.187201 1.602099 0.112936 1.312283 1.236721 1.355757 0.176843 0.590366 0.551807 0.148539 0.041441 
3.657176 0.947265 1.469261 -0.165718 1.649194 0.455477 1.381871 1.300357 0.063885 0.363622 0.149110 0.004185 
3.552102 1.149791 1.243791 -0.559212 1.498540 0.796214 1.482348 0.525823 0.374614 0.652865 0.250530 0.026126 
3.309815 1.501030 1.884839 0.840480 1.393608 1.670383 1.486933 0.801422 0.571230 0.278012 0.231640 0.057094 
3.284349 1.444885 0.991683 0.744591 1.850966 1.652687 1.711202 1.109169 0.396928 0.563073 0.162372 0.028969 
3.509887 0.990355 1.818136 0.461457 1.763271 2.025075 1.402522 1.084720 0.527648 0.584068 0.490126 0.073320 
3.499711 1.296431 1.700131 0.712024 1.940740 1.898966 1.680472 1.200985 0.538562 0.759608 0.526370 0.080708 
3.437735 1.337674 1.502451 0.263824 1.552163 2.383298 2.197901 1.196915 0.429990 0.628400 0.419426 0.080541 
1.358329 0.516716 1.265363 0.111750 0.111546 0.044234 -1.073967 0.253203 0.268775 -0.700574 0.193339 0.010791 
2.053530 0.724102 0.099693 -0.662258 -0.520627 -1.057897 -0.743677 -0.052242 -0.345660 -0.244826 0.084692 -0.004080 
1.405046 0.353219 0.227541 0.006347 -0.774486 -1.493129 -0.559672 -0.830685 -0.542073 -0.205991 0.279046 0.006850 
1.470622 1.116725 1.571510 0.668232 0.351961 -0.093652 -0.193126 -0.547677 0.370946 0.516902 0.291785 -0.033722 
1.478125 0.880029 1.353183 1.530276 -0.035945 0.668304 0.225118 -0.240729 0.304691 0.252681 0.184410 -0.024393 
1.750548 1.444098 0.296587 0.744536 0.300301 0.077603 0.285174 -0.400942 0.566209 0.118867 0.108003 -0.039550 
1.062751 1.276418 0.958588 0.364057 0.415956 0.760554 0.826585 0.430437 0.232213 0.245571 -0.070962 -0.114152 
0.770483 1.809257 1.333502 0.722490 0.570534 0.231959 0.600177 0.940508 0.626448 0.192932 -0.027524 -0.095574 
1.863000 1.097838 0.259979 2.146557 1.020039 1.464453 0.263313 0.831713 0.387073 0.180754 0.078824 -0.032334 
6.306415 0.165914 1.401041 0.593195 0.764850 0.062283 0.447460 1.633744 0.721522 0.128444 0.074893 -0.011976 
5.270559 3.603946 2.042459 1.204402 0.636836 0.472099 0.907869 1.042842 0.667317 0.411402 0.118631 0.009131 
4.348180 3.284681 2.210969 1.444443 1.266109 1.134490 0.956324 0.760928 0.385568 0.160136 0.025335 0.001330 
1.932463 -0.138866 -0.062085 0.304742 1.243741 0.502892 0.482838 0.502922 0.787648 0.272942 -0.301583 -0.146928 
0.932840 1.026011 0.147072 0.761650 1.487432 2.034650 1.540801 1.537672 -0.050454 0.410998 -0.085713 -0.134120 
0.832327 0.939702 0.631449 1.303232 2.182319 1.585227 0.770704 1.370075 0.570931 0.116030 -0.111518 -0.077865 
1.197959 0.770672 1.040573 1.385711 2.092006 1.177782 0.779498 0.872034 0.431179 0.571670 -0.067877 -0.078868 
1.472882 0.512856 1.314873 1.526949 0.943903 1.764431 1.095829 0.537467 0.484252 0.189772 0.225552 -0.062570 
1.598456 0.484034 1.056919 1.606858 0.932479 1.265071 1.140643 0.383341 0.573058 0.341625 0.057508 -0.057107 
1.367393 1.359891 0.981952 2.752896 0.512561 0.291942 0.650608 0.641576 0.340440 0.698493 0.461713 -0.108226 
1.486045 0.659064 1.003815 1.869659 2.191439 1.005207 0.504912 0.363912 0.448726 0.522564 0.341640 -0.090295 
1.804746 0.476412 0.371282 0.851739 1.458935 1.758515 1.026787 1.115528 0.227862 -0.089771 0.177094 -0.010142 
4.212130 -1.119440 1.839252 0.965840 1.889563 -0.352255 0.856412 0.144361 -0.234065 0.722905 0.140038 -0.029795 
3.773205 -1.355921 2.332236 0.507073 1.759017 0.660601 0.983489 1.037543 0.364879 0.158532 0.207450 0.030830 
5.102508 0.632808 -0.297860 1.588593 1.654352 -0.051564 0.597548 1.796906 0.739686 0.466295 0.070750 0.001199 
4.558766 3.075851 1.139622 0.124209 0.536425 1.061042 0.839942 0.372560 0.139167 0.167035 0.180344 0.054334 
3.053783 2.546434 2.130677 1.764286 1.211594 0.712934 0.454106 0.300636 0.210621 0.263799 0.279565 0.032513 
3.407887 1.157607 2.187747 0.875300 2.046562 1.875197 2.439038 1.277495 0.641144 0.448965 0.265041 0.079539 
3.714531 0.824012 2.138948 0.842673 1.532003 2.553254 1.609002 1.002896 0.438989 0.360041 0.412159 0.074876 
-1.#IND00 -1.#IND00 -1.#IND00 -1.#IND00 -1.#IND00 -1.#IND00 -1.#IND00 -1.#IND00 -1.#IND00 -1.#IND00 -1.#IND00 -1.#IND00 
-1.#IND00 -1.#IND00 -1.#IND00 -1.#IND00 -1.#IND00 -1.#IND00 -1.#IND00 -1.#IND00 -1.#IND00 -1.#IND00 -1.#IND00 -1.#IND00 
