3.496162 1.049400 1.796378 0.073156 1.590682 0.726741 1.103287 0.804820 0.146536 0.257768 0.169818 0.028991 
4.262683 0.125202 0.816847 1.160410 0.624826 -0.891853 0.713952 1.868461 -0.543731 -0.299732 -0.094617 -0.037925 
3.762091 1.269693 0.749875 -0.237815 0.017103 0.010438 -0.439136 0.042130 0.312554 0.253388 -0.017747 -0.026457 
2.952071 -0.107612 -0.043382 -0.681581 -0.766503 0.009232 -0.278347 -0.119769 1.940026 -0.490300 0.145184 0.153442 
3.004898 0.409315 0.400924 0.939896 0.619061 0.919186 -0.694485 0.245259 1.476164 -0.054609 0.664136 0.064726 
1.289408 1.619865 1.568255 1.099156 1.408609 -0.475021 0.425308 0.110677 0.884050 0.048541 0.290481 -0.064830 
1.337560 1.287097 1.639826 -0.016556 -0.349715 -1.235420 -0.705881 -0.000449 0.251658 0.049326 0.408500 0.016984 
1.242693 1.095241 1.054792 -0.089774 -0.835970 -0.810216 -0.466866 -0.051027 0.517372 0.253826 0.178682 -0.046576 
1.074312 1.949170 0.387792 -0.515082 -0.142816 -0.253543 -0.074671 -0.198908 -0.072516 0.199710 0.136792 -0.126990 
1.555508 1.252461 0.383899 0.205667 0.116845 0.703956 0.281999 0.856786 0.305766 -0.061042 -0.175955 -0.157353 
0.790353 1.425235 0.183296 0.971738 1.251674 0.715664 1.167442 0.818931 0.123281 -0.349758 -0.366168 -0.148996 
1.258590 1.285526 0.892186 0.523979 1.174046 0.802606 1.146472 1.800002 -0.497632 0.187924 -0.168905 -0.099469 
3.420852 0.922693 1.869801 1.183237 1.099126 -0.238141 -0.557153 0.993420 0.331337 0.214389 0.273500 0.046821 
5.525576 0.827907 0.710880 -0.316641 0.238073 0.225618 1.808858 0.756786 -0.211303 -0.532132 -0.194256 0.023938 
5.495501 1.959813 1.539997 -0.057917 -0.580972 -0.657854 0.033713 -0.285777 0.119021 0.019500 -0.302127 -0.115780 
1.982685 -0.264743 -0.552652 -0.472246 1.163178 1.224924 0.559034 -0.043613 0.215697 -0.009571 0.057881 -0.036477 
0.743546 0.786980 0.849620 1.948073 1.813409 0.782773 1.481772 0.592913 0.097134 0.061551 -0.160946 -0.044067 
0.898637 1.011303 0.870667 1.286427 1.738969 2.340233 0.748458 0.438928 -0.002981 0.251126 0.068551 -0.028414 
0.767237 0.549209 0.901842 2.022386 1.810288 1.383722 1.232097 0.929920 0.108044 0.028929 0.187606 -0.066768 
0.980734 1.093736 1.013275 2.161517 1.162880 1.156310 1.017827 0.786900 0.369378 0.170007 -0.025799 -0.024438 
0.753291 0.736555 1.209804 2.341441 1.624052 0.880586 1.509745 0.740279 0.580484 0.033424 0.177540 -0.079714 
0.986461 1.124057 0.613877 1.671328 1.490943 2.030947 1.250202 0.870233 0.120654 0.103933 0.179294 -0.059931 
0.947915 0.469142 0.556541 2.269440 1.782586 1.206980 1.515296 0.768980 0.551406 -0.046347 0.198290 -0.086559 
0.855966 0.797901 1.092206 1.794048 1.298537 1.629474 1.070344 1.022049 0.169686 0.102652 0.316789 -0.130830 
0.555723 1.099653 0.971423 1.758154 1.714821 1.110449 1.332556 0.621191 0.378111 0.236329 -0.108226 -0.016864 
0.733384 0.932301 1.445862 1.332090 1.397707 1.639342 1.030832 0.946594 0.811882 0.030430 0.123101 -0.083081 
1.230207 0.975644 2.119569 1.246759 0.350075 1.047388 1.798667 1.206588 0.282037 0.118584 0.077588 -0.037144 
0.905515 1.297394 1.704331 1.352928 1.403613 0.739486 1.011020 0.631995 0.409904 0.436710 0.055064 -0.044238 
1.258693 0.644838 1.450744 1.556514 1.264358 1.235363 1.111750 1.055396 0.269887 -0.059290 0.322903 -0.050114 
1.574397 0.762379 1.074645 1.218538 1.245547 0.340977 1.146727 0.998180 0.604338 0.101047 0.255573 -0.044004 
1.407239 0.850004 0.936681 1.754898 1.015419 1.868589 1.656807 0.631550 0.193981 0.123825 0.250312 -0.033089 
3.581215 -0.732226 2.162888 0.197579 1.828484 1.308755 0.848186 0.917778 0.244191 0.515728 0.290085 -0.042589 
4.932764 1.627738 -0.177355 0.648667 1.409036 0.685558 0.381006 0.913830 0.913248 0.173481 0.337013 0.106707 
6.580192 4.014630 3.923081 2.004310 0.200742 -0.573069 0.222393 1.445429 0.138718 -0.175629 0.257100 0.109070 
5.709392 3.727177 4.300922 2.839906 2.646070 0.543796 1.162660 0.366947 0.096859 -0.103058 0.031355 0.048671 
4.485409 1.660987 1.241242 0.864858 1.431165 0.498123 -0.156569 -0.348200 -0.188788 -0.334013 0.085181 0.034427 
4.716184 1.578782 1.060915 1.135933 1.517046 1.574015 0.883908 -0.023111 -0.372453 -0.070502 -0.160116 -0.056959 
4.224802 1.386543 1.731810 0.676218 2.643061 1.981890 0.949120 -0.515155 -0.550962 0.138839 -0.281973 -0.067166 
3.994067 1.427308 2.025446 1.007176 1.440381 1.128697 0.124948 -0.671795 -0.660729 -0.282887 -0.328717 -0.090523 
3.891859 0.872847 1.423509 0.699236 1.363503 0.728951 0.627445 -0.399288 -0.463798 0.012162 -0.031936 -0.022368 
3.878211 1.059413 1.689861 0.733864 2.062003 0.421664 0.730299 0.991698 0.894918 0.523429 -0.090053 -0.038790 
4.458591 1.429307 1.692535 1.354431 2.426071 0.690347 0.782568 0.707011 0.711589 0.395810 0.045923 0.007660 
4.228052 1.388436 1.682070 0.858899 1.535143 1.253693 0.762388 -0.104442 -0.511710 0.051614 0.047719 -0.034874 
4.183632 1.721837 2.317696 0.860653 1.232893 1.208848 0.479279 0.544717 0.123928 0.540411 -0.021194 -0.060611 
4.542987 2.661577 3.239357 1.192314 1.158155 1.795310 1.086937 1.302922 -0.201362 0.090930 -0.047453 -0.070205 
3.933882 1.428864 1.449038 0.150056 1.102813 -0.120511 1.489833 0.965322 -0.410015 0.450327 0.029052 -0.053523 
3.786361 1.229212 2.504962 0.269351 0.614398 0.391085 1.307199 0.776417 -0.009917 0.057438 0.238446 0.005894 
3.582343 1.741569 1.966487 0.514841 1.707383 0.948027 0.758533 0.702320 0.399326 0.404975 0.120490 -0.011927 
-1.#IND00 -1.#IND00 -1.#IND00 -1.#IND00 -1.#IND00 -1.#IND00 -1.#IND00 -1.#IND00 -1.#IND00 -1.#IND00 -1.#IND00 -1.#IND00 
-1.#IND00 -1.#IND00 -1.#IND00 -1.#IND00 -1.#IND00 -1.#IND00 -1.#IND00 -1.#IND00 -1.#IND00 -1.#IND00 -1.#IND00 -1.#IND00 
