3.256913 -0.033526 0.869019 -0.735656 0.006990 -0.929791 0.227086 0.992508 -0.059023 0.529142 0.109292 -0.013004 
3.525830 0.069824 1.422233 -1.499496 0.412121 -0.540951 0.091334 0.232315 -0.201964 0.633723 0.489537 0.141416 
1.992298 0.848265 0.277347 1.219265 -1.599963 -0.033653 -1.231172 -0.096473 -0.058876 -0.302506 0.423092 0.065105 
2.037401 0.715911 -0.450658 -1.734716 -1.673556 -0.643569 -0.953829 0.025173 -0.150775 -0.351635 0.245372 0.052808 
1.775336 1.456418 1.252004 0.882929 0.014642 0.515326 0.400720 0.497378 0.105291 0.374715 0.093154 -0.014005 
1.154947 2.445151 1.660614 0.534573 0.061232 -0.558996 -0.424859 -0.626142 -0.119010 0.291162 0.120885 0.017775 
1.709365 1.565986 0.661404 -0.589720 -0.958959 -0.499539 -1.129570 -1.000698 0.775626 0.102008 0.210413 0.022780 
1.699388 1.375812 0.197429 -0.778350 0.015498 -0.320105 -0.159060 -0.107544 0.074902 0.173191 0.172597 -0.041478 
1.429060 1.179951 0.230596 -0.543771 -0.470368 0.326069 0.865597 0.885827 0.390238 -0.177162 -0.365177 -0.136877 
1.329571 0.894212 0.573518 0.217858 0.532394 1.062044 0.929912 0.569885 0.402647 -0.126389 -0.007302 -0.270487 
1.886258 0.806446 0.957793 0.851768 0.737049 1.187768 1.118253 0.556791 0.432068 0.324002 -0.126131 -0.016320 
4.588441 0.866139 0.333344 0.413566 1.365687 1.220415 0.545564 0.938600 0.022897 -0.422699 0.043921 0.072833 
6.075595 0.145108 0.655279 -1.024846 -0.213187 0.525408 0.188490 0.367600 0.084437 -0.071426 -0.082602 -0.051582 
1.010924 -1.812548 0.353434 -0.695247 0.581247 -0.157810 0.356548 -0.187221 0.115863 0.090632 0.032818 0.016276 
0.914322 0.892811 0.589451 1.017965 1.968901 1.776872 1.142991 0.015836 0.278625 -0.152206 -0.043635 -0.039105 
0.916029 0.671703 1.135818 1.554053 1.917561 1.791932 1.566764 -0.536821 0.299133 0.492514 -0.005761 -0.047991 
0.446653 1.135446 0.923100 1.451199 2.210310 1.474129 1.221493 0.750991 0.155278 0.393062 0.066763 -0.085666 
0.492754 1.026359 1.353383 1.499514 1.954510 1.213539 1.370063 0.572960 0.047117 0.353897 0.093086 -0.067845 
0.688867 0.932497 1.439723 1.357769 2.195545 1.360194 1.126844 1.058249 0.162586 0.266818 0.071158 -0.075493 
0.864662 0.859839 0.838029 2.440004 1.406404 1.189563 1.088866 0.912282 0.141501 0.340872 -0.024525 -0.048308 
0.743785 0.815086 1.478692 1.624371 1.603900 0.951139 1.295905 0.524734 0.204558 0.074227 0.055460 -0.044217 
0.679411 0.791150 1.665839 1.350507 1.463560 1.580020 1.837900 0.565962 0.455678 -0.153165 0.112069 -0.052159 
0.769852 0.996884 1.229704 1.464732 1.428314 1.428828 1.808504 0.774626 0.309815 0.348027 -0.218000 -0.018975 
0.204378 1.393040 1.779729 1.279192 1.444723 1.162055 0.986013 1.592914 0.781908 0.414239 -0.234530 -0.027889 
0.854978 0.779539 1.662825 1.651214 1.245152 1.524205 1.047877 0.771081 1.078393 -0.244302 0.174571 -0.057629 
0.655993 1.647236 1.286359 1.450721 1.180124 1.501590 0.872208 1.020961 0.750398 -0.053097 0.188598 -0.074807 
1.088462 1.153329 0.933966 1.472458 1.684834 1.320144 1.020274 0.446743 0.448630 0.373855 -0.117748 -0.001320 
1.121426 1.424621 1.336307 1.193532 1.169991 1.297160 0.639507 1.059019 0.552147 0.104023 -0.252235 0.059070 
1.557779 0.780138 0.545358 1.418413 1.353820 1.303590 0.916183 1.001220 0.381113 0.393950 -0.054043 -0.014737 
2.242750 0.068412 0.943125 1.111072 1.531903 1.695076 1.048631 0.632955 0.252554 -0.291794 0.448722 0.040699 
2.568385 -0.176860 0.948045 1.420638 1.271139 2.270446 1.111955 1.003371 0.616779 0.123080 0.211266 -0.008275 
5.135152 -0.569406 1.369762 0.959678 0.296194 1.410322 1.105997 0.505896 0.615378 0.370934 -0.005814 -0.029489 
5.389624 2.903149 0.166414 -0.305577 0.960672 1.166250 0.572396 0.448695 0.509648 0.361104 0.323646 0.080169 
8.477545 0.989005 -0.710656 1.424584 1.371923 0.919319 0.521710 0.667373 0.779256 0.660368 0.283784 0.017286 
6.444469 4.618362 3.733384 3.135885 1.426053 0.196582 -0.094001 0.793055 -0.574239 0.040686 0.040004 0.032463 
3.478991 2.885327 2.710073 2.064781 1.825809 1.642356 1.446468 1.093490 0.755602 0.262047 0.109609 0.040368 
3.215517 2.496247 2.504773 2.067729 1.891320 2.484538 1.764367 0.876215 0.340977 0.048135 0.280225 0.061870 
5.409991 4.023460 4.868744 3.666131 1.555477 -0.206006 0.176839 0.764862 -0.359968 -0.148634 0.149878 0.064695 
3.931659 2.943341 2.826564 1.809779 2.491632 2.848523 1.625419 1.157576 0.488943 0.177579 0.107691 0.048486 
3.897057 2.945920 2.841543 2.019402 2.742526 2.591614 1.654905 1.489118 0.483105 0.115931 0.118014 0.043283 
3.493804 2.396765 2.786139 1.979331 1.999285 1.799549 1.247923 1.296747 0.503825 0.187224 0.137042 0.035055 
3.005564 1.124723 1.983201 0.659336 1.124231 2.265782 1.465076 1.080330 0.390110 0.122175 0.233101 0.026776 
3.270884 1.180034 1.539370 0.225874 1.712163 1.491133 1.568470 1.274886 0.147144 0.478781 0.316998 0.000766 
3.290744 0.609917 0.952860 -0.400974 0.446751 0.288876 1.130289 1.274119 -0.268850 0.252665 0.102523 -0.021778 
3.157582 0.522716 1.738355 -0.444698 1.362620 1.337170 0.796573 1.323119 0.826661 0.298567 0.305997 -0.015182 
3.021425 0.069041 0.919684 -1.283066 1.404796 0.183198 1.105140 0.438873 0.430628 -0.040840 -0.043001 0.030661 
3.336335 1.126865 2.005843 -0.380771 1.042926 0.275725 0.304748 -0.043204 0.017217 -0.247101 -0.150508 0.024499 
3.705266 1.083763 1.646246 -0.490588 0.877946 0.342229 1.643033 0.458829 0.192888 0.470489 0.096143 0.034167 
-1.#IND00 -1.#IND00 -1.#IND00 -1.#IND00 -1.#IND00 -1.#IND00 -1.#IND00 -1.#IND00 -1.#IND00 -1.#IND00 -1.#IND00 -1.#IND00 
-1.#IND00 -1.#IND00 -1.#IND00 -1.#IND00 -1.#IND00 -1.#IND00 -1.#IND00 -1.#IND00 -1.#IND00 -1.#IND00 -1.#IND00 -1.#IND00 
