0.697433 1.314756 1.357464 1.279389 1.304862 1.105953 0.899918 0.797474 0.235184 0.505263 0.078812 0.125979 
0.879210 1.113609 1.181510 0.814182 1.259065 0.934145 0.906887 1.010866 0.538990 0.688955 0.054153 0.089258 
1.417402 2.006389 0.637124 0.511196 -0.448261 -0.402648 -1.036778 -0.297142 -0.462683 0.782268 0.266314 0.046988 
1.262882 0.748046 0.998676 -0.699623 -0.463867 -1.544979 -1.060781 -0.477065 0.210654 0.461256 0.313176 0.012620 
1.601985 1.300071 0.749056 -0.455347 -0.639348 -1.064090 -1.074200 -0.461968 0.123268 -0.012073 0.102533 -0.062371 
1.630949 1.324584 0.575178 -0.706685 -0.311513 0.346855 -0.263479 -0.439959 -0.664996 -0.487601 -0.033068 -0.129900 
1.343563 0.759518 0.637064 -0.033080 -0.241730 -0.260551 0.388055 -0.170848 -0.023564 -0.515848 -0.029749 -0.191739 
0.952713 1.346214 1.035065 0.626949 -0.154191 0.114780 0.790741 0.335163 0.166677 -0.291190 -0.116642 -0.194817 
1.125976 1.148287 1.256299 0.307691 1.112835 0.398809 0.768550 0.613201 -0.073807 -0.260544 -0.321825 -0.098023 
2.647756 0.577266 0.822459 0.467509 1.091599 1.128054 0.862583 1.241944 -0.109768 0.466926 0.380286 -0.040112 
4.063083 2.192924 0.990655 0.727066 1.250132 0.925241 0.584154 0.310721 -0.240217 -0.032903 -0.286635 -0.060901 
5.661513 0.872538 1.749371 0.656015 1.622856 0.761382 0.103916 -0.548458 -0.275503 -0.098713 -0.019508 0.021550 
7.029320 1.545050 1.363648 1.006572 0.718853 0.321015 0.585797 0.362295 -0.021669 0.069444 -0.034931 -0.068795 
0.737661 1.970695 0.306544 0.677073 2.611979 -0.215913 2.199969 1.196521 0.519272 -0.613357 -0.416623 0.016912 
0.851992 0.765217 1.108305 1.455051 2.153558 1.462399 1.131204 0.191954 -0.157448 -0.001363 0.131800 -0.040271 
1.034145 0.355601 1.035272 1.138845 2.562558 1.596353 0.911501 -0.114712 0.531194 0.409424 0.092331 -0.084987 
1.011669 0.533921 1.065077 2.395639 1.508766 1.156419 0.592763 0.904550 0.610066 0.210953 0.095146 -0.089139 
1.063298 0.984338 0.809700 1.857446 1.418563 0.773490 0.828985 0.721926 0.326640 0.252183 -0.092194 -0.035651 
1.036689 0.976515 1.450475 1.711455 0.896524 0.528648 1.312282 0.625891 0.841438 0.326853 0.051996 -0.092039 
0.816097 0.664577 1.341360 1.849447 1.632324 1.173187 1.218844 0.840689 0.354924 0.750187 -0.176032 -0.092200 
0.848690 0.743972 1.125502 1.089948 2.197682 1.572186 1.637355 0.206670 0.474503 0.263530 0.139086 -0.093104 
0.581418 0.556446 1.011472 1.618393 2.465701 2.343026 0.742637 -0.196404 0.252472 0.435539 0.058632 -0.049597 
0.949383 0.807162 1.055305 2.265715 1.262708 1.905172 0.631707 0.041975 0.448677 0.217253 -0.029447 -0.037097 
2.502866 -0.278650 1.372473 1.764641 0.573927 1.109560 0.942104 0.601169 0.808323 0.301515 0.335124 -0.048570 
0.965741 1.323231 1.374837 1.210149 1.474666 0.557942 1.275639 0.865360 0.401973 0.333503 -0.072523 -0.020170 
0.747884 1.397778 1.095220 1.794943 1.391112 1.023671 0.722498 0.854679 0.386526 0.349037 -0.013511 -0.050265 
1.112870 1.473350 -0.024544 1.800173 1.384859 1.274058 1.445278 0.864624 0.352679 0.212141 0.148987 -0.085217 
1.060768 1.580447 0.884066 1.280615 1.433026 1.202980 0.903892 0.349417 0.763868 0.594943 0.000447 -0.050886 
1.405683 1.390898 0.495948 1.134925 1.196869 0.979281 1.497842 0.840617 0.708901 0.193916 0.095181 -0.054398 
1.677182 0.658469 1.391999 0.426288 1.545117 1.498443 1.752900 0.919155 0.526881 0.164483 0.130625 -0.050558 
3.096073 -0.645983 1.589412 1.267329 1.521369 0.905360 1.416403 0.237809 0.662732 0.519170 0.012138 -0.028211 
3.857843 -0.817961 1.569559 1.399255 1.182962 1.386549 0.470122 1.105364 0.200761 -0.087196 0.310538 0.063356 
6.334032 3.000670 -0.160658 -0.042205 1.047978 0.816378 -0.138230 0.125725 0.797089 0.352215 0.227788 0.036337 
5.858108 3.885116 4.210148 2.986285 1.137901 0.185949 0.343921 1.234025 -0.034612 0.051101 0.221715 0.071111 
4.712316 2.904191 3.181894 1.399264 1.901104 1.398255 1.160718 0.330138 -0.167208 -0.034343 0.119444 0.035478 
4.131598 2.147366 2.241056 1.731322 1.753474 1.299516 1.444712 0.923057 1.141194 0.669467 0.102804 0.031556 
3.939389 1.588839 2.105658 1.139418 2.294152 2.453975 1.341946 1.555143 -0.145314 0.341404 0.309829 0.052589 
3.970565 1.555802 1.972510 0.832763 2.070969 1.821554 1.377553 0.947003 0.586388 0.545737 0.261466 0.050067 
3.928752 1.134630 1.767835 0.527458 1.215842 2.168468 1.261845 0.716171 0.492597 0.380723 -0.002597 -0.017218 
4.376544 1.455872 0.968072 -0.176749 0.928465 1.237291 1.139299 1.135775 0.264546 0.277282 -0.062857 -0.034995 
4.236386 0.924032 0.944009 -0.325946 1.225928 2.010212 0.624297 0.386436 0.634961 0.107974 -0.105049 -0.006416 
3.930477 0.897672 1.338176 -0.308603 0.889155 0.828630 0.812145 0.942165 0.317008 0.282498 0.233909 0.021359 
3.972092 1.307669 1.204515 -0.460830 0.789526 0.590359 0.755500 0.411959 0.775223 0.272878 -0.000815 0.014867 
4.069619 0.652660 0.570398 -0.604859 0.862513 0.317075 0.509666 0.713624 0.693694 0.215817 -0.002349 -0.000468 
3.734161 0.697000 0.745352 -0.484884 1.061216 0.799544 0.298635 0.420266 0.195538 0.107469 0.318928 0.080021 
3.606997 0.576785 0.795695 -0.842960 0.728812 0.046375 0.756417 0.816481 -0.165642 0.436429 0.365315 0.044051 
3.472678 0.348957 1.043266 -0.605534 0.425621 0.684688 0.888836 0.522404 0.461978 0.031028 0.037573 0.016020 
3.380499 0.743236 0.611777 -0.793897 0.752080 -0.134721 0.756464 0.760014 0.540679 0.632995 0.345938 0.059788 
-1.#IND00 -1.#IND00 -1.#IND00 -1.#IND00 -1.#IND00 -1.#IND00 -1.#IND00 -1.#IND00 -1.#IND00 -1.#IND00 -1.#IND00 -1.#IND00 
-1.#IND00 -1.#IND00 -1.#IND00 -1.#IND00 -1.#IND00 -1.#IND00 -1.#IND00 -1.#IND00 -1.#IND00 -1.#IND00 -1.#IND00 -1.#IND00 
