-0.080555 0.244894 0.126990 0.223787 0.259830 0.525625 0.468140 0.205357 -0.356351 -0.042626 -0.024196 0.088346 
-0.176154 0.094161 0.198258 -0.489632 0.111675 -0.016971 -0.104933 0.261048 -0.066113 0.162067 -0.229229 0.059823 
0.268972 -0.151780 -0.149989 0.112881 0.244580 -0.114165 -0.199897 0.115554 0.383694 -0.267228 0.296801 -0.056434 
0.068345 0.114441 -0.000475 -0.107793 0.255634 0.283218 -0.312873 0.342450 -0.515648 0.063017 0.107169 -0.007270 
0.002069 0.245855 0.069304 0.553288 0.142403 -0.512502 -0.284392 -0.350975 -0.069907 0.223033 -0.137647 -0.089945 
-0.002046 -0.132652 0.526763 0.315895 -0.690271 -0.073733 0.682131 0.346469 -0.238876 0.025180 0.008968 -0.037679 
0.066483 0.091808 0.016337 -0.454474 -0.529715 0.028917 -0.126388 -0.276634 -0.276145 0.049646 -0.026882 -0.103423 
0.073683 0.109536 -0.173385 -0.296137 0.275641 0.216975 -0.742584 0.199727 -0.162213 0.263907 -0.040028 0.058235 
0.025821 0.111382 -0.562876 -0.104794 -0.173091 -0.282939 -0.006717 0.099633 -0.290614 0.118888 -0.038598 0.025455 
-0.046953 0.456767 0.087898 0.132071 -0.237715 0.798536 -0.154801 0.075831 0.293162 0.151777 0.074386 0.016940 
-0.092509 0.285790 0.041445 0.203749 -0.686492 -0.382624 -0.394797 -0.261034 0.596665 0.192269 -0.008776 -0.094400 
0.283692 0.029038 0.215131 0.485791 0.195267 0.048373 0.646457 -0.604205 0.477899 0.396865 0.120436 0.093774 
0.192188 -0.193452 0.245480 -0.374936 0.179997 0.036798 0.203981 -0.366815 0.384811 0.084279 0.260439 0.023035 
-0.167789 0.249732 0.221883 0.097973 0.208168 0.317372 0.250265 0.246190 -0.241607 0.060259 -0.091352 0.106709 
0.014171 0.091602 -0.013841 -0.464010 0.146789 -0.036467 -0.299765 0.043478 -0.048205 0.274074 -0.165013 0.009909 
3.010513 0.698877 1.149854 0.123750 -0.119790 -0.059578 0.532057 0.832482 -0.381963 0.239183 0.101874 -0.006629 
2.520651 0.681588 1.321804 -2.334666 1.016512 0.088385 0.483016 1.165422 -0.147243 0.407799 0.395437 -0.006143 
3.465726 -0.421273 1.654293 -0.994230 0.487423 0.343486 0.318923 0.331535 -0.276298 0.024905 0.288476 0.020802 
3.546477 -0.340777 2.048655 -1.060643 0.127150 0.100134 1.180309 0.435894 -0.286890 0.304298 -0.007276 -0.007694 
3.112131 -0.447563 2.180209 -1.312725 -0.119330 0.214941 0.427259 -0.053851 0.294929 0.039834 0.035951 0.056420 
3.173947 -0.524600 2.023133 -1.340783 -0.032224 -0.357280 1.041395 0.636552 0.248262 0.399801 -0.053152 0.023552 
3.249964 -0.048616 2.070524 0.296350 -0.636507 0.460519 0.392236 -0.455584 0.131272 -0.568881 -0.348272 -0.052307 
1.707971 0.497003 1.249818 -1.565514 -0.345413 -0.842754 -1.089139 -0.560977 0.492741 0.320523 0.178624 0.032478 
1.244608 1.479276 1.538493 0.810306 -0.099199 -0.698992 0.126899 0.231966 -0.287104 0.512527 -0.071418 -0.000456 
1.389181 1.226461 1.087942 0.117407 -0.868098 -1.048025 -1.186132 -0.102854 0.169904 -0.011892 0.139691 0.049237 
0.957276 1.589159 0.580119 -0.498831 -1.293807 -1.190116 -0.934144 -0.302327 -0.110377 0.428711 0.344768 -0.029570 
1.417389 1.569021 0.587697 -0.243093 -0.403073 -1.711068 -0.416163 -0.673639 -0.084487 0.153093 0.367224 -0.091389 
1.421508 1.671085 -0.063490 0.237636 0.172415 0.141539 -0.492028 -0.650449 -0.342541 0.002599 0.028832 -0.081237 
1.213752 1.226924 1.361072 0.729808 0.668246 0.277767 0.123684 -0.609786 -0.451620 -0.102035 -0.145232 -0.108771 
1.290891 1.030659 0.684255 -0.001644 0.934168 0.465094 0.548858 -0.210680 -0.208246 -0.158158 -0.159281 -0.190384 
0.942925 0.906774 1.199308 0.409972 0.523371 0.260664 0.852415 0.307819 -0.382595 -0.133396 -0.238713 -0.224436 
1.380725 0.874176 1.613604 0.253654 0.876554 1.230125 0.431587 0.861862 -0.055612 -0.295417 -0.542792 -0.093080 
3.137046 0.275889 1.633359 0.442543 0.935707 0.009640 1.310850 0.033585 0.729609 -0.022171 0.056412 0.059942 
3.686363 1.210103 1.054129 0.017530 0.168575 1.074529 0.946709 0.271964 -0.062181 -0.013470 -0.048436 -0.070475 
6.600816 1.829626 0.206788 -0.491385 0.744879 0.549198 0.540213 0.464126 -0.065617 0.064026 0.080711 0.017473 
6.694028 1.654997 0.308320 -0.350334 0.678686 -0.391479 -0.122870 0.074471 0.188026 0.247708 -0.019799 -0.063324 
1.068544 1.887270 0.817020 0.943789 1.889968 0.344029 0.561712 0.531270 -0.074671 0.429956 0.114994 -0.125143 
0.858450 1.129349 1.104154 1.253463 1.476861 2.106085 1.435315 -0.131131 -0.558515 -0.115490 0.246581 -0.044507 
0.866113 0.943382 0.991618 1.996552 1.559109 2.015783 0.926325 0.266407 0.279185 0.071402 0.011708 -0.027718 
1.063371 0.726946 0.803491 1.379744 1.717265 2.237844 1.136196 0.057311 0.234849 0.358972 0.182520 -0.089798 
0.699401 0.962797 1.169440 1.548618 2.484069 0.620861 1.506735 0.238751 0.626259 0.158517 0.030988 -0.066887 
0.666777 0.984492 1.392048 1.173368 2.353205 0.899346 1.032641 0.949079 0.338040 0.329154 0.030184 -0.085471 
1.136183 0.598428 1.209046 1.770080 2.167441 0.556815 0.789614 0.654625 0.094983 0.314080 0.257211 -0.093146 
0.422266 0.877007 1.072566 1.644640 2.412463 2.285182 1.408901 -0.342037 0.135576 0.419987 0.170712 -0.035527 
0.778287 0.839982 0.753619 1.363914 2.533213 1.106584 1.656182 0.573713 0.411728 0.521118 -0.001545 -0.111496 
0.883395 0.346172 1.398892 1.126794 2.153254 1.601203 1.665272 0.527319 0.213328 0.258865 0.187153 -0.107734 
1.059159 0.849692 1.150343 1.277534 0.709523 2.331285 1.149170 0.917595 0.594958 -0.198667 -0.064991 -0.009933 
1.646159 0.266377 1.343277 0.929179 1.673060 1.484063 1.243787 0.768560 0.862985 0.084744 0.021994 -0.046993 
-1.#IND00 -1.#IND00 -1.#IND00 -1.#IND00 -1.#IND00 -1.#IND00 -1.#IND00 -1.#IND00 -1.#IND00 -1.#IND00 -1.#IND00 -1.#IND00 
-1.#IND00 -1.#IND00 -1.#IND00 -1.#IND00 -1.#IND00 -1.#IND00 -1.#IND00 -1.#IND00 -1.#IND00 -1.#IND00 -1.#IND00 -1.#IND00 
