4.001782 1.769110 3.070537 1.172946 1.138108 0.542395 1.197147 0.382941 0.308448 0.668532 0.140325 0.013620 
3.830898 2.817624 3.298394 2.391595 2.345636 2.217095 1.803666 1.021554 0.623636 -0.000337 0.049812 0.029843 
3.600529 2.158917 2.191225 1.975610 1.989497 0.649548 0.590421 0.369698 0.499540 0.597375 0.185391 0.033218 
3.338414 1.557652 1.659450 1.682078 1.727516 2.069906 1.693930 -1.333739 -0.434933 0.330634 0.069918 0.006757 
5.409403 1.632353 -0.214495 -0.255415 0.098920 0.304833 -0.249733 -0.084692 0.434171 0.478868 0.260618 0.053985 
5.604593 -0.167265 0.081803 -1.165610 -0.095683 -0.055213 -0.475400 0.645933 -0.156556 -0.014484 0.171421 0.038029 
5.062738 -0.094706 -0.118557 -0.025788 -0.624487 -0.698305 0.279915 0.627158 -0.516919 0.101051 0.075847 -0.042990 
4.456736 -0.029091 1.001161 0.266241 -1.387913 -0.885534 0.342430 0.413535 -0.512532 0.094243 -0.129407 -0.112669 
4.749180 0.814257 1.273400 -1.837612 -0.942718 -0.180755 -0.863404 -0.300028 0.000122 0.080832 -0.248300 -0.116433 
3.491110 0.981046 2.280526 0.536472 1.012138 -0.339383 0.240745 1.187265 0.279204 -0.038155 0.084393 0.008478 
3.649822 1.451244 3.003528 -0.247458 0.862731 -0.061832 1.084478 1.150454 -0.414452 -0.150377 0.240027 -0.005810 
3.672437 1.369374 2.301006 0.662783 1.834644 0.979687 0.592356 0.581528 0.519759 0.099646 0.207331 0.053541 
3.915592 0.404367 1.048574 1.464310 2.293516 1.595992 -0.000588 0.891174 0.127470 0.328086 0.521219 0.063267 
3.401167 1.205499 2.129806 0.734264 1.749862 1.953639 1.454782 0.709577 0.791930 0.410419 0.400470 0.078863 
3.504893 1.095268 1.985957 0.836388 1.593891 1.118410 1.028628 1.018324 0.342759 0.753873 0.253314 0.001324 
3.624620 1.087465 1.887450 0.964509 2.255855 1.451366 0.918320 0.910344 0.317890 0.631010 0.448661 0.036011 
3.724406 1.466922 2.510360 1.384440 1.925501 1.490360 1.671807 0.248359 0.340145 0.109519 0.282462 0.078416 
3.623966 1.577591 1.819431 0.282692 1.021789 1.804438 0.797351 0.630444 0.283277 0.145993 0.167350 0.021535 
4.192331 0.180189 1.387128 0.016149 -0.536325 -0.274029 0.440827 0.401380 0.381926 0.215328 -0.146193 -0.038957 
5.258343 0.218474 3.401245 0.300481 -0.045760 1.208278 1.077832 0.394813 0.431854 0.218052 0.141267 0.094516 
2.111952 0.400886 0.518053 0.148715 -0.117951 -0.855977 1.426082 -0.424306 -0.023648 0.263713 0.105412 0.142833 
1.927010 0.189395 -0.630326 -0.651355 -1.917787 -0.867838 -1.054920 0.327779 -0.182672 -0.219412 -0.005563 0.142232 
1.787896 0.827469 0.094958 0.248993 -0.638706 -0.353823 -0.270003 0.163504 0.045320 0.380300 0.391026 0.101228 
1.322058 1.788013 1.089627 0.400537 -0.838865 -0.890885 -0.416315 -0.399606 0.021460 0.177174 0.165900 0.124772 
1.517170 1.079700 1.022278 0.358581 -0.480673 -0.853473 -0.549017 -1.043406 -0.485919 -0.080835 0.178865 0.066441 
1.680710 1.823657 0.145432 -0.972445 -1.433655 -0.796364 -0.690261 -0.272633 -0.368773 -0.233173 0.167285 -0.027604 
1.840860 1.467656 0.701336 -1.265911 -0.502805 0.078891 -0.278893 0.318811 -0.472438 -0.145768 -0.143774 -0.088031 
1.061768 1.551403 1.322192 0.287509 1.074079 1.567704 -0.105520 -0.030298 0.594846 0.285644 -0.320114 -0.061434 
2.914565 0.721062 1.219640 0.982943 0.692855 0.498922 0.502891 0.313608 0.596778 0.060703 0.199258 0.035975 
4.486251 3.020300 1.500910 0.271467 -0.033465 0.549471 1.407484 1.424121 0.812080 0.295262 -0.008818 -0.049147 
4.817528 2.595856 0.458257 -0.067360 0.612734 0.502323 0.374873 0.771376 0.370844 0.183239 -0.094769 -0.045700 
5.059715 2.302917 0.631345 -0.728468 -0.543573 -0.381935 0.112196 0.984974 0.449432 0.047076 -0.257455 -0.128351 
1.430642 1.054841 1.607468 0.834919 0.918045 1.229789 0.498642 1.245409 0.839807 -0.342733 -0.160562 -0.030351 
1.123502 0.588512 1.680895 1.446817 0.665164 1.951888 1.419504 0.344563 0.949925 0.216175 0.094609 -0.095895 
0.885359 1.232843 1.485353 1.595590 1.210170 0.960717 0.871947 0.297070 0.546211 0.318663 0.233123 -0.108557 
0.869800 1.156317 1.721344 1.254542 1.902693 1.311192 0.405982 0.941391 0.809857 0.168514 0.030778 -0.050224 
0.844262 1.245626 1.111164 1.800542 2.071118 1.140083 0.950780 0.690866 0.612952 -0.066076 0.076691 -0.035691 
0.296454 1.354528 1.543327 2.235932 1.336693 1.171733 0.941022 1.084197 0.376849 0.064882 0.147331 -0.086441 
0.711117 0.879456 0.929245 1.658071 2.024304 1.229180 1.158607 1.125186 0.465612 0.103128 -0.039276 -0.057505 
0.832563 0.887623 1.383902 0.971563 2.020892 1.769582 1.131827 0.955430 0.472112 0.099072 -0.022189 -0.050854 
0.704160 0.634959 1.637451 1.700918 1.436886 1.742230 1.208289 0.955348 0.653286 0.243294 0.017343 -0.062916 
0.772713 0.983151 1.894921 0.985777 1.424040 1.665100 1.080493 0.302445 0.611524 0.461844 0.077191 -0.080095 
1.348542 0.815947 0.869131 1.790459 1.252061 1.402338 1.096377 1.133297 0.283435 0.259000 0.131844 -0.050966 
1.404332 0.491735 2.078025 1.079011 1.204726 1.051542 0.916284 0.974294 0.770559 0.276270 0.073223 -0.048309 
2.048189 0.418203 0.875128 1.244488 0.887551 1.481651 1.358051 1.691495 0.304903 0.137090 0.131782 -0.050836 
2.171898 0.352946 0.667515 1.123775 1.069708 1.726764 0.864914 1.307071 0.335942 0.350790 0.143437 -0.042139 
2.883895 -0.249655 1.472401 0.503003 1.733083 1.364934 1.974752 0.347048 0.793409 0.156609 0.034282 0.028378 
4.917103 -1.082302 1.368723 0.745986 0.655911 1.258054 0.304803 0.462091 0.852275 0.341494 0.106938 0.027454 
-1.#IND00 -1.#IND00 -1.#IND00 -1.#IND00 -1.#IND00 -1.#IND00 -1.#IND00 -1.#IND00 -1.#IND00 -1.#IND00 -1.#IND00 -1.#IND00 
-1.#IND00 -1.#IND00 -1.#IND00 -1.#IND00 -1.#IND00 -1.#IND00 -1.#IND00 -1.#IND00 -1.#IND00 -1.#IND00 -1.#IND00 -1.#IND00 
