0.927003 1.640098 1.398022 1.489393 0.433569 1.199175 0.556797 0.497185 0.821780 0.561787 0.253741 0.069091 
1.036386 1.690483 1.223980 1.494407 0.744893 0.939790 0.650152 0.343721 1.078553 0.671250 0.300174 0.042936 
1.298515 1.314694 1.546077 1.525967 0.978892 1.122085 1.229747 0.034923 0.852278 0.426077 0.160917 0.086780 
1.255533 1.127725 1.591237 0.905727 1.577221 1.194132 1.187021 0.187677 0.693157 0.236614 0.260194 0.097915 
0.862440 1.459339 1.469116 1.371817 1.367379 1.119396 0.903473 0.808439 0.253969 0.539840 0.079965 0.115681 
1.030781 1.251153 1.306551 0.932788 1.317868 0.950480 0.973559 1.047696 0.535546 0.684392 0.053082 0.088415 
-1.390540 0.350582 -0.190996 0.532932 0.383393 0.560134 0.651478 0.504803 0.525004 0.300351 0.242521 0.033144 
1.046481 1.469910 1.225079 0.892491 0.322257 0.319952 0.223698 0.129418 0.072549 -0.212612 -0.102152 -0.113578 
0.911283 0.971755 1.299369 0.589441 0.959372 0.635166 0.895283 0.896243 0.272172 -0.418766 -0.448828 -0.102270 
1.167415 1.594532 0.549320 1.119873 1.493134 0.904813 0.341800 0.991680 0.498774 0.345891 -0.030978 -0.072685 
2.568934 0.233060 2.393799 1.595003 0.936986 0.459344 0.698562 0.606704 0.284525 0.030157 0.094492 0.031047 
5.886434 1.884563 0.377791 0.254348 0.978144 1.015991 1.037436 0.136994 -0.292402 -0.434000 -0.226536 -0.032687 
5.308507 2.337005 1.342271 -0.757831 0.483172 0.288163 0.658750 0.550626 0.102629 -0.122352 -0.245724 -0.111272 
1.193445 1.213161 0.305762 -0.384138 0.819262 1.782143 1.050439 0.976966 0.850084 -0.260468 -0.333647 -0.008766 
0.917331 0.918309 0.113413 1.875626 1.375050 2.663821 1.162916 0.134877 -0.078075 0.149819 0.052453 -0.056776 
1.139868 0.836659 0.755919 1.038260 1.847845 1.761502 1.287682 -0.117148 -0.283071 0.488037 0.334110 -0.080607 
0.635386 0.778503 1.338399 1.285409 2.592943 1.507226 1.014755 0.201298 0.215958 0.097181 0.047267 0.003386 
0.654722 0.648043 0.880515 1.642760 2.361089 2.137387 0.971187 0.552471 0.013203 0.376372 0.214608 -0.069080 
0.670262 0.976344 1.098572 2.454729 1.950424 0.854741 0.904338 0.754271 0.393824 0.464286 0.047181 -0.076108 
0.881144 0.776718 0.694515 1.668539 1.518497 1.668844 1.055879 1.128211 0.274472 0.480255 -0.013155 -0.086591 
0.621725 1.012503 1.188826 1.764838 1.460356 1.179622 0.968378 0.773952 0.912958 0.304382 -0.022431 -0.097030 
0.926225 0.433925 0.809112 1.940741 1.860700 1.575759 1.402963 1.035911 0.032985 0.468126 0.007270 -0.078311 
0.768475 0.541459 1.195544 1.280491 1.924262 1.198088 1.840681 0.263091 0.678687 0.165708 0.028832 -0.073269 
0.527276 0.803738 1.337579 1.615088 2.762159 1.850210 1.233778 0.309252 0.091351 0.080768 0.239293 -0.008376 
0.545217 1.627551 1.158069 1.939823 1.234857 1.266143 1.120209 0.695961 0.497335 0.486182 0.080058 -0.060784 
0.911190 1.120497 0.830355 1.789800 1.786924 1.026904 1.357541 1.209197 0.350597 0.240677 0.016663 -0.046458 
0.695973 1.276218 1.612928 1.814600 1.286423 1.313899 1.171179 0.956039 0.287021 -0.027323 0.053333 0.016043 
0.882255 1.719256 1.442096 1.519362 1.179233 0.892748 1.093926 0.683096 0.726920 0.318257 0.068288 -0.033129 
0.734883 1.476459 1.266022 1.436338 1.882527 1.609210 1.222979 0.839091 0.539676 0.171029 0.221322 -0.060302 
0.614770 0.941932 1.463057 1.898654 1.166721 0.992082 1.606839 1.171126 0.307315 0.249889 0.060807 -0.028754 
1.401845 0.933979 1.692299 1.100666 2.068418 0.404510 1.282950 1.018749 0.209545 -0.050589 0.257130 -0.010678 
3.059468 -0.453040 1.494829 1.027875 1.296333 1.556112 0.749101 1.016274 0.307954 0.063199 0.419939 0.021327 
4.674076 2.762788 0.781010 0.168974 0.720415 0.752050 0.315038 0.368991 0.500009 0.331756 0.275458 0.063399 
4.145068 3.185716 1.473239 -0.115200 0.054797 1.044783 1.246637 0.556476 0.061679 -0.088573 0.216866 0.059121 
3.321460 1.728857 1.891031 1.186470 1.477216 1.688019 1.094864 1.227024 0.506497 0.440843 0.247972 0.032091 
3.190181 1.893531 2.524850 0.604551 0.905417 1.248695 1.226634 0.829165 0.706637 0.602066 0.188652 0.023431 
3.026710 2.008270 1.955983 0.823148 1.080907 1.209863 1.710447 1.398075 0.569719 0.416285 0.079543 -0.002706 
3.411829 1.294071 2.028591 0.984950 1.488906 1.164156 1.104173 1.002583 0.753884 0.607725 0.231684 0.007568 
3.277961 1.681026 1.826421 0.677649 1.440114 0.985294 0.722743 1.054678 0.565544 0.250959 0.346929 0.024608 
3.083349 1.362656 1.662784 0.992056 1.076752 1.430689 1.471754 1.800638 0.558256 0.411755 0.307876 -0.009140 
2.796877 1.411639 2.174317 0.700483 1.456295 0.699241 1.152605 0.503244 0.361530 0.815261 0.242768 0.005406 
3.497942 1.072926 2.044715 0.182140 1.632809 0.954308 1.291049 1.498885 0.667233 0.214915 0.168280 0.007198 
3.137045 0.987568 1.604323 0.293130 1.539873 1.221046 2.017990 0.699216 0.509584 0.004301 0.141917 0.051779 
3.103638 0.619273 1.379933 0.070485 0.692836 0.296586 0.933512 0.822146 0.385329 0.316720 -0.046853 -0.006487 
3.162640 1.471584 1.222195 0.301988 1.169477 1.075632 1.430630 0.522942 0.058236 0.293493 0.309923 0.043047 
3.056126 1.285521 1.446112 0.334868 0.627744 0.764056 0.522822 0.374258 0.173249 0.528455 0.247917 -0.002729 
3.393358 1.336630 1.802844 -0.193788 1.828450 0.826110 0.610219 1.507569 0.383535 0.326870 0.024591 -0.047111 
3.108585 1.504733 2.371139 0.478717 1.231338 1.144050 0.775764 0.466505 -0.019398 0.389229 0.089050 -0.012470 
-1.#IND00 -1.#IND00 -1.#IND00 -1.#IND00 -1.#IND00 -1.#IND00 -1.#IND00 -1.#IND00 -1.#IND00 -1.#IND00 -1.#IND00 -1.#IND00 
-1.#IND00 -1.#IND00 -1.#IND00 -1.#IND00 -1.#IND00 -1.#IND00 -1.#IND00 -1.#IND00 -1.#IND00 -1.#IND00 -1.#IND00 -1.#IND00 
