3.504179 0.519592 2.191488 -0.910474 1.220944 0.089389 1.157568 0.614582 -0.136842 0.521309 0.420692 0.067366 
3.423950 0.334602 2.371362 -0.636772 0.806895 0.394299 1.000612 0.425435 0.256436 0.428049 0.190338 0.042325 
1.409527 -0.725113 -0.191705 -1.615372 0.981714 1.874451 -0.365018 0.860651 -0.135913 0.079974 0.286333 0.106801 
3.321595 0.194536 1.682633 -1.415573 0.820342 1.017032 1.266795 0.894076 -0.197869 0.031542 0.329162 0.058599 
3.265416 0.213978 1.045065 -0.790497 1.104013 0.023608 1.014223 0.241840 0.395095 0.286124 -0.121972 0.049848 
4.175023 -0.396621 1.116498 -1.268311 0.474522 2.158466 0.230101 1.088490 -0.029570 -0.053412 0.551839 0.019399 
1.677323 0.292758 1.918247 -2.021248 -1.699506 -0.945198 -0.374514 0.487663 0.973890 -0.441156 0.147144 0.036671 
1.754692 0.882544 1.326677 0.250496 -0.997917 -1.006794 -0.375903 0.133330 0.346627 -0.194582 0.313946 0.128903 
1.363042 1.998152 1.685395 0.832365 -0.190894 -0.167661 -0.639678 -0.484646 0.056971 0.179638 -0.117952 0.059577 
0.957531 2.036840 1.838803 -0.252354 -0.451113 -0.771082 -1.784902 -0.395560 -0.259846 0.145342 0.142757 -0.031066 
0.939272 1.474984 0.994580 0.180638 -0.730805 -0.384384 -1.178877 -1.006399 -0.597171 0.131091 0.140777 -0.130209 
1.716778 0.731019 0.978688 0.214340 0.880052 -0.553918 -0.610110 -0.243292 -0.333243 -0.686134 0.189221 -0.112770 
1.252413 1.273308 0.535839 0.748440 0.544271 0.594456 -0.048373 -0.221245 -0.182430 -0.296782 -0.320352 -0.143664 
0.958989 0.929688 1.030801 0.134113 -0.124485 0.843211 0.719305 0.512152 0.206888 -0.345389 -0.349420 -0.295609 
1.500754 1.156680 0.322321 0.944223 0.638489 0.888325 1.503355 0.536137 0.543195 -0.048814 -0.249154 -0.108042 
2.401409 0.779179 1.168762 0.463537 1.491070 0.823255 0.323225 0.546713 0.403771 0.145179 0.207011 -0.021951 
3.252179 0.723789 1.691245 0.364605 -0.564568 -0.666306 -0.283892 0.737676 -0.531513 -0.353648 -0.037975 -0.038320 
4.180004 0.887578 0.391463 0.089777 -0.177935 -0.114733 0.159540 0.343664 0.198888 0.187466 -0.198909 -0.083139 
2.025480 0.502203 1.095918 0.983755 -0.187759 0.460246 0.502858 0.045439 -0.029861 0.006763 -0.015504 -0.065584 
1.234049 0.391539 0.688446 1.863050 1.740965 2.121854 1.036307 0.107045 -0.784642 -0.018424 0.169502 -0.023072 
0.982567 1.289502 0.806319 1.458020 1.787312 1.599524 0.609500 -0.021385 -0.316477 0.400913 0.169323 -0.082026 
0.793109 0.413773 1.370858 1.998952 1.228957 3.258866 0.659903 -0.305761 0.221884 0.265525 0.201941 -0.046325 
0.582877 0.904404 1.264117 2.151761 1.947348 1.301205 0.946018 0.225128 -0.298580 0.585419 0.168353 -0.077428 
0.549327 1.009092 1.130206 1.805103 2.094405 1.270005 0.950014 0.494359 0.178468 0.134404 0.147515 -0.053174 
0.565628 0.822166 1.599214 0.853705 2.478431 1.040091 1.629625 0.545646 0.255017 0.304927 0.157033 -0.109550 
0.734494 1.086242 0.901437 1.695753 2.194183 2.009245 0.377511 -0.074006 0.528441 0.523152 0.116468 -0.101368 
0.415315 1.143820 1.266613 1.408488 2.315321 2.076316 0.812267 -0.050523 0.380440 0.248762 0.164116 -0.080179 
0.854260 0.304536 1.403319 1.288781 2.228858 2.087648 1.282153 0.438454 -0.606974 0.219596 0.251660 -0.058272 
0.972283 1.410735 0.663632 0.990199 2.143765 1.302791 1.236147 0.171190 0.007878 0.176147 0.217946 -0.065413 
0.967768 0.779811 1.642058 1.055360 0.975991 1.424573 0.850116 1.052956 0.601168 0.218788 -0.087581 -0.031682 
0.734875 1.054125 1.179455 1.884845 1.736982 1.249677 0.996336 0.955297 0.205574 0.127484 -0.032597 -0.002290 
0.994901 0.849648 1.532666 1.225077 1.231774 1.328951 1.128470 0.953345 0.518823 0.198954 0.051664 -0.074158 
0.971515 1.054575 1.020108 1.421736 1.063161 1.068667 1.541236 0.787033 0.392238 0.169358 -0.002990 -0.023056 
1.094106 0.953358 1.157333 1.676682 1.331847 1.228033 0.946831 1.051872 0.351423 0.278811 0.002272 -0.022531 
1.297269 0.891303 1.040747 1.464577 1.040067 1.131599 1.575313 0.806346 0.812539 0.070271 0.051875 -0.057211 
1.626150 0.248887 1.202006 1.364360 1.536190 1.229400 1.180453 0.923359 0.722271 0.044745 0.079037 -0.032097 
2.611180 0.482113 0.725973 0.951822 0.860528 1.128705 1.892219 0.465725 -0.219184 0.626026 0.085525 -0.049890 
3.561959 0.610977 0.591564 1.149084 1.723697 0.778887 1.168469 1.071728 0.438435 -0.049076 0.193539 0.045916 
5.193037 1.267064 0.035711 1.286680 0.962273 0.318707 0.239341 0.492497 0.647492 0.200952 0.033396 0.008258 
4.358535 2.843420 0.976452 -0.025683 0.143217 0.437029 0.335833 0.394168 0.542923 0.341296 0.249027 0.058937 
4.061785 3.420631 2.365839 1.442972 1.022240 -0.181107 -0.482963 -0.361466 0.008993 0.057794 0.002485 0.009117 
3.919421 1.320309 1.746392 1.460305 1.741363 1.681043 1.157480 0.837549 0.698820 0.271827 0.360442 0.093409 
4.609211 2.488161 2.166826 0.746759 1.147111 0.263861 -0.260390 0.382402 -0.285806 -0.242475 0.113831 0.034453 
5.316389 3.304874 3.908871 3.047034 2.291879 0.078145 0.339371 -0.076159 0.288146 0.426093 0.050587 0.034178 
4.063957 2.047382 2.997676 2.363711 2.333885 1.626268 1.082881 0.555853 -0.110262 0.123483 0.094481 -0.002370 
3.618980 1.779451 2.028602 1.537369 1.128821 1.013189 0.770941 0.399936 0.494717 0.394048 0.025834 0.005527 
3.261637 0.683244 0.624377 0.121839 1.049562 0.403200 -0.050365 0.346838 0.143040 -0.285539 0.145239 -0.029106 
4.608218 2.481135 1.309443 -0.157267 0.091990 0.083086 0.137081 0.270659 0.013961 0.515290 0.410867 0.110564 
-1.#IND00 -1.#IND00 -1.#IND00 -1.#IND00 -1.#IND00 -1.#IND00 -1.#IND00 -1.#IND00 -1.#IND00 -1.#IND00 -1.#IND00 -1.#IND00 
-1.#IND00 -1.#IND00 -1.#IND00 -1.#IND00 -1.#IND00 -1.#IND00 -1.#IND00 -1.#IND00 -1.#IND00 -1.#IND00 -1.#IND00 -1.#IND00 
