0.015679 0.093150 -0.011270 -0.461011 0.149771 -0.033375 -0.294899 0.047841 -0.045450 0.276302 -0.163789 0.010390 
3.505032 1.402977 2.668834 0.419424 1.781523 0.358931 0.692455 1.074701 0.295830 0.004597 0.087678 0.042138 
3.551668 1.656447 3.290639 1.101212 0.910806 0.484775 0.243771 0.387264 0.836863 0.402701 0.142102 0.062094 
3.393521 1.474563 2.592954 0.920524 1.334497 1.245858 0.645331 0.847360 0.872539 0.843849 0.233077 0.022615 
3.163868 2.048536 2.750578 0.916849 1.509615 1.339340 1.179941 1.023937 0.520373 0.528170 0.402651 0.048819 
3.387715 1.740705 2.523848 0.582946 1.581804 2.213352 1.507676 0.660146 0.644614 0.399403 0.121725 0.044407 
3.975524 1.284843 3.273924 -0.167064 2.075803 1.231265 1.240561 1.315746 0.756035 0.411513 0.180130 0.054981 
3.977569 2.059069 2.535300 0.458343 0.819017 0.741132 1.093480 1.481294 0.141542 0.654252 0.369756 0.024864 
3.630230 1.845614 2.423560 0.245759 1.440582 1.344159 0.763235 1.073324 0.246663 0.566989 0.343465 0.028793 
3.931182 2.452415 2.665014 0.634488 1.356351 0.893235 1.267759 0.544884 0.356043 0.381913 0.126499 0.026169 
4.240141 1.956673 3.024410 1.020065 1.203749 1.102161 -0.111247 0.603535 0.041659 0.280510 0.152672 -0.011759 
3.632825 1.507615 2.876465 0.348711 0.924130 1.461513 0.719599 1.208694 0.670449 0.569517 0.155456 -0.004720 
3.509552 1.322598 2.888005 -0.128031 1.749003 -0.154252 0.446480 0.412511 0.180064 0.566481 0.001639 0.022164 
3.903634 1.116508 2.538622 0.088880 1.665974 1.355938 1.279342 0.864580 0.805334 0.877833 0.133514 0.003276 
3.325043 1.404351 2.269516 0.800091 1.334303 0.992120 0.936776 0.769588 0.205271 0.061040 0.180603 -0.012470 
3.053851 0.717206 2.306637 0.343499 1.261806 0.575424 0.581082 0.721407 0.230879 0.252815 0.032321 -0.104968 
3.059201 0.988560 2.027629 -0.324805 1.401007 0.589322 1.274684 0.623882 0.287873 0.296315 0.003260 -0.054571 
3.037355 0.632572 2.246851 -0.709053 1.746584 0.399754 0.957927 0.487787 0.292211 0.365738 0.314428 0.014914 
2.444288 0.142465 1.480242 -1.460064 1.073790 0.044828 1.085030 0.384830 0.139663 0.298511 0.100295 0.052094 
1.537299 0.532949 -1.188497 -1.375081 -0.232683 -2.165284 0.314485 0.678734 -0.529294 -0.074377 0.035066 0.192624 
2.153928 0.197483 -0.748417 -1.606105 -1.000146 0.016227 0.559125 -0.430651 -0.144170 -0.379071 -0.001533 0.022236 
1.399935 0.172193 -1.293006 -2.005970 -1.182683 -1.280050 -0.275317 0.320751 -0.228648 0.084307 0.045701 -0.108942 
1.906633 0.849195 -0.471537 0.302197 0.197352 0.592236 -0.326986 -0.481120 0.062600 0.221314 0.363482 0.091442 
1.290961 1.534437 1.332668 0.102990 -0.442106 -0.451394 -0.625412 -0.526984 0.170390 0.156767 0.235412 0.061552 
1.460660 1.209488 0.653361 -0.035618 -1.008491 -0.997992 -0.335664 -1.198276 -0.416680 0.006065 0.029343 0.074640 
1.781536 0.917843 -0.145290 -0.939239 -0.764884 -0.887170 -0.134935 -0.270987 0.206991 0.063248 -0.183837 -0.103400 
1.332710 0.890485 0.135922 -0.059804 0.532960 0.314952 0.572452 0.712984 0.002773 -0.291939 -0.161311 -0.210503 
1.583179 1.135490 1.445754 1.051147 1.367205 0.792189 0.560222 0.160992 -0.143981 -0.120932 -0.088019 -0.023567 
3.904193 -0.002808 1.027236 0.642848 0.990477 0.313442 1.817422 0.213572 0.523503 0.434268 0.532422 0.092808 
5.760953 -0.711046 0.515584 -0.197942 -0.275662 0.492888 0.537765 0.157626 -0.180169 -0.045286 0.018374 0.010114 
6.233152 0.621265 0.168050 0.452844 -0.103692 0.310408 0.745449 0.327312 0.241677 0.177935 0.032534 -0.005204 
1.372812 0.831440 1.457640 0.699298 1.117081 0.674003 1.527717 1.439077 -1.429625 0.256522 -0.303643 -0.033777 
0.639405 1.180859 1.250125 1.536317 1.187121 1.643113 1.287943 0.389527 0.007720 0.206551 0.033058 -0.056413 
0.929197 1.273884 0.687409 1.348024 1.963303 1.160017 1.086967 0.708886 0.197900 0.416969 0.119295 -0.095387 
0.899928 0.455700 1.211043 1.815690 1.687114 1.821116 1.084278 0.357045 0.533931 0.045531 0.222386 -0.079012 
1.092943 0.828012 0.776982 1.841133 1.434408 1.323756 0.817913 0.855015 0.552317 -0.031902 0.097129 -0.058250 
0.857355 0.899457 1.769180 1.416937 1.095958 1.237011 0.821916 1.383520 0.496451 0.262327 0.128729 -0.099494 
0.547807 0.902982 1.431190 0.762257 2.075858 1.860353 1.583137 0.444440 0.677422 0.163807 0.027180 -0.072343 
0.710517 1.211853 0.555769 1.622518 1.663942 1.056420 1.526007 1.105028 0.570106 0.377921 -0.016793 -0.122981 
0.668326 1.131759 1.247517 0.991265 1.700415 1.802539 1.274286 0.583370 0.627106 0.227733 -0.030041 -0.057049 
0.625923 0.854154 1.330498 1.907235 1.387884 1.807677 1.652564 0.631848 0.403051 0.461849 -0.081609 -0.042608 
0.804773 0.909907 1.537108 1.206652 1.691805 1.227741 1.135802 0.798054 0.454217 0.389447 0.003323 -0.053425 
0.948636 1.114323 1.462842 1.562884 1.023951 1.041283 1.196218 0.674303 0.391162 0.375921 0.011165 -0.036045 
1.151342 1.143677 1.338004 0.970572 1.731477 0.672639 0.763324 0.827611 0.559794 0.297576 0.169396 -0.072550 
1.771348 0.171711 2.049614 1.391529 0.877281 1.165458 1.050947 1.130260 0.085229 0.270192 0.260528 -0.049551 
1.976726 -0.111440 1.797593 1.670507 1.121451 1.562615 0.638636 0.287232 0.512345 0.257928 0.258372 -0.008625 
4.683311 -1.339432 1.952573 0.590142 1.227784 0.885631 0.124133 0.921588 0.994345 0.210078 0.157853 0.048283 
5.413889 0.754389 -0.434666 1.824185 1.855062 0.214151 0.016666 0.609808 0.701805 0.459186 0.134133 0.007525 
-1.#IND00 -1.#IND00 -1.#IND00 -1.#IND00 -1.#IND00 -1.#IND00 -1.#IND00 -1.#IND00 -1.#IND00 -1.#IND00 -1.#IND00 -1.#IND00 
-1.#IND00 -1.#IND00 -1.#IND00 -1.#IND00 -1.#IND00 -1.#IND00 -1.#IND00 -1.#IND00 -1.#IND00 -1.#IND00 -1.#IND00 -1.#IND00 
