3.049309 -0.651189 -0.306123 -1.731902 0.182976 0.342755 0.445660 0.480074 0.475901 0.790454 0.143901 0.000950 
2.618911 -1.142974 -0.401535 -0.628791 -0.488479 0.514150 0.924919 1.123626 0.526695 0.624140 0.192233 0.032356 
2.383262 -1.375697 -0.591677 -0.714465 -0.158337 0.655888 0.589359 0.064114 0.937210 0.362657 0.175644 0.160485 
3.063482 -1.971082 -1.467261 -0.649528 0.837317 -0.323331 0.786607 0.642936 0.799863 0.065565 -0.096131 0.063907 
3.420288 -1.238577 0.242780 -1.346704 1.191719 0.737839 1.219863 1.166724 0.729689 -0.053315 0.049441 0.068374 
3.453221 -1.382377 0.189970 -0.793637 1.249424 1.155229 1.276350 0.387251 0.269471 0.501363 0.122959 0.023302 
3.235410 -0.012451 1.492150 -0.425806 1.555332 -0.056473 0.950789 0.817981 0.211020 0.591905 0.487238 0.052316 
3.071496 0.070286 1.249715 -0.927968 1.300441 0.949470 1.591320 1.140596 0.359230 0.302851 0.552617 0.037892 
3.309649 0.315163 1.325811 -0.628630 1.303746 1.033694 1.492006 1.037604 -0.011241 0.136971 0.391615 0.064322 
2.966186 0.126271 0.852811 -0.412943 2.051848 0.440515 0.566713 0.414301 -0.353897 -0.080771 0.194271 0.069220 
2.994987 -0.024537 1.078516 -0.679381 0.616750 0.735573 1.816312 0.045565 -0.136404 0.176517 0.144859 0.014467 
3.153189 0.614375 0.428960 -0.506510 1.436174 0.231230 1.588628 0.762139 -0.801937 0.346402 0.204527 0.046250 
3.019767 -0.013438 1.123931 -0.101150 1.349990 1.110022 0.664569 0.216091 0.118936 0.355730 0.252569 0.001875 
3.150294 0.242324 0.727966 -0.955650 0.687904 0.715660 0.363039 0.335043 0.213825 -0.263351 0.260488 0.102325 
3.202141 0.195247 0.520489 -0.238337 0.309951 0.102620 0.864267 0.562297 -0.194927 0.329638 0.188389 0.044986 
3.189489 0.097232 0.749274 -0.325291 1.441962 0.635509 1.094307 0.451220 -0.220574 0.137889 0.207177 0.042214 
3.189898 -0.281481 0.729360 -1.273805 0.967036 1.262739 0.092396 0.405983 -0.143057 0.136907 0.459779 0.069673 
3.037519 0.515639 1.125847 -0.869637 0.700629 1.650688 1.145366 0.083906 -0.075789 0.657457 0.185977 0.010638 
1.770876 0.237746 -0.222236 -1.688168 0.464925 -1.225529 -0.666166 -1.111634 -0.472139 0.015167 0.093767 -0.004117 
1.288108 0.090250 -1.919493 -1.611899 -0.665220 0.334079 1.086499 -0.464322 -0.139338 0.352076 -0.095502 -0.050920 
2.067784 0.559855 1.336381 0.632593 -0.375828 -0.202952 -0.477030 -0.493731 0.012064 -0.434771 0.007617 -0.031416 
1.585090 0.912092 0.425310 -0.012296 -0.992656 -1.515493 -1.469230 -0.648691 -0.119631 0.025207 -0.142406 -0.068245 
1.257677 1.677365 1.555764 0.514865 0.305249 -0.010809 0.086735 -0.522501 -0.284347 0.494922 0.238516 -0.030990 
1.649370 1.277736 1.596482 1.091366 0.509570 -1.158076 -0.269994 -1.178024 0.306140 0.253509 0.123360 -0.022696 
1.736594 1.683454 0.947260 1.043910 -0.004792 -0.351280 -0.635119 -0.592708 -0.029636 0.236327 -0.075183 -0.060325 
1.173091 2.031491 0.872335 0.867336 0.238269 0.873001 -0.124261 -0.307191 0.093191 0.027961 -0.199858 -0.084154 
0.733972 1.316388 1.126195 0.850736 1.260421 0.376809 0.271391 0.033963 0.385285 -0.195836 -0.043776 -0.187760 
1.070065 1.101408 1.167549 1.199890 0.433903 0.774874 0.785712 0.618375 0.347927 0.131567 -0.008989 -0.114401 
2.781181 0.313807 0.723630 1.461797 1.426866 0.441582 0.119292 0.594151 0.297827 0.307004 0.089514 -0.033505 
5.326132 0.388046 0.806777 1.077998 1.441840 0.957948 -0.003548 0.659493 0.561386 0.035481 0.070948 0.044388 
7.258022 2.030046 0.688308 1.480924 1.205900 0.958531 0.853429 -0.168004 0.445239 0.061838 -0.082566 -0.023582 
5.013234 2.971464 1.549738 -0.196512 0.180811 0.745499 0.507387 0.957730 0.884545 0.367344 -0.047732 -0.070911 
2.863024 1.910217 1.982845 2.501759 2.397413 0.827830 0.187937 -0.210038 -0.187487 0.382271 0.384098 0.003317 
1.030012 0.879604 0.154446 0.232627 1.741225 1.807912 1.303478 0.995037 0.477228 0.905855 -0.278337 -0.176385 
1.428620 0.877624 1.855709 0.918268 0.613632 1.627126 1.473071 0.306794 0.816984 -0.006178 0.040692 -0.042919 
1.177206 1.187074 0.575444 1.041832 1.651468 1.709720 1.667041 0.561514 0.425451 0.301526 0.021887 -0.062687 
0.979393 1.086136 1.271812 1.723107 0.685534 1.275594 1.074967 0.628728 0.926881 0.161990 -0.035962 -0.042102 
1.023294 0.788782 0.700892 1.375220 1.776112 2.165547 0.950187 1.117048 0.636872 0.005109 0.249597 -0.065551 
2.142131 0.542463 1.394597 0.983319 2.172832 1.026029 0.357421 0.684948 0.534555 0.471334 0.089680 -0.029289 
1.981801 0.652754 0.987886 1.097110 2.022378 0.420516 1.136844 0.766103 0.900876 -0.013318 0.168038 -0.023976 
2.695374 1.786279 -0.042481 0.741796 2.342669 0.391744 0.870176 0.458313 0.314663 -0.102369 0.235040 0.027809 
3.585148 2.284068 1.915183 1.294268 0.032616 0.304426 0.729116 0.454049 0.834197 0.573947 0.118882 0.027312 
3.810512 1.140515 0.766354 0.177155 1.037340 1.487357 0.603166 0.705190 0.609066 -0.079846 0.159239 0.022185 
3.525192 0.025205 0.947479 0.820600 1.299041 0.352914 1.913245 -0.229445 0.860102 0.217921 0.042198 0.028609 
2.895297 0.420785 0.853759 0.574439 1.663449 1.009584 1.270547 1.144605 1.033843 0.418393 0.024030 -0.094369 
3.234497 1.562590 2.132187 1.043745 0.646704 0.712415 0.603843 0.518793 0.255093 0.380728 0.083974 -0.020435 
2.870506 0.858092 0.967264 2.329149 1.942740 0.536257 0.222994 0.919610 0.562409 -0.298046 0.045540 0.039433 
5.897077 0.003746 1.378325 3.014373 2.273252 -0.426032 -0.320887 1.640294 1.047709 0.484906 0.196143 0.050172 
-1.#IND00 -1.#IND00 -1.#IND00 -1.#IND00 -1.#IND00 -1.#IND00 -1.#IND00 -1.#IND00 -1.#IND00 -1.#IND00 -1.#IND00 -1.#IND00 
-1.#IND00 -1.#IND00 -1.#IND00 -1.#IND00 -1.#IND00 -1.#IND00 -1.#IND00 -1.#IND00 -1.#IND00 -1.#IND00 -1.#IND00 -1.#IND00 
