-0.082870 0.300223 0.058898 0.227728 -0.661625 -0.356167 -0.371488 -0.243021 0.613806 0.206015 0.000906 -0.090597 
0.284263 0.029574 0.215423 0.484398 0.192564 0.047635 0.642641 -0.607227 0.475659 0.393319 0.118210 0.092980 
0.189832 -0.197070 0.241032 -0.380889 0.175744 0.032138 0.199815 -0.372045 0.380072 0.080677 0.257997 0.022691 
-0.182876 0.227703 0.191789 0.064245 0.170020 0.274650 0.207826 0.206232 -0.275288 0.034297 -0.109287 0.099651 
0.019090 0.097328 -0.004659 -0.453844 0.157307 -0.025492 -0.285375 0.056167 -0.039566 0.281222 -0.160804 0.011571 
0.073526 -0.174208 -0.193707 0.408044 0.238723 0.142273 0.333812 0.130227 0.207247 -0.229723 0.318620 -0.041891 
3.267652 1.423736 2.004517 0.597843 0.727521 0.262331 1.080484 0.318561 0.560715 0.559137 0.085383 0.005225 
3.192373 1.252361 1.825519 0.474219 1.817248 0.426390 0.164357 0.957902 0.685172 0.280049 0.165260 -0.001513 
2.987415 1.044343 2.223968 0.521597 0.997450 1.206026 0.797494 0.991259 0.451273 -0.011470 0.067099 -0.013146 
3.105681 1.171335 1.958630 -0.037160 0.774307 1.042259 0.562512 1.140353 0.679973 0.190865 0.227165 -0.012053 
3.178449 0.691347 1.933417 0.407017 1.703114 1.354197 1.267883 1.239941 0.907480 0.057574 -0.044056 0.013688 
3.016390 1.412893 1.864409 0.580873 1.293938 0.802032 0.747065 1.025116 0.431716 0.269453 0.232392 -0.010269 
3.334376 1.445637 1.652163 0.380477 1.532471 0.987144 -0.168404 0.903249 0.573460 0.123319 0.076574 -0.001122 
3.048825 0.906793 2.200232 0.720423 1.033574 1.274071 0.575138 0.748826 0.011023 0.410295 -0.007126 -0.049827 
2.999749 1.380579 1.869906 0.967960 1.364300 1.089018 0.858588 1.075345 0.378076 0.646645 0.056819 -0.003179 
3.146096 1.017561 2.772334 0.125212 1.240166 0.889219 1.652499 0.969501 0.708896 0.518452 0.234296 0.038780 
3.068039 0.988856 1.966996 0.122840 1.130923 1.193239 1.075737 0.923858 1.313203 0.416223 0.197370 0.025596 
3.092449 1.105068 2.013250 0.280862 1.334299 0.815187 0.768509 0.851126 0.272364 0.392836 0.111272 -0.025273 
3.676416 0.778597 1.999484 0.242753 1.491045 0.882560 0.472938 0.792785 0.184392 0.461665 0.122832 -0.053978 
2.010799 0.741728 1.314830 -1.372709 -0.187675 -0.974280 0.251132 0.072569 -0.622523 -0.942490 0.055785 0.058575 
2.578128 0.031410 0.267019 -1.189427 -0.276463 -0.836842 0.247152 -0.293172 -0.070334 -0.180983 0.197509 0.151775 
1.614333 0.134682 -0.435537 -2.028880 -1.194131 -0.576097 -1.019515 -0.130282 -0.280146 -0.106081 0.509088 0.052621 
1.372446 1.392641 0.408670 -0.585552 -0.483818 -0.485277 -0.240263 -0.346244 0.137090 0.520542 0.187531 0.103067 
1.631593 1.597448 0.831517 0.811280 0.126393 -0.451361 -0.198123 -0.302735 0.326239 0.336872 0.025043 0.062192 
1.242158 0.918561 1.033488 0.428047 -0.977728 -1.511328 -0.909145 -0.801246 -0.390200 -0.258272 0.012797 0.115362 
1.520961 0.934681 0.083671 -0.146361 -0.607990 -1.226772 -0.168304 -1.173950 -0.534124 -0.219631 -0.023393 0.015595 
1.690119 1.074248 0.634216 0.261612 0.119408 0.310435 -0.687340 -0.288728 -0.964507 -0.496029 -0.212006 -0.003155 
1.137964 1.060787 1.463963 0.625343 0.214967 0.700508 1.106763 0.725057 0.048803 0.291823 -0.128569 -0.150957 
3.920841 0.535963 1.211661 0.829675 0.068724 0.919160 1.051439 0.684770 0.395997 0.006520 0.160477 0.038414 
5.030116 0.669067 1.072488 0.795622 0.120516 0.669877 0.741104 0.187158 0.143298 -0.019022 0.006114 0.029899 
5.508159 0.929998 1.230364 0.821366 1.031585 0.387099 -0.394244 -0.166241 0.078213 0.229433 0.039220 -0.007658 
6.804573 2.160917 0.360045 0.568622 0.351208 0.302666 1.018985 2.040277 1.036989 0.139202 -0.113748 -0.034352 
0.819619 0.742285 0.692510 1.147627 1.530470 2.103967 1.159928 0.406788 -0.140268 0.094412 -0.041753 -0.042310 
0.782919 1.210988 0.779773 1.034068 1.957800 2.103286 0.797464 0.254371 -0.185531 -0.360120 0.105813 0.059321 
0.786682 1.282095 1.198618 0.693645 1.871480 1.542766 1.384639 0.548337 0.502574 0.281989 -0.091112 -0.049201 
0.656462 1.367508 0.572359 1.026296 1.801973 2.193138 1.209692 0.636333 0.448195 0.432107 0.005644 -0.073257 
0.945912 1.205610 0.957919 1.097007 1.516966 1.777739 1.367301 0.088611 0.571331 0.355739 -0.092136 -0.026746 
0.931541 1.300712 0.943053 1.616699 2.083495 1.745559 1.140002 0.242867 0.724432 -0.025666 0.117541 -0.044287 
0.782445 0.364523 1.406828 2.122068 2.428132 1.478661 0.449941 1.046173 0.472878 0.130883 -0.036009 -0.021470 
0.959528 0.670940 0.807362 1.851917 1.748361 0.888727 1.066791 1.118433 0.579675 0.132437 0.120863 -0.093557 
1.201222 0.657700 1.315478 1.764431 1.491697 1.445186 0.753486 0.572577 0.504800 0.287959 0.042204 -0.033011 
0.981594 0.382468 0.889825 2.270997 2.224475 1.509097 1.270627 0.796305 0.389704 0.476548 -0.060904 -0.024358 
1.361480 0.481534 0.859005 1.711042 1.763807 1.460199 1.070773 1.074405 0.236658 0.109308 0.228310 -0.049928 
1.382673 0.790669 0.870378 1.460960 1.893663 1.457112 0.749692 0.755068 0.569066 0.478238 0.032203 -0.060678 
2.400210 0.176773 1.857211 0.935335 1.130748 1.320904 0.870843 0.136982 0.795098 0.060684 0.266807 0.023135 
2.386729 0.336194 1.805564 0.676598 0.681776 0.816419 0.758015 0.892946 0.593998 0.707330 0.031759 -0.057781 
3.010974 -0.245120 1.701136 1.292931 1.321023 1.239800 0.757314 0.261254 0.280019 0.262606 0.393803 0.024664 
4.055989 0.674034 0.493327 1.337449 0.865123 0.847777 0.709336 0.342521 0.498013 0.424492 0.121329 -0.011396 
-1.#IND00 -1.#IND00 -1.#IND00 -1.#IND00 -1.#IND00 -1.#IND00 -1.#IND00 -1.#IND00 -1.#IND00 -1.#IND00 -1.#IND00 -1.#IND00 
-1.#IND00 -1.#IND00 -1.#IND00 -1.#IND00 -1.#IND00 -1.#IND00 -1.#IND00 -1.#IND00 -1.#IND00 -1.#IND00 -1.#IND00 -1.#IND00 
