4.218681 1.987285 1.821121 0.394961 0.068307 1.235350 0.550390 0.752162 1.161166 0.562342 0.055628 -0.005465 
4.218705 2.520494 2.300301 0.483640 0.049791 0.001876 0.709118 0.286210 0.352194 0.335768 -0.011135 -0.006508 
3.449765 0.780589 0.781139 0.746665 -0.796215 -0.599401 0.167212 -0.052886 -0.788596 -0.975229 0.145997 -0.014176 
3.029693 0.816230 0.547116 -0.670503 -0.252142 0.042336 -0.213382 -0.203458 0.320504 -0.718454 0.235190 -0.001307 
1.816001 0.270338 -0.399159 -0.760092 -1.416618 -0.510979 -1.020111 -0.797300 -0.337121 0.325405 0.005069 0.089642 
1.289697 1.736369 1.528243 0.328830 0.098002 0.100556 -0.288511 -0.400287 -0.171673 0.502265 0.082146 0.074325 
1.800415 1.342645 0.613622 0.348539 -0.493655 -1.067797 -0.603835 -0.336021 -0.255224 0.064321 0.316953 0.058891 
1.424112 1.020471 0.378281 -0.683790 -1.314793 -0.872088 -0.641852 -0.307746 0.018245 0.043221 -0.025902 0.023653 
1.471171 1.032338 -0.215163 -0.995371 -0.549366 -0.511121 0.252250 0.032679 -0.010949 -0.137253 -0.119557 -0.135350 
1.602905 0.984383 0.326018 -0.110573 0.821617 0.237198 0.283065 0.762999 0.402102 -0.447205 -0.057857 -0.161978 
2.939255 0.119363 1.686957 1.086834 0.343321 0.598318 0.741891 0.932560 -0.018424 0.051995 -0.035693 0.005080 
3.065277 0.773610 0.632476 2.026306 1.644242 -0.019582 0.091162 -0.352798 -0.364550 0.195854 -0.125079 -0.041254 
5.826741 2.887676 1.306654 0.264554 0.691770 0.240883 0.810363 0.903790 -0.229909 0.126240 -0.046107 -0.028700 
6.633924 1.635132 0.405034 -0.202656 0.411549 0.227514 -0.044945 -0.238474 -0.185865 0.091940 -0.082787 -0.103408 
1.074099 0.659953 0.454562 0.067745 1.976573 2.089884 1.163349 -0.084888 0.079739 -0.204222 -0.320182 0.014601 
0.883072 1.044793 1.063438 1.321209 1.447391 1.736023 1.419161 0.402019 -0.839732 0.182402 -0.048824 -0.028223 
0.947115 0.956491 0.853817 1.697927 1.294943 1.745126 0.606369 0.521930 0.296994 -0.072560 0.090685 -0.058817 
0.991495 1.107994 0.672342 1.578312 1.552844 1.091453 1.129689 0.779751 0.300199 0.086359 0.158781 -0.085784 
0.923813 1.238934 1.110194 1.414155 1.120842 2.155309 1.207339 0.158897 0.045596 0.368539 0.039284 -0.044279 
0.887248 0.984983 0.997529 1.469360 1.166884 1.702683 1.374102 1.367806 0.104788 0.021757 0.024708 -0.045319 
0.814305 1.030231 1.228875 1.295260 1.883855 2.087123 1.314512 -0.131246 0.832088 0.083403 -0.030766 -0.027015 
0.815117 0.881781 1.653179 1.934958 1.104995 1.834925 0.870170 0.808955 0.086684 0.209306 0.046984 -0.037516 
0.812445 1.254129 1.111406 1.326305 2.028915 1.561206 0.588965 -0.232750 0.807982 0.025861 0.067979 -0.038732 
0.590751 1.252174 0.825202 1.246855 1.963585 1.946265 1.617217 0.700893 0.326515 -0.040566 0.114536 -0.073003 
0.897191 0.915805 1.800143 1.702359 1.642918 0.738248 1.398144 0.984668 0.538033 0.323159 -0.301289 0.034341 
0.768252 0.581919 1.456094 1.388956 1.869655 2.024132 1.072866 1.046987 0.164458 0.232733 0.046937 -0.043064 
0.919603 1.367957 0.750527 1.288225 1.478308 1.336777 0.944043 1.166291 0.363815 0.196564 0.058668 -0.039576 
1.171011 0.516473 0.996449 1.613239 1.363462 2.213833 1.252512 0.693554 0.375081 0.567092 -0.040356 -0.053597 
1.332981 0.648773 0.905579 0.804964 2.072368 0.888209 0.782861 1.273011 1.078086 0.245949 0.077018 -0.100919 
1.600645 0.139432 0.798912 1.289130 1.779952 1.484069 1.660162 1.265428 0.787107 0.128313 0.114553 -0.081233 
3.068091 0.177297 0.952407 0.997117 1.081110 1.557860 1.126417 0.425715 1.082885 -0.129569 0.058761 0.031306 
6.073758 0.122169 0.661384 1.683202 -0.028676 0.687147 1.198267 0.390724 0.278760 -0.022591 0.047382 0.088320 
4.459406 2.533447 0.963679 0.869934 1.097355 0.804421 0.683672 0.376312 0.175735 0.355527 0.324053 0.083037 
4.103846 2.581052 1.043365 0.600846 0.861090 1.202768 1.020933 0.534682 0.439741 0.128884 0.142515 0.020951 
6.118325 3.169223 1.663860 0.975644 1.597351 1.488722 1.475857 1.020615 0.303052 -0.364111 -0.091730 0.029232 
3.398160 2.145958 1.529965 1.118554 1.922480 1.629412 1.580867 0.572429 -0.065604 0.163946 0.161567 0.046031 
3.654990 1.916206 1.568594 1.464260 1.769493 1.948394 1.336269 0.743819 0.335818 0.145542 0.063818 0.029627 
4.223483 1.515250 1.990791 1.023808 1.182972 1.676684 1.463854 1.578119 0.897065 0.192671 0.123840 0.037035 
3.643479 1.726690 2.497893 1.140861 1.538898 1.529436 1.428357 1.079609 0.245960 -0.283163 0.132607 0.046721 
4.173783 1.671097 2.408393 0.189369 0.743601 1.575068 1.124626 0.246923 0.124520 0.415559 0.350183 0.076258 
4.129860 1.738936 3.004276 0.778337 2.086574 1.001669 0.938241 0.391225 -0.019137 0.067852 0.039773 0.015908 
3.968165 1.478659 2.148395 1.447127 0.862061 0.985535 0.584726 0.820147 0.787862 0.040956 0.113046 0.029111 
3.336113 1.812089 2.723464 0.473711 1.203018 0.528260 0.635854 0.540353 0.837141 0.265706 -0.200737 -0.005306 
3.529839 2.246971 2.047689 1.084766 1.247858 0.673226 0.040756 0.740098 0.325231 -0.048763 -0.148004 -0.044779 
3.476719 2.071722 2.812933 1.192286 0.864785 0.381746 0.730502 1.068646 0.258932 0.390895 0.237905 0.030129 
3.542084 1.882168 2.621922 0.709965 1.141328 0.084185 0.805439 0.913305 0.125374 0.213632 0.087536 -0.012211 
3.572669 1.446841 2.891717 0.372202 1.160912 0.467730 0.692820 0.503388 0.209996 0.078750 0.370267 0.067372 
3.325120 1.426282 1.961047 0.770910 1.529040 0.443832 0.774639 0.493139 0.251503 0.113525 0.076200 0.008675 
-1.#IND00 -1.#IND00 -1.#IND00 -1.#IND00 -1.#IND00 -1.#IND00 -1.#IND00 -1.#IND00 -1.#IND00 -1.#IND00 -1.#IND00 -1.#IND00 
-1.#IND00 -1.#IND00 -1.#IND00 -1.#IND00 -1.#IND00 -1.#IND00 -1.#IND00 -1.#IND00 -1.#IND00 -1.#IND00 -1.#IND00 -1.#IND00 
