0.229460 0.260964 0.188180 -0.068146 0.242614 0.239140 -0.163201 0.565721 -0.100334 0.559640 0.044949 0.062271 
0.093107 0.311890 -0.315091 0.224514 0.038551 0.060532 -0.014554 0.498876 -0.014626 0.096375 0.001801 0.055210 
0.048236 0.258111 0.160392 -0.005195 0.019668 0.816945 -0.172894 0.150508 0.170402 0.333661 0.208691 0.028585 
0.041653 0.622533 -0.004003 0.687445 -0.339994 0.093694 0.504139 -0.100916 0.684783 0.423367 0.079692 -0.032484 
0.172543 0.193889 0.306516 0.414077 0.389246 0.055602 0.525266 -0.172019 0.745390 0.573006 0.191024 0.091791 
0.235262 -0.079522 0.625225 -0.261213 0.278101 0.045566 0.242200 -0.489215 0.566991 0.286601 0.315000 0.053502 
-0.014369 0.346981 0.260559 0.372831 0.437778 0.720817 0.669848 0.398183 -0.186294 0.090269 0.064980 0.123261 
-0.074843 0.247548 0.410739 -0.236386 0.401464 0.284131 0.192230 0.546960 0.165227 0.347178 -0.103628 0.105625 
0.348193 -0.010417 0.034794 0.355381 0.519194 0.167823 0.073449 0.374638 0.601667 -0.101076 0.401107 -0.012247 
0.155753 0.259540 0.194859 0.104885 0.503442 0.538587 -0.050926 0.593633 -0.311327 0.226101 0.222118 0.039203 
0.087678 0.367117 0.240726 0.746644 0.344729 -0.312510 -0.096488 -0.173137 0.094911 0.350534 -0.046322 -0.051721 
0.104220 0.033884 0.739308 0.570947 -0.398379 0.256908 1.004394 0.613284 0.012417 0.236557 0.141421 0.015636 
0.162342 0.242415 0.218384 -0.226879 -0.279287 0.286777 0.126827 -0.061217 -0.097661 0.188103 0.061612 -0.067789 
0.169753 0.258341 0.036430 -0.049797 0.555979 0.492197 -0.462549 0.465119 0.051733 0.423967 0.070008 0.102490 
0.084625 0.197686 -0.445719 0.034158 -0.017848 -0.132194 0.133866 0.232845 -0.172885 0.198919 0.014114 0.047834 
0.018209 0.560556 0.226264 0.303934 -0.026288 1.016454 0.057213 0.266023 0.446107 0.266805 0.154838 0.048882 
-0.015028 0.407374 0.223969 0.443197 -0.432432 -0.127009 -0.152491 -0.053175 0.769872 0.317715 0.077351 -0.061380 
0.310879 0.072976 0.278902 0.577705 0.297877 0.148619 0.757981 -0.501081 0.568306 0.476033 0.170811 0.114898 
0.262975 -0.071997 0.407295 -0.169923 0.386096 0.255112 0.416673 -0.158366 0.556761 0.219785 0.346582 0.055449 
-0.084543 0.376752 0.392563 0.291986 0.431498 0.566401 0.505303 0.487304 -0.033165 0.221584 0.021491 0.151353 
0.092973 0.214418 0.156264 -0.263363 0.372887 0.189322 -0.098190 0.234325 0.111174 0.396177 -0.082079 0.042907 
-0.720665 0.366284 -0.060366 0.332902 0.405541 -0.272387 0.157408 0.002461 0.381605 -0.116449 0.202695 -0.015734 
1.520746 1.044774 0.313512 -0.004751 -0.229400 -0.433588 -0.362634 0.406912 -0.434898 0.705108 0.397288 0.115663 
1.550004 1.811883 0.948516 -0.114149 -0.101075 -0.555766 -0.052607 -0.398198 0.041975 0.511103 0.147014 0.047227 
1.239255 1.958114 -0.071506 -0.245487 -0.158040 -1.155010 -1.263223 -0.103113 0.019203 -0.011999 0.092384 0.026809 
1.095147 1.582426 -0.213041 -0.992583 -0.569519 -1.399554 -0.174279 -0.009279 -0.023804 0.104868 -0.314621 -0.137641 
1.112570 1.482174 0.551164 -0.114939 0.481661 0.679511 0.771929 0.530303 0.297018 -0.389709 -0.254050 -0.181070 
1.428200 1.227118 1.043976 0.875416 0.340446 0.394528 1.556633 0.634460 0.860209 -0.241989 0.020686 -0.109802 
3.224504 0.308213 1.255113 0.857945 1.350930 0.299910 0.785701 0.069167 -0.182754 0.014789 0.088216 0.022217 
6.667759 0.726826 1.601083 0.078725 -0.911601 0.335988 0.678096 0.156474 -0.319202 -0.183322 -0.081355 -0.041357 
6.007737 2.756600 0.508506 0.230000 0.378713 0.348178 0.207014 0.302582 0.448325 0.195241 -0.096140 -0.079573 
5.501894 2.288296 -0.317466 -0.831341 -0.107606 -0.298461 -0.251281 0.045434 0.306600 0.290967 -0.135961 -0.105686 
0.817835 1.291363 1.594641 0.678595 1.568847 1.667207 0.979736 1.356718 0.083389 0.368883 -0.362507 -0.024474 
0.743744 1.091543 1.234310 1.264289 1.823381 1.341640 1.541874 0.286486 0.341804 0.092036 -0.006424 -0.015783 
0.444993 1.173837 1.027993 1.114901 2.094741 1.985942 0.863026 1.140915 0.178927 0.247533 0.081141 -0.053121 
0.947841 1.292149 0.599443 1.562850 1.471893 1.450101 0.992745 0.687900 0.146724 0.439366 0.093363 -0.082294 
0.786686 0.512431 1.278407 1.609273 2.492023 1.552816 1.029132 0.450172 0.673457 -0.059846 0.245797 -0.058787 
0.929242 1.057887 0.802551 1.586488 1.629030 1.531284 1.528369 0.416613 0.392942 0.362693 0.131150 -0.085575 
1.160170 0.489847 0.747298 1.945078 2.178095 1.203482 1.326529 0.372599 0.694675 0.153576 0.147863 -0.081085 
0.623107 0.936292 1.861760 1.355294 1.703366 0.947723 1.460173 0.651207 0.040849 0.406443 0.038049 -0.065300 
0.733200 1.147727 1.550185 1.324659 1.141948 1.565453 1.324377 0.823651 0.435333 0.404100 -0.092801 -0.034512 
0.721128 0.971409 1.167040 1.696006 1.401424 1.698760 1.187564 0.856265 0.767589 0.156364 0.163523 -0.098041 
0.579843 0.977507 2.128937 1.645817 0.809839 1.748378 1.270580 0.739211 0.722926 0.287844 0.014853 -0.041918 
0.908311 0.865834 1.309489 1.861583 1.641448 1.279575 0.890384 0.512579 0.510634 0.285127 -0.002395 -0.005063 
1.295715 1.005885 1.298186 1.999515 1.232205 0.414964 0.566267 0.502315 0.879895 0.121701 0.221606 -0.043097 
2.035920 0.203009 0.650746 0.975037 1.452860 1.102979 0.608991 1.261396 0.412836 0.623018 -0.113291 -0.060921 
4.055818 -0.858263 2.038210 0.326707 1.739879 0.157862 1.323654 0.530316 0.754345 0.170948 -0.080670 0.134445 
4.254247 -0.706550 1.534622 0.004956 1.573229 0.790575 2.126407 0.227155 0.510650 0.518421 -0.084514 0.049572 
-1.#IND00 -1.#IND00 -1.#IND00 -1.#IND00 -1.#IND00 -1.#IND00 -1.#IND00 -1.#IND00 -1.#IND00 -1.#IND00 -1.#IND00 -1.#IND00 
-1.#IND00 -1.#IND00 -1.#IND00 -1.#IND00 -1.#IND00 -1.#IND00 -1.#IND00 -1.#IND00 -1.#IND00 -1.#IND00 -1.#IND00 -1.#IND00 
