2.730495 0.876006 2.342074 0.168185 1.095606 1.340275 1.010731 1.003433 0.657486 0.379409 0.074469 -0.002950 
2.829424 1.086873 2.153680 0.786894 1.511079 -0.349654 -0.474452 0.672971 0.302883 0.075507 0.335500 0.008775 
3.572506 1.846219 0.801059 -0.137046 -0.371251 0.167846 0.373280 0.983155 0.195666 0.218088 -0.010446 -0.034380 
1.933538 0.631407 -0.294669 -1.064298 -0.775553 1.262110 0.201777 0.431814 0.040975 -0.548722 -0.346017 -0.160115 
1.565035 0.506403 -0.782561 -1.325971 -2.360051 -0.595490 -0.094198 0.362229 0.177524 -0.339573 -0.239740 -0.079223 
1.494836 0.505030 0.056981 -1.046619 -0.805922 -0.338379 -0.966171 -0.451268 -0.190702 0.159334 -0.012508 0.056919 
1.193525 1.404819 1.409698 0.646138 0.240910 0.367699 -0.228457 0.466032 -0.094151 0.168924 0.110913 0.033910 
1.219615 1.601036 1.058504 0.091871 0.118126 -0.860324 -0.528092 -0.566944 -0.427511 0.106888 0.234052 0.018130 
1.617046 1.297643 0.432684 0.080617 -0.143915 -0.078426 -0.804291 -0.744901 -0.119217 -0.103854 0.136231 0.026553 
1.235813 1.732115 0.939346 0.163140 -0.098168 0.781121 0.268372 0.163202 -0.250144 -0.071629 0.013063 -0.053050 
1.655479 0.571797 1.744434 0.790775 1.223362 0.488109 1.406192 0.743630 -0.252410 0.327537 -0.251615 -0.077721 
3.284833 0.071516 1.041620 0.642477 1.067388 1.059925 0.302618 0.900705 0.850330 0.395211 0.314164 -0.006045 
4.280604 1.139697 0.584542 1.015415 1.064341 1.457953 0.396812 -0.709653 -0.478574 -0.157770 -0.337554 -0.088009 
5.261793 1.849338 0.755441 1.442149 0.976259 -0.313520 -0.353432 -0.205254 -0.238707 -0.242866 -0.336392 -0.127553 
5.604119 3.325287 1.482381 -0.412331 -0.397129 -0.334607 0.009028 0.676330 0.289551 -0.155168 -0.040444 -0.019168 
0.823264 0.958374 2.135731 1.433403 0.829946 0.770089 1.109854 0.725256 0.740759 0.038947 0.053297 -0.102287 
0.814781 0.569448 1.313768 1.306198 1.719029 1.985016 1.355399 0.620814 -0.098023 0.115237 -0.011648 -0.016565 
0.714214 0.908813 1.112705 1.517611 1.855054 1.061314 0.961365 0.946083 0.367357 0.344841 -0.097221 -0.046267 
0.687994 1.137725 1.363873 1.813732 1.147955 1.150232 1.577174 0.490684 0.641885 0.571302 -0.135718 -0.069308 
0.873871 0.954633 1.436161 1.552786 1.438856 1.303302 1.054727 0.723014 0.658921 0.230858 0.072718 -0.069590 
0.411295 0.717191 1.440249 1.740536 1.767940 1.423264 1.276369 1.192667 0.878974 0.213704 -0.047781 -0.074838 
0.920890 0.946480 1.382131 1.570282 1.076711 1.414606 0.662027 0.911287 0.534963 0.148824 -0.077972 -0.026373 
0.832426 0.550080 1.579000 1.232615 1.695240 1.877561 1.063752 0.341595 0.422597 0.098423 0.000474 -0.007036 
0.502159 1.089545 1.417749 1.696693 1.316861 0.814463 1.382716 1.364753 0.922103 0.228615 -0.101213 -0.042910 
0.837191 0.709706 1.377128 1.693102 1.079794 1.589442 1.027873 1.083687 0.708209 0.592296 -0.116019 -0.079089 
0.461421 1.432929 1.300820 1.563993 1.579150 1.279059 1.197678 0.856106 0.706261 0.308919 -0.072986 -0.029432 
0.524176 1.449076 1.442469 1.862215 1.406993 0.759604 1.602766 0.751863 0.705455 0.232531 0.073183 -0.036461 
0.520289 1.842931 1.263924 0.770740 2.161865 1.639342 0.670955 0.693723 0.953653 -0.099624 0.230786 -0.047127 
0.518323 0.993612 2.252491 1.092045 1.545418 0.828822 1.320630 1.651158 0.813579 -0.076045 0.082779 0.002467 
0.608908 1.146972 1.820839 1.182088 0.969145 1.286264 1.920986 0.807196 0.259126 0.309516 0.037651 -0.022929 
2.063247 -0.210975 2.031832 0.123956 1.637180 1.106015 1.464384 0.676724 0.372714 0.225244 0.236620 -0.012361 
3.677930 -0.868644 1.965330 0.213003 1.573695 0.640440 1.102159 0.663926 0.446109 0.575044 0.105686 -0.013711 
4.383728 2.245191 0.372132 0.368627 0.907062 0.716893 0.773776 0.858975 0.643980 0.247303 0.208620 0.032463 
3.690089 3.243898 3.198907 2.740337 1.898273 1.348897 1.004549 0.490093 0.433838 -0.034344 0.212449 0.030353 
4.673512 3.211446 4.424664 3.261885 2.704237 0.559789 1.001654 0.343873 -0.127687 0.535445 0.105224 0.018875 
2.616581 2.208229 1.924626 1.331820 1.022532 1.086622 0.840474 0.376572 0.168643 0.191272 0.040599 0.005911 
3.633658 3.291369 3.203316 2.705039 1.708465 0.780419 0.281093 0.380992 0.129017 0.165473 0.326722 0.055750 
4.032707 3.592971 3.716848 3.498463 2.535468 1.408244 0.869973 0.642848 0.084460 0.178457 0.081296 0.002263 
4.597353 3.823580 4.155233 2.486585 2.177862 1.644282 1.066918 0.504551 -0.065205 0.121218 0.071063 -0.001547 
2.641136 2.244113 1.763588 1.432298 1.176431 0.871460 0.736225 0.603211 0.367214 0.289076 0.172385 0.009792 
2.782421 2.207508 1.726636 1.093876 0.402289 0.097414 0.320511 0.209510 0.221536 0.271840 0.221037 0.014397 
5.301147 2.904247 2.512710 0.102318 0.216602 -0.067639 1.306814 0.446858 0.863012 0.906406 0.373699 0.114622 
5.231171 3.750186 3.641217 1.460284 1.681366 -0.159895 0.709199 1.338044 -0.000470 0.492899 0.130746 0.011208 
3.549196 1.521219 1.856876 0.046534 0.063798 -0.094633 0.489611 0.076027 0.085687 0.196440 0.340066 0.056359 
3.074927 1.470284 1.905255 0.408861 0.632043 -0.027055 0.396546 0.244337 0.303424 0.244270 -0.004766 0.007669 
2.961869 1.491038 1.520009 -0.039693 0.762331 0.845316 0.403506 0.455685 0.186848 -0.131651 -0.004690 -0.004668 
3.057916 1.742958 2.363744 0.676112 1.569246 1.551413 1.359821 0.795937 0.441417 0.490616 0.097613 0.008029 
3.064741 1.033924 2.274004 0.385525 1.571946 1.159906 0.212861 0.918909 0.609560 0.416756 0.418395 0.015214 
-1.#IND00 -1.#IND00 -1.#IND00 -1.#IND00 -1.#IND00 -1.#IND00 -1.#IND00 -1.#IND00 -1.#IND00 -1.#IND00 -1.#IND00 -1.#IND00 
-1.#IND00 -1.#IND00 -1.#IND00 -1.#IND00 -1.#IND00 -1.#IND00 -1.#IND00 -1.#IND00 -1.#IND00 -1.#IND00 -1.#IND00 -1.#IND00 
