1.801240 1.262422 0.129819 0.722702 0.036289 -0.688475 -0.375251 -0.555488 -0.625425 0.185887 0.060800 -0.019353 
3.352513 1.371647 1.626864 0.986269 0.371125 0.036584 -1.356144 -0.686522 0.067449 -0.389024 -0.146100 -0.098231 
2.061392 0.945278 0.438700 -1.627291 -0.215468 -1.098856 -0.964406 -0.045073 0.047858 -0.187050 0.078915 0.022413 
1.140681 1.264043 1.676345 1.463601 0.535266 0.313179 0.664900 0.315022 0.269290 -0.156006 0.144323 0.004651 
1.184510 1.707492 1.313093 0.333148 -0.953409 -0.911527 -0.343473 -0.423156 0.296722 0.031519 0.229388 0.074245 
1.363122 1.617856 0.767731 -0.516402 -1.047712 -0.916868 -0.343347 -0.580016 0.107764 0.298675 0.232539 0.030716 
1.697431 1.438675 0.074766 -0.409381 -0.839812 -0.937637 -0.713767 -0.341421 0.139429 0.162450 0.114772 -0.051069 
1.430504 1.115094 0.992502 -0.077791 -0.527704 -0.532060 0.138340 0.281078 0.215024 -0.003604 -0.150920 -0.090554 
1.164631 1.214492 0.732315 -0.007361 -0.751197 0.290295 0.770525 0.777600 0.438381 -0.043404 -0.184711 -0.151651 
1.229735 1.003502 1.230182 1.031229 0.812906 0.790270 0.995980 0.411454 0.368563 -0.151206 -0.092335 -0.089482 
2.571692 0.713996 1.280524 0.543186 1.418795 0.733714 0.987203 0.616791 0.168327 0.427442 -0.315130 -0.007302 
7.343718 1.989535 1.333418 0.902459 0.426161 -0.439250 0.214861 0.724998 0.135509 -0.178348 -0.087674 0.002306 
6.578913 4.003254 1.196460 -0.725187 -0.612848 -0.462142 -0.235593 -0.286290 0.378910 -0.098922 -0.094552 -0.058186 
5.611909 3.377513 1.403149 -0.844200 -0.123549 0.105440 -0.349262 0.185086 0.100604 -0.300880 -0.202129 -0.081572 
4.613366 2.907228 1.460260 -0.026337 0.066929 0.237441 0.023869 0.099134 0.656528 0.265972 -0.094419 -0.059712 
0.909313 0.654732 1.075830 0.756818 1.291462 2.396138 1.066722 1.211637 0.563005 -0.118917 -0.072295 -0.097973 
0.704825 0.646395 0.942189 1.219539 1.953167 1.909817 1.363674 0.776013 0.310074 0.120143 -0.090259 -0.031734 
0.715099 0.675879 1.446135 1.754930 1.822518 1.703264 1.111547 0.680896 -0.148850 0.451836 0.071498 -0.049524 
0.228456 1.309133 1.166050 2.090524 1.268850 2.219098 1.475734 1.120503 0.197047 -0.060611 0.038570 -0.001053 
0.348280 1.173056 0.913181 1.884437 1.933260 0.742299 2.024318 1.258746 0.602529 0.150851 -0.016768 -0.070861 
0.209646 1.181336 1.884986 1.721623 1.931551 1.326279 1.328236 0.357711 0.502611 0.238064 -0.063414 -0.006837 
0.656554 1.222390 1.530070 1.617665 1.188073 1.429502 1.419923 0.994585 0.267952 0.447320 -0.078522 -0.047453 
0.923674 0.883839 1.580304 1.661509 1.919972 1.049689 1.321142 1.408445 0.062339 0.185861 -0.137955 0.037325 
0.261927 1.080144 1.710369 1.924893 1.712120 0.930604 1.642963 1.376935 0.499599 0.256755 -0.007225 -0.031562 
0.485952 1.034818 2.033294 1.861220 0.732812 0.983572 1.279108 1.160493 0.729608 0.432672 0.098910 -0.115950 
0.752872 1.080102 1.601685 1.317715 0.996237 1.031562 1.439334 0.744300 0.686204 0.477066 0.069727 -0.106813 
0.629285 1.280493 1.483948 1.737310 1.582971 1.268375 1.008183 0.843061 0.800318 0.287030 -0.083770 -0.012434 
0.749495 1.295390 1.848427 1.576118 0.983526 1.298844 1.239820 0.661970 0.815294 -0.012845 0.141594 -0.029129 
1.130299 0.791063 1.306844 1.860401 1.469587 0.966121 0.647842 1.219639 0.189528 0.445011 0.108852 -0.044109 
2.027655 0.060035 0.888044 1.231499 1.790187 1.128746 1.103429 1.341354 0.419299 0.156267 0.087717 -0.019181 
2.313987 0.107238 0.928718 1.423851 1.325592 1.312185 0.523802 1.099762 0.712530 0.096583 0.199118 -0.016316 
4.611876 -1.072625 2.084993 0.065119 1.807910 0.447372 0.852002 0.983612 0.183875 0.348859 0.132759 0.025134 
6.279229 -0.059166 -0.439314 1.591680 1.094117 0.741610 1.255471 1.196402 0.511876 0.099493 0.160474 0.081579 
4.744846 3.432904 3.655321 3.459691 1.880150 0.028828 0.684992 1.427262 0.326158 0.236025 0.126867 0.070397 
3.517013 2.896913 3.262509 2.442307 2.437326 1.920048 1.458504 1.138659 0.749242 0.212325 0.154488 0.052942 
3.542847 2.076725 2.739625 1.324449 1.713501 1.826377 1.136640 0.389557 0.515888 0.682271 0.284915 0.056180 
3.078123 1.690841 2.006553 0.786531 1.613751 1.079700 1.175938 1.661615 0.629706 0.536027 0.275801 0.001680 
3.082909 1.811532 2.119246 1.053936 1.635246 0.691361 0.683327 0.918252 -0.058845 0.439942 0.425312 0.017672 
3.494575 1.315691 2.577715 0.396739 0.932821 0.779744 0.744303 0.841096 0.389842 0.033179 0.290889 0.052818 
3.265216 1.462339 1.807852 0.281561 1.652111 1.624071 1.054642 1.192871 0.591028 0.151169 0.103427 0.008439 
2.996018 1.432636 1.870512 0.312678 1.438886 0.619509 0.467403 0.569776 0.448853 0.776978 0.334646 -0.002857 
3.141989 1.689565 1.590221 0.712037 1.106926 0.837522 1.397239 0.837617 0.547370 0.369210 0.333118 0.021994 
3.216189 0.816385 1.471183 0.322472 1.854292 0.891259 0.560904 1.122958 0.632601 0.207959 0.233432 0.035149 
3.671325 0.616645 1.505957 0.645477 1.587103 1.139582 0.479602 0.730189 0.515034 0.647560 0.317209 0.011835 
3.564692 1.141721 1.593348 0.379685 2.315449 -0.130861 0.555911 0.459247 0.354125 0.404597 0.212058 0.042804 
3.470176 0.929189 1.833001 -0.627442 1.264096 0.839914 0.570705 0.521198 0.270047 0.219079 0.083567 0.011964 
3.344950 1.077789 1.546343 0.790534 1.143923 0.067578 0.983022 0.184624 -0.492406 0.430296 0.165879 -0.006194 
3.376540 0.637627 1.538639 0.291847 1.052453 0.313741 1.006529 0.514146 -0.075011 0.516221 0.500628 0.057640 
-1.#IND00 -1.#IND00 -1.#IND00 -1.#IND00 -1.#IND00 -1.#IND00 -1.#IND00 -1.#IND00 -1.#IND00 -1.#IND00 -1.#IND00 -1.#IND00 
-1.#IND00 -1.#IND00 -1.#IND00 -1.#IND00 -1.#IND00 -1.#IND00 -1.#IND00 -1.#IND00 -1.#IND00 -1.#IND00 -1.#IND00 -1.#IND00 
