0.113561 0.098623 0.164044 0.235777 0.210507 -0.132782 0.340256 -0.346959 0.602399 0.459574 0.120835 0.064917 
0.191325 -0.153429 0.526943 -0.398856 0.138712 -0.099901 0.101653 -0.620009 0.460607 0.209052 0.265890 0.033120 
-0.086508 0.235132 0.115071 0.210652 0.243471 0.508405 0.449026 0.187162 -0.372390 -0.054479 -0.032315 0.085355 
-0.184018 0.082506 0.181492 -0.508002 0.090531 -0.039087 -0.126936 0.240412 -0.082221 0.148880 -0.238325 0.056635 
0.265097 -0.158311 -0.159052 0.099501 0.230308 -0.129950 -0.214000 0.101708 0.373720 -0.274898 0.292107 -0.058334 
0.060833 0.101778 -0.018013 -0.125709 0.235100 0.261990 -0.334495 0.322193 -0.530798 0.049801 0.097387 -0.011119 
0.008622 0.257420 0.085646 0.573048 0.163453 -0.492197 -0.267831 -0.334910 -0.055816 0.234117 -0.130509 -0.087481 
-0.022016 -0.163701 0.487974 0.270303 -0.741745 -0.131751 0.627656 0.302927 -0.279415 -0.008816 -0.011416 -0.045739 
0.075190 0.105191 0.034734 -0.434676 -0.511119 0.049632 -0.106733 -0.259691 -0.264016 0.058320 -0.020350 -0.100401 
0.066383 0.098289 -0.189555 -0.314490 0.255350 0.196075 -0.763299 0.180777 -0.176477 0.253449 -0.047641 0.055086 
0.041639 0.137022 -0.528021 -0.067637 -0.132249 -0.238498 0.034803 0.135396 -0.261635 0.138493 -0.025622 0.030455 
-0.054529 0.445347 0.071948 0.112569 -0.263244 0.773032 -0.177940 0.054376 0.277945 0.141035 0.066629 0.013852 
-0.084420 0.298922 0.056672 0.224609 -0.663052 -0.360911 -0.374712 -0.245181 0.611796 0.205200 -0.000317 -0.091194 
0.284135 0.030145 0.215940 0.484178 0.191927 0.046711 0.643445 -0.607333 0.474665 0.393467 0.118597 0.092803 
0.190088 -0.197438 0.239930 -0.381718 0.175176 0.031512 0.199354 -0.373246 0.380089 0.080685 0.258209 0.022731 
-0.181494 0.228188 0.194391 0.067609 0.173000 0.279068 0.210093 0.209147 -0.273626 0.036396 -0.108251 0.100346 
0.017938 0.096576 -0.007193 -0.454842 0.156528 -0.027324 -0.288496 0.054657 -0.040430 0.279394 -0.161863 0.011124 
3.816692 2.109212 1.924913 0.937861 1.455306 1.031999 0.597267 0.484689 0.346662 0.380547 0.514313 0.099485 
3.763838 2.302555 2.218702 0.745034 1.252537 1.021275 1.217589 0.840448 0.128703 0.575158 0.622384 0.120346 
3.785014 2.020090 2.041086 0.390186 1.012256 1.160345 0.551926 0.474442 0.023519 0.352043 0.276825 0.050698 
5.578883 0.346808 0.766369 0.041279 -1.535121 0.287947 0.319070 0.258901 -0.349475 -0.004197 0.039594 -0.027546 
4.074136 0.324253 1.395559 -2.139396 -0.947127 -0.562254 -1.080247 0.058499 0.885095 -0.251173 -0.107163 0.061457 
3.650539 0.536307 -0.748905 -1.697046 0.464070 -0.813602 0.044853 -0.256045 2.525477 0.599688 0.039997 0.058446 
1.252597 1.495395 0.891137 1.660911 0.492028 -0.008179 0.474520 0.052715 -0.056889 0.341525 0.038293 0.009405 
1.448321 1.109246 1.212119 0.241145 -1.529259 -0.078719 -1.355526 -0.284116 0.035129 0.415001 0.289669 0.052266 
1.600553 1.163360 0.591321 0.423699 -1.158799 -0.906246 -1.214500 -0.288837 -0.159408 0.127053 0.196699 -0.011944 
1.621420 1.757030 0.511475 -0.311733 -0.743770 -0.111480 0.103602 -0.744160 -0.122511 0.022656 -0.046441 -0.064946 
1.513997 0.922857 0.731471 0.107956 -0.257670 -0.346820 -0.101237 0.359435 0.296948 0.223176 -0.245128 -0.183989 
1.252039 1.441004 0.800076 0.061283 -0.031663 0.284797 0.424562 0.823228 0.388148 0.057266 -0.257042 -0.160964 
0.916390 1.968938 0.413509 1.428713 0.179628 0.717709 0.868394 0.120660 0.353719 -0.157446 -0.302713 -0.112351 
0.905075 1.433048 1.095521 0.653378 1.478438 1.840999 0.946631 1.073883 0.377467 0.358325 -0.165968 -0.005011 
3.198277 1.849872 0.900940 0.661883 1.066904 1.069048 0.594267 0.317252 0.547928 0.312710 0.056644 0.015185 
4.779204 2.744502 1.637095 0.371987 0.295997 1.036799 1.314946 2.224053 1.080423 0.464132 0.134375 -0.008395 
5.030303 3.644916 2.669325 -0.041364 0.153373 0.463078 0.484561 1.050006 1.079146 0.388335 0.217238 0.026648 
1.059674 0.879569 1.000926 0.077477 -0.015119 -0.146888 -0.429875 -0.497846 -0.141063 -0.144573 -0.097018 -0.001914 
0.765663 0.762437 1.302192 1.449488 0.776613 1.767003 1.668723 0.587535 0.241044 0.335746 -0.161563 -0.102958 
1.028979 0.829990 1.395922 1.416913 1.539991 1.778832 0.981636 0.771562 0.008008 -0.049059 0.104787 -0.006670 
0.868111 1.002970 0.959540 1.597602 1.045380 2.060192 1.174445 0.846379 0.015567 0.045284 0.271793 -0.084598 
0.842161 0.830746 0.959693 1.502345 2.397241 1.570716 0.711713 1.126416 0.609368 0.378000 -0.117242 -0.042954 
0.425715 1.460788 2.054862 1.220364 0.892162 1.509082 0.638724 1.301870 0.436408 0.425575 -0.066047 -0.047041 
0.612034 0.911385 0.989022 1.406249 2.317014 1.157048 1.442253 0.908665 0.674745 0.359549 -0.026731 -0.091938 
0.926589 1.069753 0.311947 2.337880 2.330585 0.703303 1.552534 0.748638 0.353156 0.602793 0.105061 -0.087867 
0.996554 0.675720 0.560364 1.519207 2.465744 0.500244 2.048748 0.981048 0.482897 0.073441 0.077475 -0.067967 
0.953667 1.019845 1.489300 1.062784 1.695897 1.216174 0.687809 1.061555 0.624464 0.152698 -0.037645 -0.039791 
1.265925 0.328843 1.533003 1.471697 1.678613 1.451373 1.189946 0.560057 0.510307 0.212939 0.163448 -0.041661 
0.542821 0.812525 1.405496 2.229339 1.164555 1.533718 1.626331 0.794186 0.558279 0.110409 -0.078869 0.017843 
0.964863 1.110094 1.504410 1.073928 1.309051 1.470306 1.283447 0.528729 0.431322 0.538369 0.015301 -0.053951 
1.186066 0.815022 1.756559 1.839272 0.819501 1.008549 1.184954 0.665255 0.758754 0.201676 0.072109 -0.030207 
-1.#IND00 -1.#IND00 -1.#IND00 -1.#IND00 -1.#IND00 -1.#IND00 -1.#IND00 -1.#IND00 -1.#IND00 -1.#IND00 -1.#IND00 -1.#IND00 
-1.#IND00 -1.#IND00 -1.#IND00 -1.#IND00 -1.#IND00 -1.#IND00 -1.#IND00 -1.#IND00 -1.#IND00 -1.#IND00 -1.#IND00 -1.#IND00 
