2.249391 0.546169 0.148592 -0.866598 1.046407 -0.357976 0.611449 0.424581 0.937086 -0.084857 -0.666938 -0.105208 
2.079016 1.401857 0.796831 0.433304 -1.017381 0.280304 -0.173026 0.992444 1.431497 0.187218 -0.342548 0.048763 
1.326112 1.409785 1.826861 1.322127 0.452700 -0.205151 0.108043 0.479757 0.790325 -0.030068 0.162019 0.012229 
1.425280 2.027971 1.470813 1.161462 -0.858268 0.015748 -0.022604 0.086535 0.312737 0.178927 0.204540 -0.016208 
1.380955 1.285084 1.872950 -0.306494 -0.166021 -0.716385 -0.705104 -0.497109 0.387639 0.220682 0.226557 -0.042194 
1.407669 1.371525 0.989098 0.338612 -0.410458 -0.536289 -0.396330 -0.307176 -0.028209 0.343507 -0.052313 -0.068127 
1.237352 2.010220 0.970853 0.380385 0.000812 -0.329697 0.056637 0.090944 -0.004568 0.046121 -0.064891 -0.076927 
1.580237 0.781596 0.306719 1.384174 -0.255415 -0.287068 0.553065 0.316707 0.173488 -0.054200 -0.101722 -0.141096 
1.137575 1.377897 1.021618 0.594637 0.316874 -0.028451 0.752765 0.616046 0.416418 -0.188639 -0.199887 -0.182451 
0.884251 1.122242 1.360392 1.399021 0.916390 1.087917 0.678660 0.412431 0.117074 -0.355018 -0.141440 -0.084576 
2.979061 0.633604 0.965816 1.244914 1.129351 0.603980 1.508625 0.757002 0.714143 0.214711 -0.033910 -0.017773 
4.141646 1.332245 0.839258 0.523032 0.612270 0.646244 0.535213 0.073877 0.353045 0.560992 0.073086 -0.011856 
5.121115 2.883091 2.021650 -0.017418 0.980899 1.027683 0.268813 0.219146 0.249677 0.240746 0.154288 0.040795 
5.200423 3.178204 1.483433 0.272076 0.425076 -0.056709 0.349359 0.535260 -0.144842 0.165623 -0.115726 -0.052615 
1.466520 -1.482487 0.499268 2.839788 0.431379 -0.215729 -0.106834 -0.830869 -0.523780 -0.245825 -0.145473 -0.021806 
0.662061 1.200059 1.255921 1.869297 0.971443 1.136434 1.075012 0.883643 0.314191 0.067441 -0.093675 -0.055721 
1.092144 1.181495 1.309455 1.144738 1.668128 1.819153 0.548522 -0.184824 0.636210 0.248640 0.080446 -0.052664 
0.836815 1.061042 1.459427 1.627779 0.932142 0.844159 1.132075 1.039213 0.584397 0.327742 -0.033464 -0.073759 
0.649454 1.256375 1.069314 1.479400 1.607667 1.041451 1.106518 0.895223 0.621345 0.623258 0.007605 -0.110262 
0.666777 0.826998 1.697918 1.700701 1.719422 1.276346 1.205634 0.916503 0.301259 0.288831 0.060455 -0.044072 
0.415510 1.273648 1.463432 1.926653 2.221553 1.046927 0.946979 0.839880 0.565536 0.328538 -0.088986 -0.010747 
0.791002 0.560326 2.102990 1.208769 1.420016 0.973795 1.359208 0.491214 0.710192 0.215925 -0.054681 -0.045338 
0.721626 1.170259 0.880295 2.039284 1.606513 1.363685 0.829910 1.421462 0.534521 0.116183 -0.042646 -0.030769 
0.636274 1.292518 1.277534 1.355989 2.081870 1.245269 1.427765 1.015992 0.351060 0.170447 -0.047967 -0.014810 
0.731571 1.277055 1.877022 1.074398 1.036134 1.313708 1.318840 0.746591 0.687391 0.464954 -0.249504 0.018623 
0.353678 1.700984 1.983542 1.313155 1.666482 1.174357 0.980855 1.060696 0.693408 0.187130 0.027733 -0.024269 
0.708234 1.489653 2.043793 1.147760 1.020319 1.542078 1.818529 0.386115 0.501163 0.123546 0.263922 -0.082098 
1.062289 0.494005 2.095547 1.059190 0.952744 1.371225 1.659497 1.029577 0.585982 -0.042057 0.034829 -0.005882 
1.138944 1.050139 0.846621 1.436262 1.105048 1.352907 1.320097 0.792680 0.964600 0.170732 0.185617 -0.087321 
1.823208 0.301827 1.215269 1.463930 1.594810 0.774699 1.167365 0.625819 0.620043 0.322741 0.041191 -0.022543 
2.076073 0.412235 0.538746 1.827270 1.825109 0.759919 1.140212 0.907284 0.192532 0.099378 0.144632 0.025141 
5.268243 -1.578196 2.084419 -0.306823 1.841847 1.151340 0.470801 1.219951 0.713627 -0.066024 0.026145 0.118297 
5.388800 1.688500 -0.616001 0.466054 1.275552 0.520550 0.474408 1.021924 0.978989 0.169559 0.109577 0.046779 
3.600701 2.838426 1.867499 0.999814 0.590936 0.703266 1.086658 1.071189 0.646487 0.249835 0.043168 0.004473 
4.976714 4.393116 4.176071 3.134145 1.607899 0.183903 0.078093 0.051064 0.165120 -0.033914 0.160733 0.080917 
3.457515 2.681995 2.629347 1.940278 2.084774 1.964130 1.444735 1.272944 0.467288 0.182675 0.133819 0.041374 
3.593473 3.065044 3.012107 2.905755 2.174263 1.692066 1.140499 1.265605 0.860180 -0.060830 0.079977 0.030911 
3.761585 1.705718 2.982284 1.660392 2.045811 1.767264 1.100817 0.636857 0.915576 0.268406 0.275320 0.089786 
3.977101 2.752754 2.925386 2.062222 2.121557 1.253972 1.160058 1.329862 -0.047799 0.240791 0.337100 0.067368 
4.398001 2.822106 3.297079 1.567703 1.865503 1.336910 1.592085 1.672728 0.722033 0.210442 0.216577 0.056074 
3.254515 1.595733 2.413223 0.299676 1.076341 1.115271 1.538323 0.499454 0.721284 0.669097 0.367892 0.052523 
3.312666 1.373743 2.608848 0.130560 2.078796 2.143163 1.252043 1.199490 0.831029 0.497860 0.155118 0.036403 
3.626732 1.248361 1.493687 0.269779 1.865751 0.946149 1.765581 0.868461 0.029448 0.436473 0.206759 0.039832 
3.604298 1.301552 1.663322 -0.046952 1.563342 1.984923 1.332282 0.963524 0.328686 0.494776 0.148278 0.000094 
3.358352 1.386758 1.500792 -0.287067 1.952789 1.702177 1.594732 0.978059 0.099810 0.520049 0.080829 -0.007042 
3.317579 1.480847 1.893054 0.734737 1.134942 1.700172 1.286025 1.112564 0.276267 0.375271 0.131686 0.008707 
3.140917 1.121965 1.791013 -0.126371 0.492211 1.108067 0.880150 1.007691 0.170921 0.367589 0.144081 -0.044634 
3.056828 0.677567 1.548314 -0.437506 1.157893 0.132853 0.019043 0.834787 0.312651 0.167261 0.213306 0.009716 
-1.#IND00 -1.#IND00 -1.#IND00 -1.#IND00 -1.#IND00 -1.#IND00 -1.#IND00 -1.#IND00 -1.#IND00 -1.#IND00 -1.#IND00 -1.#IND00 
-1.#IND00 -1.#IND00 -1.#IND00 -1.#IND00 -1.#IND00 -1.#IND00 -1.#IND00 -1.#IND00 -1.#IND00 -1.#IND00 -1.#IND00 -1.#IND00 
