2.191140 0.579643 2.162544 0.334790 1.309622 1.362710 0.207583 0.492585 0.090208 0.438780 0.073636 -0.006199 
2.198396 1.159635 2.555572 0.493618 1.389281 0.027295 0.281088 0.437209 0.305417 0.408355 0.345959 -0.023085 
2.259711 0.619894 2.178772 -0.042044 1.170682 0.347709 0.835209 0.516774 0.157860 0.015457 0.236566 0.000277 
2.101148 0.562995 2.216978 0.111618 2.057484 1.333697 0.749055 0.844337 -0.008115 0.187796 0.064009 -0.007282 
2.388381 0.837982 2.082655 0.834020 1.919616 0.703605 1.289620 1.071235 0.234437 -0.059429 0.230518 0.031113 
2.066928 0.631737 2.082894 0.789910 1.758855 0.646808 0.947670 0.709582 -0.018252 0.443768 0.051957 0.002754 
2.081072 0.552304 2.143714 0.199071 2.316283 0.416202 0.857042 0.847318 0.262426 0.204233 0.165678 0.018574 
2.094968 0.650322 1.721254 0.234248 1.487975 0.917172 0.514725 0.834782 0.218149 0.580712 0.023958 0.001094 
2.195799 0.637724 1.833953 0.792144 1.557882 1.674737 1.211626 0.395131 0.807604 0.671657 0.145773 -0.017210 
2.349062 1.076416 2.278785 0.303114 1.563616 1.227630 1.058315 0.958448 0.895134 1.056361 0.213382 -0.023612 
2.320252 0.723154 2.567122 1.059902 1.387039 1.047819 0.550484 0.828927 0.346503 0.398384 0.144508 -0.023656 
2.095700 0.502550 2.224999 0.628625 1.708308 0.553463 0.955602 0.678957 0.070696 0.091817 -0.131011 0.044309 
2.201473 0.117583 2.192656 0.337930 1.271973 0.619161 0.560033 0.751724 0.435851 0.231420 -0.080495 0.026831 
2.219142 0.717294 2.623555 0.646850 1.799168 1.324891 1.359942 0.961223 0.495974 0.419363 0.221412 0.021210 
2.277031 0.676608 2.384716 0.637188 2.365495 0.614639 1.264369 1.133188 0.354389 0.382484 0.286356 0.012373 
2.319332 1.395047 2.507988 0.950966 1.845085 1.531821 1.063494 0.832201 0.656796 0.521589 0.351807 0.016757 
2.444599 1.095205 2.621379 1.187407 1.990162 1.367614 0.919588 0.770415 0.626277 0.649899 0.066375 -0.010135 
3.162722 0.190919 1.808112 0.229462 1.154750 0.430718 1.136784 0.633037 0.226669 0.310186 0.342567 0.034301 
1.985970 0.493049 1.736343 1.124629 0.806464 0.574452 0.586626 0.771731 0.387058 0.631696 0.003910 -0.048973 
0.938711 1.093450 1.250508 1.431613 1.753311 1.043409 1.263082 0.509704 0.337140 0.488151 -0.129617 -0.017003 
0.845254 1.250089 1.036557 1.599253 1.457440 0.563359 1.357393 0.855921 0.192469 0.118126 0.013220 -0.082760 
0.835199 1.680242 1.317166 0.921278 1.860044 0.529053 1.065498 0.767322 0.212830 -0.175465 -0.183367 -0.011778 
0.883485 1.072268 1.889495 2.328776 1.561880 0.292166 -0.256441 -0.287728 -0.477348 0.240961 -0.099890 -0.070851 
1.308485 1.270231 0.795078 1.414156 0.814756 0.111494 0.289603 -0.259913 -0.920361 -0.367373 -0.182177 0.055855 
1.779505 1.048802 0.953536 0.957869 0.632172 -0.168428 -0.193782 -0.529515 -0.384572 -0.857501 0.104396 -0.008556 
1.139600 1.250578 0.941393 0.782469 0.402568 -0.666315 -0.752427 -1.157560 -0.932155 -0.293325 -0.207336 -0.067523 
1.270405 1.301306 0.946243 0.428947 -0.504965 -1.110820 -1.471225 -0.857543 -0.631440 0.063721 0.137447 -0.059117 
1.435548 1.415390 0.759024 0.768504 -0.075380 -0.612781 -1.193974 -0.772461 0.058490 0.084071 0.278557 -0.027077 
1.423522 1.213379 0.935085 0.775201 0.636452 0.291823 0.121624 -0.035481 -0.228339 0.390877 -0.030821 -0.032872 
1.653144 1.139495 0.700890 0.540387 2.000355 1.129778 1.184368 0.307325 0.390534 0.169170 0.017053 -0.016578 
1.050897 0.413384 2.219839 1.743898 1.012783 0.709111 0.828628 0.658614 0.981367 0.174670 0.222295 -0.082532 
0.762636 1.381903 1.214669 1.491100 1.327320 0.878370 1.460069 1.119036 0.966779 0.173719 0.021041 -0.051327 
0.460800 1.181760 1.703862 1.645967 1.540039 1.060543 0.811626 1.070661 0.671965 0.176335 0.096680 -0.054463 
0.675143 0.939258 0.964059 1.862740 2.186849 1.154133 1.876058 0.319359 0.743316 0.349686 -0.005021 -0.054585 
1.114001 0.875615 1.363828 1.705168 1.056554 0.759093 0.604849 0.976455 0.625092 0.280017 -0.102142 -0.025037 
2.125452 0.020834 1.357227 1.275886 0.846474 1.941557 0.536476 0.769323 0.210856 0.598139 0.089479 -0.076760 
5.694321 -0.418959 1.388837 0.674977 1.145178 0.631873 0.907714 0.231835 0.605859 0.187323 0.019685 0.110880 
6.147887 1.365476 -0.312511 1.319382 1.523293 0.324309 0.323405 0.875423 0.689105 0.531098 0.201209 0.023530 
7.731546 2.609111 -0.781358 -0.436024 1.395339 1.660706 0.198557 0.075394 0.358133 0.408308 0.329776 0.103766 
3.572933 3.052512 2.258410 1.277469 0.508577 0.164832 0.310117 0.583852 0.545965 0.399444 0.191469 0.032208 
3.231645 2.816159 2.355438 1.702484 1.042129 0.472055 0.182460 0.129044 0.284654 0.392743 0.342241 0.039761 
3.410040 2.983641 3.045445 2.637037 2.139616 1.517377 1.180597 0.727471 0.250679 0.190076 0.044793 0.008727 
3.100790 2.282959 2.968928 1.757681 2.469244 1.505023 1.202005 1.396493 0.505699 0.060557 0.147243 0.028610 
2.295797 1.630352 2.467451 0.949096 1.313191 0.912424 0.975324 1.124880 0.525272 0.146117 0.288945 0.000169 
2.682923 1.415027 2.714367 0.837140 2.015140 1.531801 1.317768 0.382925 0.727317 0.655600 0.320040 0.042272 
2.712986 1.555909 1.987232 1.219207 2.130852 0.952705 1.244109 0.923603 0.496530 0.478501 0.238691 0.011621 
2.204648 0.811386 2.041457 1.055546 1.041282 0.859776 0.555660 1.007432 0.255276 0.521195 0.240232 -0.021108 
2.487369 1.357883 2.780308 1.711857 1.636536 0.598369 0.622942 1.392490 0.601136 0.342403 0.279373 0.038134 
-1.#IND00 -1.#IND00 -1.#IND00 -1.#IND00 -1.#IND00 -1.#IND00 -1.#IND00 -1.#IND00 -1.#IND00 -1.#IND00 -1.#IND00 -1.#IND00 
-1.#IND00 -1.#IND00 -1.#IND00 -1.#IND00 -1.#IND00 -1.#IND00 -1.#IND00 -1.#IND00 -1.#IND00 -1.#IND00 -1.#IND00 -1.#IND00 
