3.220657 0.939012 1.021856 0.207727 1.560305 1.697848 1.174419 1.391206 0.340038 0.309685 0.215498 0.005160 
2.865798 0.337063 0.762870 -0.858649 0.775214 1.175043 0.445010 0.498226 0.365627 0.045759 0.173207 0.018465 
2.884430 0.323637 0.753634 -0.905386 0.966609 0.762902 0.275388 0.497001 0.381915 0.560724 -0.094572 -0.018396 
3.156368 0.426388 1.859501 -0.782203 0.549479 0.785822 0.819228 1.235611 0.339041 -0.005811 0.150904 -0.001063 
3.026615 0.558092 1.229234 -0.585871 0.822823 -0.558303 -0.247804 1.269767 0.832008 -0.401454 0.122984 0.012851 
3.113243 0.389460 1.169824 -0.997991 1.119725 0.963989 0.878875 0.482712 0.465864 0.009606 0.055568 0.024144 
2.858938 0.587587 0.758357 -0.164128 1.519223 1.267575 0.775490 1.279008 0.635930 -0.076500 -0.087672 -0.026281 
2.947263 0.511385 0.992360 -0.124553 1.018105 1.034958 0.948816 0.292341 0.389359 -0.016744 -0.037382 0.028761 
2.850686 0.549560 0.921092 -0.480764 1.200114 0.793218 0.166171 0.307640 -0.248632 -0.207728 0.226818 0.050861 
3.017609 0.537541 0.995655 -0.470007 0.852377 0.207574 0.956433 1.440789 0.289107 -0.082178 -0.094533 -0.063371 
2.915582 0.787621 1.426932 -0.737137 0.451693 0.829427 0.622427 1.240965 0.284185 0.048661 0.045925 -0.033362 
2.940837 0.946972 1.039672 -0.177472 1.467574 1.323678 1.621941 1.009695 0.670421 0.290277 0.170140 -0.004093 
3.033008 0.405392 1.218159 -0.564663 0.858232 0.246650 1.333057 0.718486 0.278172 0.377870 -0.080321 0.001996 
3.084752 0.381395 1.818206 -0.015438 1.499068 0.718132 0.621805 1.036946 0.281675 0.163090 0.050847 0.006345 
2.928409 0.780831 1.061784 -1.059462 0.997101 0.458949 0.557643 0.431857 0.332617 0.262892 -0.249176 0.012309 
2.804254 0.334365 1.337590 -0.319511 1.373108 0.463002 1.207950 1.044183 0.649650 0.362717 0.102947 -0.006191 
3.054158 0.556191 1.077737 -0.623825 1.311274 1.262798 0.594367 1.105921 0.024291 0.370844 0.227915 -0.037628 
3.221550 0.676719 1.243345 -0.174404 0.904436 0.533477 0.770583 1.226576 0.127468 0.270035 0.145364 0.005053 
3.144196 0.260639 1.367792 -0.465990 0.755198 0.948312 0.687510 0.991279 -0.340885 0.301500 -0.038557 -0.069183 
3.538356 -1.954925 2.488383 -0.265933 2.648551 1.068341 1.271256 1.583376 -0.135880 -0.376518 0.071371 0.133851 
1.297171 0.754285 1.144773 1.412572 1.093569 1.155041 1.029437 1.299547 0.112957 0.344555 0.095967 -0.075723 
0.773823 0.778085 1.401319 1.692887 2.001982 1.022606 0.765156 0.776508 0.038844 0.284978 0.123238 -0.099575 
1.238984 1.045441 1.845797 1.085194 1.581217 0.572173 1.204131 0.134548 -0.061984 -0.000536 0.200930 -0.103363 
1.428450 1.275907 1.838391 1.509050 0.002228 1.162013 -0.430635 -0.142099 -0.106529 -0.738346 -0.156075 -0.006521 
1.317298 1.435792 1.798490 0.293625 0.514008 -0.880955 -0.607099 -1.072844 -0.439500 -0.344673 -0.085489 -0.015200 
1.616511 1.169891 1.063416 1.265294 0.858371 -0.649506 -0.390379 -1.222860 -0.351556 -0.514736 -0.147949 0.030505 
1.317969 1.396742 0.910703 0.863627 0.601682 0.047871 -0.866951 -0.976570 -0.484273 -0.312567 -0.211295 -0.003466 
1.062047 1.856147 1.044725 0.903314 0.203206 -0.089021 -0.566836 0.090464 -0.343644 -0.570639 -0.085430 0.001939 
1.583746 1.585728 0.626748 0.880316 0.006166 -0.525099 -0.684250 0.263659 0.346605 -0.085693 0.049157 0.006276 
1.160882 1.769777 1.231877 0.595131 0.775714 -0.238898 0.132205 0.137393 0.457916 0.852104 0.198851 -0.033267 
1.003963 1.033092 1.448508 1.518740 0.890578 0.540691 1.155543 0.847306 0.301671 0.229931 -0.025590 0.021622 
1.411346 0.719993 1.169604 0.867511 1.093261 1.979545 0.898121 1.258420 0.265320 0.549453 -0.224872 0.005609 
0.770229 0.797310 1.691989 0.969450 1.403527 1.143899 1.803063 1.027345 0.494520 0.372910 0.052986 -0.036919 
1.722488 0.698662 1.367919 1.676628 0.194846 1.954684 1.505905 0.345792 0.556643 0.159382 0.110752 0.008177 
2.189522 -0.001608 1.570732 1.284590 1.614512 1.664198 0.345050 0.297158 0.453945 0.256696 0.040089 0.006795 
2.900023 -0.575149 1.745055 0.280030 1.692143 1.749711 1.672911 0.642021 0.485282 0.382370 -0.042764 -0.034921 
4.133543 -1.063760 1.424682 0.440907 2.063306 -0.199558 2.021304 1.241916 0.631278 0.420235 0.159983 0.105564 
5.162544 1.242016 0.463782 0.625924 0.971998 0.730925 0.483526 0.652705 0.625066 0.329236 0.199154 0.040099 
3.572324 2.943080 1.960381 0.777615 0.128323 0.066097 0.329337 0.427805 0.359640 0.117136 -0.098049 -0.011641 
4.192059 3.217641 1.828472 0.674550 -0.044622 0.221000 0.762365 0.777634 0.442793 0.124146 -0.004637 -0.027098 
2.937515 2.504605 2.298245 2.050970 1.737168 1.403279 1.026364 0.742831 0.505131 0.280099 0.153417 0.035856 
2.981662 2.530006 2.200025 1.841004 1.461683 0.918138 0.538424 0.364529 0.333285 0.312305 0.256057 0.030634 
3.054232 2.202471 2.016415 0.963059 1.527951 1.340737 0.824329 0.364801 -0.079413 0.494057 0.199976 0.022584 
2.954370 1.625682 1.844613 1.121986 1.335020 1.352235 0.905626 1.203467 1.172111 0.427142 0.122899 -0.001263 
3.228445 1.107416 1.221315 0.272997 1.194388 1.429960 1.096664 1.020917 0.354713 0.300119 0.266947 0.008183 
3.091060 1.316824 1.054535 0.326983 2.168323 1.085322 1.254972 1.046343 0.129085 0.162028 0.211908 0.028952 
3.088696 0.853332 2.139695 -0.162530 1.157322 0.800003 0.483249 1.210288 0.345256 0.319125 0.202743 -0.016488 
3.126719 0.469550 1.383894 0.451858 1.152031 1.576196 1.154451 1.390666 0.509860 -0.040465 0.235079 0.022998 
-1.#IND00 -1.#IND00 -1.#IND00 -1.#IND00 -1.#IND00 -1.#IND00 -1.#IND00 -1.#IND00 -1.#IND00 -1.#IND00 -1.#IND00 -1.#IND00 
-1.#IND00 -1.#IND00 -1.#IND00 -1.#IND00 -1.#IND00 -1.#IND00 -1.#IND00 -1.#IND00 -1.#IND00 -1.#IND00 -1.#IND00 -1.#IND00 
