2.982440 0.603215 1.174604 -0.054806 0.784968 0.149863 0.757312 1.214026 0.371612 0.711106 0.125991 -0.015992 
2.948904 0.444973 1.290469 0.213630 1.713026 0.703797 1.146913 0.667408 0.518677 0.364738 0.085073 0.001336 
2.869626 0.539687 1.320254 -0.364716 1.070516 0.398670 0.890535 1.094135 0.143512 0.046731 0.255420 0.002355 
3.193226 0.366283 0.930036 -1.020373 0.618775 0.603087 0.350291 1.012202 0.172132 0.344033 0.085274 0.000396 
3.387424 0.347501 1.406028 -0.911614 1.948296 0.593552 1.192372 1.168410 0.408564 0.466885 -0.016591 -0.007519 
3.373182 0.911998 1.452816 -0.404863 0.804257 1.017012 0.420437 0.770322 0.460377 0.508481 0.138868 0.008521 
2.847971 0.408766 0.652245 -1.336565 0.816213 0.564417 -0.085541 0.265962 -0.066722 0.378921 -0.134256 -0.033235 
2.945042 0.536112 1.475048 -0.807078 0.907180 0.590529 0.720127 0.508511 0.234769 0.295628 0.172996 0.027003 
3.013578 0.671788 1.356422 -0.497056 1.333284 0.535380 0.167821 0.737340 0.590997 0.182819 0.098693 0.025986 
2.868108 0.568734 1.139977 -0.217976 1.300260 0.509088 0.471066 0.689026 0.282260 0.506587 -0.074486 -0.042573 
3.035902 0.437784 1.479767 -0.546847 0.607938 0.646262 0.247933 1.304974 0.277188 0.076869 0.258325 -0.008268 
3.111905 1.114702 1.460662 -0.092220 0.910340 0.578379 0.231035 0.768376 0.387121 0.436746 0.123351 0.004654 
3.059603 0.494080 1.323153 -0.057253 1.351698 0.658006 0.185277 0.948891 0.168355 0.092622 0.162368 0.027222 
2.922398 0.527114 1.370715 -0.655325 0.611826 0.550476 0.718096 1.012992 0.450581 0.066214 0.061292 0.017719 
3.352981 0.075137 1.159714 -0.118024 1.417423 0.966835 0.489373 0.993160 0.267479 0.672724 0.130846 -0.052183 
2.856688 0.201648 1.209831 0.231593 1.843485 0.780499 1.302824 0.854081 0.579427 0.066230 -0.063339 0.027463 
2.866197 0.174151 0.976498 -0.514471 0.786601 -0.204692 0.421484 0.411182 0.328286 0.330612 0.031051 0.024585 
6.365179 0.785958 2.138582 2.336110 -0.839424 1.214834 -0.257376 1.554164 -0.377981 -0.270790 0.162898 0.103428 
4.418055 -0.994158 2.164973 -0.185760 1.881414 0.332173 0.679776 0.943656 0.386470 0.340786 0.370447 0.126555 
2.432944 0.226200 1.011992 1.281823 1.368660 1.402037 1.048525 1.207733 -0.080260 0.462850 -0.026744 -0.035822 
1.982655 0.264979 1.761314 0.398145 1.468488 0.852081 0.458383 0.628853 0.609301 0.796120 -0.049183 -0.100543 
1.004272 0.986767 1.627076 1.113845 1.191259 1.315466 1.140609 0.885645 0.817439 0.255971 -0.016199 -0.044384 
0.832588 1.218889 1.464315 1.358438 1.375568 1.186088 1.242730 1.073490 0.021531 -0.416475 -0.038951 0.032715 
0.765596 1.315534 1.034273 1.881433 1.996506 0.300012 0.899006 0.785795 -0.209564 -0.165228 -0.154958 -0.032610 
1.684881 1.010812 1.248375 0.646564 1.267793 0.567821 -0.165026 0.053953 -0.526447 -0.252739 -0.211361 -0.012943 
1.418388 1.269888 0.994538 0.798816 0.554462 0.138814 -0.655527 0.131238 -0.871264 -0.489484 0.298060 0.007840 
1.192578 1.977806 0.467838 1.335504 0.575814 -0.341764 -0.628314 -1.076080 -0.065480 -0.429534 -0.072988 0.045307 
0.897111 1.513244 1.307978 1.580006 1.042757 -0.085806 -1.208519 -0.606792 -0.651565 0.307483 -0.158602 -0.029936 
1.055254 1.068087 1.663081 1.464384 0.871181 -0.205586 0.174355 0.040273 -0.456679 0.128004 -0.021791 0.023123 
1.252279 1.647690 0.974753 0.929182 0.319161 0.289460 -0.291632 0.532536 0.187538 0.700003 0.126366 0.000071 
0.643532 1.638895 0.740965 1.708457 1.631334 1.050826 1.191871 0.982491 0.231612 0.561811 0.124930 -0.050940 
0.561135 1.145957 1.739575 1.301480 1.442982 2.210489 0.884953 1.382418 0.100571 0.040494 0.071533 0.048890 
1.129771 1.086145 0.874052 1.139321 0.929836 1.953360 1.369836 0.368256 0.316835 0.521059 0.179036 -0.040023 
0.942780 0.929681 0.358927 1.393765 1.541014 1.682564 1.560251 0.780220 0.499653 0.216907 0.060831 -0.017498 
1.155912 0.680711 0.592530 1.896780 1.574370 2.284246 1.146448 0.821026 0.647979 -0.132706 -0.156758 0.089885 
1.788273 0.282519 1.048365 0.812590 0.986445 1.573920 1.198167 0.903624 0.775339 0.352796 0.125377 -0.051815 
2.864545 -0.453629 1.770920 0.511041 0.945960 1.613825 1.362167 1.171369 0.639477 0.249541 0.152735 -0.014312 
6.394620 -0.118837 -1.217170 1.876591 1.820036 0.520208 0.842405 1.158642 0.570866 0.334677 0.318140 0.096849 
5.828282 3.434257 0.543078 -0.241535 0.485793 1.004882 0.946943 0.556125 0.166361 0.122941 0.147383 0.076459 
3.443909 3.114790 2.903238 2.423719 1.645099 0.938037 0.544399 0.385732 0.202443 0.234751 0.280503 0.047725 
3.733742 3.340341 2.920434 2.188288 1.104462 0.517486 0.675162 0.729327 0.548531 0.398915 0.298312 0.079644 
2.861059 2.371800 1.995692 1.823907 1.211971 1.016981 0.781877 0.492346 0.157404 0.119722 0.111484 0.020309 
2.595430 1.781160 1.562112 1.546384 1.138413 1.138977 1.249753 0.796586 0.214686 0.214005 0.145704 0.012924 
3.468145 1.268380 1.799697 0.913892 2.053325 1.436348 1.166718 1.593024 0.749995 0.258897 0.293943 0.032625 
3.329908 1.370834 1.295717 -0.022872 1.078666 1.190421 1.430240 1.589038 0.871292 0.562763 0.161552 -0.048200 
2.940904 0.826947 1.560057 -0.294463 1.048655 0.601313 0.633645 1.074532 0.781403 0.382913 0.304218 -0.006273 
3.084021 0.425257 1.440521 -0.461783 1.378865 0.670647 0.292052 1.007391 0.601706 0.246015 0.065797 0.007960 
3.273029 0.800735 0.944026 0.468604 1.611604 1.153378 0.824881 1.178156 0.507098 0.251282 0.023760 -0.019226 
-1.#IND00 -1.#IND00 -1.#IND00 -1.#IND00 -1.#IND00 -1.#IND00 -1.#IND00 -1.#IND00 -1.#IND00 -1.#IND00 -1.#IND00 -1.#IND00 
-1.#IND00 -1.#IND00 -1.#IND00 -1.#IND00 -1.#IND00 -1.#IND00 -1.#IND00 -1.#IND00 -1.#IND00 -1.#IND00 -1.#IND00 -1.#IND00 
