2.969692 0.145492 1.088266 -0.787193 1.080592 0.567921 1.061288 1.253203 0.177083 0.423190 -0.087121 -0.071743 
3.072247 0.541457 1.444151 -0.615788 1.467643 1.431413 1.255503 0.811116 0.542826 -0.028881 0.021224 0.022832 
3.181651 0.606408 1.359860 -0.830495 1.018878 0.255274 0.830227 0.567835 -0.141198 0.125451 -0.055026 -0.011795 
3.091549 0.854848 1.265160 -0.976073 1.305708 0.692183 0.545686 0.500937 0.428783 0.332408 0.177397 0.009980 
2.930166 0.557572 0.962956 -0.119313 0.706224 0.829920 0.656127 1.038750 0.028553 0.145876 0.208746 0.014080 
2.761011 0.645328 1.392986 -0.230108 0.832742 0.819046 0.476863 0.459844 0.205662 0.028564 0.176078 0.021512 
3.049404 0.728358 0.736294 -0.841720 0.902101 0.682107 0.775230 1.436275 0.004636 0.100372 0.090725 -0.037569 
2.898227 0.325249 1.597581 -0.888811 0.867679 1.032740 1.119304 0.433102 0.542252 0.258662 0.006799 0.016841 
2.880354 0.381389 0.834632 -0.135565 1.591500 0.581906 -0.112107 0.660372 0.265851 0.129648 0.143876 0.008210 
3.176459 0.597681 0.638415 -0.653492 0.297416 0.782404 0.338552 0.565799 0.154115 0.684917 0.064831 -0.045056 
3.192839 0.480553 1.149499 -0.267621 1.811630 1.102000 2.132055 1.434800 0.612026 0.460988 0.225677 0.002388 
2.985192 0.971066 1.195835 0.248032 0.402218 0.698283 0.378980 1.232283 1.002423 0.131001 0.361531 0.019082 
2.675434 0.462873 0.887730 -0.812228 1.002769 0.093231 0.341887 0.600112 -0.288129 0.341351 0.028144 -0.027168 
2.910677 0.414341 0.806658 -1.041397 1.172039 0.587142 0.665522 0.325678 0.277262 0.191185 -0.047322 0.032083 
3.193185 0.992353 1.205783 0.441651 1.381085 1.171116 0.931951 0.573068 0.579392 0.322509 0.165547 0.016481 
2.856707 0.611441 1.365740 -0.299476 0.640349 0.579140 1.480172 1.124349 -0.059395 0.087363 -0.176530 -0.020580 
4.930625 3.567595 3.498768 2.884152 2.548196 1.242081 1.497024 1.853676 0.017082 -0.174588 0.143000 0.036355 
2.570346 -0.554568 2.112489 0.352641 1.850666 0.467915 1.692122 0.455201 1.037985 -0.022882 -0.190968 0.084123 
2.126979 -0.383623 2.669803 0.711951 1.648108 0.511907 0.601802 0.590301 0.879709 0.359793 -0.107929 -0.033344 
1.258525 0.519250 1.531364 1.274734 1.810151 1.052375 1.189551 0.262924 0.875156 0.211469 0.303850 -0.117965 
0.800925 0.912300 1.325942 1.906109 1.650289 0.621749 0.660921 1.612010 0.662332 -0.031026 0.257681 -0.130736 
1.071716 1.292681 1.806453 0.557915 1.151255 1.147304 0.672594 1.314630 0.206545 -0.095074 -0.078631 -0.057420 
0.810828 1.326932 1.630860 2.399117 1.651710 0.132639 0.020820 0.050661 -0.801866 0.096966 0.008826 -0.041817 
1.185489 1.816794 1.308951 1.240225 1.033528 0.177415 -0.262686 -0.562676 -0.604980 0.219927 -0.328916 0.055500 
1.231525 1.132924 0.774904 1.112044 0.819153 0.043803 -0.988569 -1.094042 -0.204633 -0.480218 -0.130463 0.008263 
1.361624 0.873256 0.685828 0.862185 1.020503 0.342361 -1.008872 -0.783595 -0.696876 -0.094790 -0.018414 -0.030292 
1.111232 1.676940 0.867260 1.089420 0.560108 -0.234404 -0.102789 -0.476754 -0.540641 -0.325593 0.106613 -0.034640 
1.988398 0.699325 1.350316 0.383136 0.058141 0.134978 -0.535662 0.149788 -0.276764 0.401151 0.104822 -0.030571 
0.936894 1.649757 1.661649 0.534438 0.937377 0.521042 1.071988 -0.171608 0.617213 0.762138 0.111728 -0.054667 
0.927164 0.581307 2.039937 1.190302 1.990550 1.909772 1.093513 0.098735 -0.124360 0.617356 -0.085979 0.011527 
0.683614 1.025915 1.350555 1.988930 2.195468 1.607136 0.924798 0.723997 0.680828 0.113356 -0.279481 0.099229 
0.696832 1.127148 1.256092 1.433746 2.065118 1.745793 1.083368 0.537754 0.381897 0.015646 0.084546 0.009936 
0.834821 1.125748 1.199257 1.728624 1.174188 0.927735 0.454612 0.986962 0.583720 0.002873 -0.083282 0.027852 
0.915422 1.524529 0.493752 1.031171 2.441955 1.345909 0.846072 1.155721 0.564250 0.377835 -0.015453 -0.031878 
1.613075 0.517826 1.547179 1.569615 0.971729 1.276490 1.086237 0.786003 0.750680 0.369628 0.027309 -0.013861 
3.410042 -0.464018 1.613231 0.672136 1.122502 0.129127 1.264509 -0.032893 0.579475 0.160603 0.044094 0.095633 
4.653214 1.817024 0.183719 0.220792 1.128594 1.527246 0.569261 0.460904 0.343620 0.166092 0.248106 0.068458 
5.391078 2.252314 -0.252231 0.332467 1.523094 1.052352 0.592594 0.991921 1.099156 0.569821 0.198164 -0.006861 
4.696155 3.167028 1.103022 0.319617 0.735919 0.905286 0.541413 0.130230 0.037044 0.178752 0.143768 0.045883 
4.219763 3.757603 3.178527 2.173188 0.996799 0.253431 0.238513 0.420641 0.417881 0.289487 0.256066 0.078894 
3.803995 3.396678 2.878947 2.215144 1.321454 0.703982 0.415770 0.220916 0.158620 0.177447 0.341385 0.067323 
4.171894 2.549363 3.087712 3.091620 3.967539 2.631756 1.083721 1.995561 0.120526 0.315771 0.259897 0.051048 
4.240351 3.013101 3.070678 1.549962 2.048108 0.922163 1.543612 2.392446 1.140998 0.603398 0.002892 -0.000798 
3.429045 2.276780 2.548930 2.169458 1.705628 1.854128 1.803659 1.194061 0.709803 0.372990 0.175672 0.060083 
3.352092 2.522828 2.298429 1.711692 1.788339 1.840612 1.376950 1.110138 0.573092 0.423880 0.315608 0.070515 
2.890952 1.951738 1.853855 1.980106 1.520244 1.697153 1.916984 1.073663 0.698621 0.381665 0.352601 0.062440 
3.393368 1.341738 1.158875 0.158860 1.689451 0.787286 0.949175 1.994177 0.554603 0.414514 0.259339 -0.002066 
3.402190 0.348182 1.589731 0.136320 1.578038 1.747064 1.503072 1.252190 0.733502 0.028854 0.306177 0.054908 
-1.#IND00 -1.#IND00 -1.#IND00 -1.#IND00 -1.#IND00 -1.#IND00 -1.#IND00 -1.#IND00 -1.#IND00 -1.#IND00 -1.#IND00 -1.#IND00 
-1.#IND00 -1.#IND00 -1.#IND00 -1.#IND00 -1.#IND00 -1.#IND00 -1.#IND00 -1.#IND00 -1.#IND00 -1.#IND00 -1.#IND00 -1.#IND00 
