3.315088 0.245384 1.432855 -0.982187 0.794633 0.360308 0.392565 1.242937 0.420548 0.380827 -0.131920 -0.051541 
3.271289 0.265204 1.318690 -0.159765 1.579331 0.504379 -0.115967 1.268767 0.353764 0.456208 0.402345 -0.014728 
2.818156 0.294680 1.485111 -0.640513 0.735670 1.042081 0.218331 0.678124 0.235075 -0.073980 0.041097 -0.010441 
3.034412 0.444843 1.150027 -0.636048 1.622578 0.602018 1.080929 0.897478 0.163728 0.175799 0.488567 0.031764 
3.248276 0.584718 1.348312 -0.445075 0.826530 1.065688 1.046285 0.627438 0.397076 0.325087 -0.060081 -0.015418 
3.066338 0.854457 1.388197 -0.771973 1.337336 1.206364 0.795813 0.943676 0.495069 0.534479 0.066105 -0.028246 
3.047693 0.274104 0.880669 -0.713089 1.871677 1.047956 1.454882 1.075993 0.055077 -0.023381 -0.053534 0.012509 
3.090415 0.359791 1.175233 -0.597215 1.398455 1.016672 -0.025008 0.977664 -0.096466 0.195723 0.210949 -0.043033 
2.949106 0.615755 1.260598 -0.766247 1.193605 0.678677 0.903004 1.688161 0.114111 0.104030 0.258181 -0.014522 
3.260845 0.246822 1.074407 -0.429546 -0.406698 1.500403 0.625388 0.879161 0.095136 0.083897 0.263734 0.032663 
3.035402 0.813284 0.755821 -0.527542 1.254504 1.054085 0.425395 0.733153 0.660228 0.171987 0.209915 0.002862 
2.896687 0.870658 1.196936 -0.406532 1.619120 1.302316 1.157769 1.049223 0.401347 0.354674 -0.045435 -0.010844 
3.109060 1.151649 1.657338 -0.915633 1.279924 1.450538 1.287847 0.814257 0.304821 0.344373 0.400276 0.049007 
3.106772 0.431277 0.793872 -0.171352 1.236150 1.079226 1.139027 1.160364 0.138986 -0.191443 -0.055482 -0.007603 
2.882421 0.927511 1.287239 -0.240114 1.144797 1.333080 0.509859 1.239348 0.428743 0.034493 0.023459 -0.030073 
3.212707 1.061236 1.416319 -0.094227 1.499973 0.831589 1.071925 1.171424 0.313618 0.236688 0.074430 -0.004185 
3.370110 1.169569 1.696736 0.148144 2.322551 0.586704 1.196380 1.337155 0.922214 0.527016 0.218907 0.007244 
5.437891 3.233965 0.526132 -0.258690 0.829502 1.366293 0.922893 0.556655 0.126923 -0.353152 0.063705 0.066252 
5.046904 -1.071710 2.447569 -0.013494 1.150642 0.573721 0.249621 0.618785 0.636239 0.257193 0.297950 0.163159 
3.173440 -0.772920 1.915590 0.691374 1.618833 1.048591 1.617600 0.660577 0.233551 0.485374 0.190787 -0.045347 
1.627708 0.379755 1.743777 1.871988 0.935055 1.451162 0.613091 0.022726 1.031469 0.149903 0.062850 -0.053286 
0.786260 0.722177 2.731024 1.078176 1.175659 1.020330 1.325596 1.170853 0.087532 0.059521 -0.181154 -0.001075 
1.005740 1.307914 0.714986 1.108503 1.633549 1.436644 0.613574 0.570796 -0.190392 0.016993 -0.157125 -0.073041 
0.769146 1.798963 1.724075 1.888507 1.321366 -0.322281 -0.517234 -0.403818 -0.270226 -0.316917 -0.160471 -0.035349 
1.417877 1.460968 0.386016 0.525297 0.486487 -0.110057 0.311599 -0.850664 -0.465459 -0.934407 -0.181702 0.048920 
1.858248 0.691685 0.492331 0.501936 0.836429 -0.270359 -1.208131 -0.491369 -0.638816 -0.734368 -0.139655 0.065831 
1.470208 0.949786 0.954012 1.335220 0.286535 -0.785025 -0.486223 -1.197523 -0.778849 -0.271148 -0.102011 0.010514 
1.161579 1.589859 1.092587 0.518381 0.231677 -0.099806 -1.152783 -0.560353 -0.374007 -0.152838 -0.197639 -0.002649 
1.474667 1.653131 0.390131 -0.092783 0.767468 -0.690230 -0.734702 -0.086908 -0.338383 -0.131407 0.139179 -0.052152 
1.533226 1.462432 0.829032 0.539253 -0.272621 -0.149669 0.029255 -0.189109 0.218626 0.429114 0.231091 -0.012698 
0.916950 1.393058 1.243798 1.166603 1.767074 1.964068 0.947428 0.267062 0.274574 0.083090 0.168177 -0.017200 
0.988594 1.030664 1.967067 1.547603 1.118007 0.801375 0.741650 1.184570 0.720298 0.032502 0.207712 -0.038029 
1.116637 0.166406 2.303656 1.462770 1.833284 1.918524 0.978061 -0.087514 1.014382 0.418121 -0.044291 0.015649 
2.145834 0.574363 1.291742 0.971814 1.032827 1.225543 0.644985 0.451000 0.222286 -0.102202 -0.156615 0.093600 
2.346199 -0.305759 2.095038 0.756993 1.713235 0.842974 1.131197 0.769192 0.418441 0.408870 0.145788 -0.009772 
2.592068 -0.161842 1.060773 1.883927 1.153964 1.179167 1.694478 0.610007 0.919851 0.436183 -0.027171 -0.051448 
3.359527 -0.903107 1.749149 0.496869 1.673783 1.326845 1.352373 1.069150 0.375071 0.466090 -0.058128 -0.080538 
6.441388 -1.692704 1.092988 1.841876 0.726007 1.625012 1.756869 0.339592 0.209686 0.522449 0.108577 -0.063980 
7.802700 1.388895 1.206320 -0.286123 0.551003 0.983548 1.601849 0.172343 0.174856 0.553096 0.279757 0.088508 
6.754832 4.226034 3.478104 1.615724 0.877859 -0.323718 0.757705 0.744271 0.385674 0.032041 0.121648 0.074814 
4.672684 3.286330 3.514931 2.889241 2.489511 1.650002 1.186496 1.849701 0.362860 -0.037710 0.238559 0.064816 
4.660145 3.360137 4.036405 2.445678 2.007643 1.075426 0.673264 1.494097 0.848589 0.083144 0.199467 0.061311 
4.231704 2.758264 4.598116 3.119383 2.850221 1.289119 1.229158 2.407346 0.503556 0.066080 0.266183 0.059108 
4.418178 2.882681 3.966219 3.826235 2.892315 2.444279 0.448336 1.303968 0.666533 0.193826 0.155162 0.046009 
4.151490 2.517329 2.777254 2.798670 2.485433 1.465658 2.384755 1.937754 0.357890 0.160935 0.089192 0.055606 
4.066920 2.137638 2.605660 1.299278 1.593586 1.909854 1.947764 2.006649 0.707204 0.175552 0.084654 0.025770 
3.868553 1.834855 2.198796 0.549606 1.957520 1.573334 2.579853 1.109376 0.274876 0.251309 0.169290 0.075542 
3.330993 1.182650 2.267562 -0.066888 2.607306 1.561804 1.414347 1.445309 0.585237 0.347017 -0.049497 0.010196 
-1.#IND00 -1.#IND00 -1.#IND00 -1.#IND00 -1.#IND00 -1.#IND00 -1.#IND00 -1.#IND00 -1.#IND00 -1.#IND00 -1.#IND00 -1.#IND00 
-1.#IND00 -1.#IND00 -1.#IND00 -1.#IND00 -1.#IND00 -1.#IND00 -1.#IND00 -1.#IND00 -1.#IND00 -1.#IND00 -1.#IND00 -1.#IND00 
