3.314984 0.687086 0.727906 -1.030330 1.068230 0.706923 0.642710 0.861612 0.237201 0.693903 0.145389 -0.023632 
3.210117 0.693239 1.013303 -0.645789 1.573892 0.507116 1.029577 0.785667 0.390245 0.328382 -0.232749 -0.042427 
3.026890 0.012195 1.074490 -1.127607 0.701924 0.056353 0.656610 0.737921 0.226131 0.251770 -0.079311 -0.060280 
3.153353 0.505477 1.069577 -1.289259 0.293804 0.514197 0.203639 0.693306 0.215190 -0.423757 0.162115 0.031540 
2.933893 0.574925 0.947773 -0.269074 1.017695 0.531148 0.501631 1.288816 0.282958 0.158410 0.379527 0.002729 
2.985705 0.427947 0.900888 -1.148868 1.363639 1.193064 0.977910 0.537253 0.119908 0.412512 -0.063955 -0.012808 
3.915201 1.262252 1.805967 -0.353220 1.442187 0.913868 0.131336 0.319857 0.565366 -0.036105 0.156997 0.029129 
4.514082 1.539156 -0.024114 0.290598 1.752615 1.609864 1.425314 1.193506 0.226653 0.128843 0.135449 0.029197 
1.871142 0.846378 1.020483 0.909038 1.249180 0.013470 0.856687 1.023613 0.421949 0.137477 0.455149 -0.031348 
1.304828 1.088198 1.130618 0.882531 0.435485 0.679692 1.407962 -0.064947 0.302923 0.042149 0.270734 -0.007546 
0.817233 1.102251 1.220258 1.695429 1.055108 0.158419 0.947592 0.533261 -0.149180 0.151757 0.309072 -0.002112 
1.419181 0.694610 1.582659 0.891729 0.568779 0.480868 0.414886 0.287456 0.349082 0.148599 0.179678 0.004961 
2.003985 0.478393 0.377019 0.725662 0.266852 0.403356 0.155367 1.004230 0.184032 0.388345 0.041127 0.057330 
2.462570 0.497067 0.558714 0.247421 0.922294 0.063511 0.232634 0.869587 0.341497 0.642647 0.138930 0.024814 
2.734286 1.269639 1.118495 0.871883 1.350484 0.313570 -0.266596 0.525201 0.510266 0.769821 0.131471 -0.010055 
2.831620 1.352667 0.614470 0.525704 0.596906 -0.022295 0.952297 0.550089 0.278841 0.646197 -0.033247 0.026341 
4.730665 0.660164 1.437279 0.920012 1.815266 2.472579 1.195219 1.154517 0.452799 0.445973 0.316937 0.054243 
4.202350 1.259219 0.399164 0.722292 1.862509 1.117838 1.220688 1.756077 1.352295 -0.021496 -0.019123 0.011449 
3.382523 1.767980 1.918760 0.939937 0.896160 1.458760 1.288930 0.883038 0.063201 0.061188 0.359329 0.054192 
7.644396 -1.886204 0.202403 3.755209 0.165434 0.569206 1.018239 0.864157 0.242581 0.209187 -0.015795 0.001906 
2.021299 0.450328 1.038816 1.392912 1.476871 0.665745 1.116031 -0.047813 0.975049 -0.011689 -0.111544 -0.014561 
0.910808 1.000055 1.312521 1.248878 1.238380 0.612732 0.966313 0.684765 0.458833 0.109249 0.019654 -0.097386 
0.610407 1.284477 1.877901 2.139846 0.213399 1.688064 0.725341 0.385513 0.194511 -0.264121 -0.127646 -0.048185 
1.313869 1.594674 1.218705 2.350889 0.345039 -0.132790 -0.499774 -0.006838 0.034126 -0.049373 -0.188379 -0.005831 
1.305762 1.666625 0.976189 1.236586 0.961796 -0.128466 -0.346220 -0.452186 -0.367546 -0.638720 -0.002802 -0.011595 
1.587446 1.225995 0.776025 1.276289 0.734380 0.455478 -0.044426 0.070738 -0.469142 -0.505483 -0.254178 0.030230 
1.490466 1.309785 0.937542 0.718961 0.323299 0.106523 -0.048392 -0.587381 -0.255994 0.374074 0.239056 -0.062077 
1.208404 1.629058 0.706122 0.164565 -0.300847 -0.463042 -0.060578 0.331845 0.167058 0.276974 -0.043108 0.057747 
1.482399 1.382611 0.475078 0.956594 -0.186509 -0.569171 -0.080029 0.634803 0.644789 0.564902 0.220057 -0.004371 
0.477553 1.412614 1.824770 0.595502 1.934123 1.393438 1.770843 1.066472 0.656107 -0.031194 0.121658 -0.046028 
0.824437 0.803478 0.989984 1.659051 1.729383 1.264200 1.228346 0.878275 0.788906 0.209525 0.092880 -0.082456 
1.196881 0.496171 1.182579 1.967856 1.897529 1.292797 0.092449 1.219550 0.862149 0.079021 0.481527 -0.125216 
1.059812 0.877345 1.376137 1.372817 1.408333 1.538564 1.141608 1.224759 0.443612 0.060573 -0.048911 0.004450 
0.949626 1.427996 0.884152 1.215837 1.174018 1.316397 1.253222 1.044353 0.898245 0.344695 -0.109149 -0.039239 
1.510456 1.090406 0.606436 1.713797 1.137324 1.227657 1.044411 1.024285 0.343108 0.192872 0.044256 -0.011338 
3.318260 0.819813 1.127722 0.430099 0.117534 1.517013 0.730548 0.585108 0.991653 0.248554 0.099389 0.009463 
5.819346 3.531199 0.886268 0.346850 0.881104 0.711187 0.367133 0.489282 0.646216 0.370731 0.234752 0.056504 
4.553198 3.331987 1.357765 -0.130713 -0.262052 0.318630 0.800513 0.662154 0.214882 -0.009144 0.102391 0.017951 
4.302402 3.578956 2.208566 0.793172 0.089554 0.203492 0.589308 0.798128 0.606250 0.310496 0.073420 -0.011366 
4.564308 3.861737 2.583903 1.260104 0.256789 0.196668 0.618212 0.756768 0.508896 0.353070 0.283096 0.063675 
3.539298 3.223626 3.096279 2.758228 2.256968 1.526357 1.171908 0.944922 0.517360 0.105577 0.112529 0.025032 
2.871450 2.180775 1.947427 2.087981 1.635415 1.333014 1.179104 0.751553 0.421154 0.259987 0.160404 0.033486 
2.969188 2.488442 2.125787 1.864252 1.851068 1.641498 1.098377 0.797730 0.383865 0.046064 0.139661 0.030452 
3.275376 2.274867 2.390013 1.676685 2.325099 1.426420 1.351693 1.709615 0.982324 0.478900 0.093249 0.056791 
2.962745 2.083171 1.861921 1.525632 1.859971 1.154934 1.135647 1.142810 0.863002 0.544538 0.362595 0.050602 
2.614610 2.195251 2.143159 1.464110 1.331368 1.376374 0.968798 1.041184 0.906477 0.585484 0.450638 0.046658 
3.328306 1.646370 2.009696 0.509768 2.558502 1.761413 1.528731 0.933482 0.154681 0.467124 0.395396 0.069004 
3.046835 0.363108 0.553280 -0.176476 1.348122 1.359137 0.986875 0.975745 0.958859 -0.092371 0.269347 0.012691 
-1.#IND00 -1.#IND00 -1.#IND00 -1.#IND00 -1.#IND00 -1.#IND00 -1.#IND00 -1.#IND00 -1.#IND00 -1.#IND00 -1.#IND00 -1.#IND00 
-1.#IND00 -1.#IND00 -1.#IND00 -1.#IND00 -1.#IND00 -1.#IND00 -1.#IND00 -1.#IND00 -1.#IND00 -1.#IND00 -1.#IND00 -1.#IND00 
