2.707095 0.749010 1.989741 0.245328 1.324844 1.090962 1.234932 1.393584 0.550173 0.413070 0.067659 -0.013051 
2.876904 1.064629 1.549935 0.210316 1.567163 1.253521 1.198911 1.224015 0.551442 0.077098 0.171795 0.008428 
2.661383 1.071542 1.896075 0.331140 1.218648 1.202229 0.329303 1.682629 0.406392 0.640031 0.144290 -0.030624 
2.579240 0.579333 1.894031 0.357337 1.302958 0.519647 0.507423 0.819595 -0.011615 0.320815 0.258509 -0.043744 
2.642602 0.491948 1.444372 0.218998 1.765908 1.529692 1.286384 1.386061 0.324367 0.171972 0.281561 -0.000419 
2.712877 0.571927 1.292204 -0.715121 0.342586 0.102251 0.308387 0.621305 0.242969 0.359086 -0.039009 0.008032 
2.825113 0.744348 2.079688 0.552893 0.964405 1.106186 0.777061 1.138786 0.404671 0.106022 0.080035 0.020595 
2.723366 1.200885 1.830671 0.203560 1.497900 0.637874 0.776898 1.702978 0.335578 0.416730 0.278063 -0.020458 
2.807837 0.931568 1.124855 0.392648 1.404271 0.770072 0.785598 1.032546 0.277628 0.195592 0.239131 0.025269 
2.760369 1.001884 2.136895 0.563360 0.817458 0.286342 0.714787 0.458532 0.176183 0.767107 0.072168 -0.028371 
2.884460 1.335861 1.935771 0.118258 0.785823 0.542881 0.321570 0.313338 0.542067 0.283472 0.096439 0.019117 
2.658456 0.390504 1.388032 0.109026 0.270434 0.251247 0.337577 0.672547 0.643128 0.083255 -0.083598 0.019708 
2.971027 0.931005 2.446956 0.239179 1.510113 0.751005 0.619570 0.791770 0.434801 0.578320 0.283074 0.001281 
2.982407 1.504246 2.401558 0.587247 1.529593 1.274591 0.368179 0.499361 0.594257 0.624126 0.367338 0.038039 
2.560780 1.094258 1.784483 0.598021 1.123561 1.057939 1.435681 1.601996 0.561627 0.461751 0.111010 -0.010975 
2.808092 0.978885 2.104250 0.298943 0.589793 0.512603 -0.128427 0.514252 0.344957 0.219367 0.223338 0.028331 
2.785069 0.598679 1.970500 -0.469752 0.698894 0.429406 -0.169702 0.301940 0.182185 0.210209 0.136097 0.018758 
2.859554 0.922530 1.790476 -0.255977 0.659381 0.686667 0.745085 1.277439 0.118460 0.016382 0.009664 -0.002522 
2.670702 0.846034 1.479631 -0.416101 0.894616 0.329412 1.464233 0.317725 0.109056 0.365691 -0.020119 0.017896 
2.837477 0.090628 1.527266 -0.679241 0.724915 0.128015 0.927716 0.855315 0.369919 0.067866 0.222817 0.075558 
3.142941 1.001491 1.938392 0.133509 1.410984 0.109682 0.699779 1.672868 0.256169 0.006355 0.251509 0.013610 
4.218692 0.929120 -0.201153 1.279938 1.589874 0.589066 0.425955 0.675938 0.360961 -0.133648 0.520329 0.174906 
4.222382 -1.175950 1.173376 0.850060 1.394814 1.305164 0.873702 1.171078 1.135408 0.243569 -0.113880 -0.049614 
2.502874 -0.132881 1.545686 1.108765 1.487997 1.249878 0.914057 1.165298 -0.118015 0.403830 0.088388 -0.073042 
0.923758 0.541405 1.656413 1.569692 1.663112 1.497815 0.794890 0.923609 0.159732 0.353500 -0.178186 -0.033520 
0.875672 0.891599 1.441415 1.893444 1.559988 1.235632 0.922107 0.746889 0.076603 -0.225878 -0.069843 -0.009457 
0.636965 1.669444 1.672857 1.235364 1.216847 0.896238 0.199741 0.405166 -0.320494 -0.404285 -0.124000 -0.019787 
1.297933 1.059871 1.465086 1.250417 0.721968 0.093247 -0.342209 -1.123018 -0.057143 -0.625890 -0.212865 0.050249 
1.289244 1.390653 1.100895 0.342221 0.765145 -0.081029 -0.451117 -0.298940 -0.909910 -0.508975 -0.115068 0.012023 
1.578981 1.193089 0.968550 0.714744 -0.492862 -0.028139 -0.011148 -0.508069 -0.499224 -0.627495 0.093978 0.071189 
1.381403 1.739944 0.568778 -0.074582 -0.324132 -0.386252 -0.215522 -0.892021 -0.943190 0.121974 0.102797 0.033251 
1.322551 1.222180 0.744431 1.010589 0.497752 -1.254743 -0.410511 -0.423621 -0.193668 0.046217 0.131675 0.001317 
1.250140 1.175429 1.775159 0.283219 0.563570 -0.198915 0.084831 -0.304736 0.500828 0.102150 -0.057500 0.008217 
1.205983 0.860587 1.663905 0.793580 1.804121 1.118567 0.760514 0.461026 0.319642 0.065612 0.101684 -0.038028 
0.575261 1.689410 0.705637 1.584017 0.974907 1.129597 1.480052 0.521979 0.946935 0.247582 0.135967 -0.110491 
1.030238 0.629098 0.937047 2.092606 1.728488 1.214207 1.157564 1.443589 0.552744 0.013513 0.099146 -0.041963 
0.595444 1.297833 1.046894 1.840739 1.188690 1.346033 1.979225 0.582645 0.761144 0.060602 -0.137328 0.032567 
1.427641 0.871259 0.944308 1.025154 1.341397 1.284566 1.272263 0.337869 0.478162 0.069367 0.206307 -0.005048 
2.156497 0.420656 1.257847 0.999107 1.504773 1.199984 1.391248 0.789598 0.589516 0.158419 0.013247 0.012098 
6.281065 -0.359076 0.325697 1.246867 1.132188 0.738884 1.732933 0.763798 0.537669 0.200310 -0.028080 0.000242 
5.572553 1.921063 0.737372 0.145681 0.534366 1.405330 0.699316 0.307664 0.477262 0.227731 0.368627 0.145205 
3.983169 3.269179 2.292468 1.275584 0.514366 0.314166 0.440845 0.603529 0.568627 0.360690 0.129204 0.026710 
6.914701 4.000532 1.978769 1.171399 0.535251 0.357364 1.201058 0.783746 -0.064542 0.315379 0.280565 0.117138 
4.138156 3.628303 3.684468 3.507931 2.490781 0.865044 0.424058 0.650907 0.109657 -0.123801 0.061382 -0.001537 
2.819556 2.476704 2.515203 1.852450 1.804309 1.409907 1.342125 1.107214 0.543882 0.430345 0.353160 0.056859 
3.157881 1.910370 4.271408 2.643702 1.294637 3.022769 2.177935 0.522049 1.102315 0.614488 -0.205372 0.073494 
3.020185 2.126299 3.180872 2.456638 1.806817 2.024134 1.855442 0.925181 0.350403 0.821927 0.192980 0.052428 
3.055686 2.362509 2.195585 1.636873 2.173018 1.510285 0.677057 0.779439 0.567528 0.415711 0.288661 0.044057 
-1.#IND00 -1.#IND00 -1.#IND00 -1.#IND00 -1.#IND00 -1.#IND00 -1.#IND00 -1.#IND00 -1.#IND00 -1.#IND00 -1.#IND00 -1.#IND00 
-1.#IND00 -1.#IND00 -1.#IND00 -1.#IND00 -1.#IND00 -1.#IND00 -1.#IND00 -1.#IND00 -1.#IND00 -1.#IND00 -1.#IND00 -1.#IND00 
