3.040864 0.265557 2.248567 0.231457 1.116002 1.273177 0.333789 1.199816 0.494185 0.570132 0.297088 -0.049825 
2.708214 0.442986 1.430892 -0.160884 0.547228 0.065284 0.857390 0.776730 0.546094 0.373648 0.031201 -0.007846 
2.616177 0.341544 1.857020 0.029248 1.191619 0.755984 0.556398 0.748414 0.462102 0.663391 0.235907 -0.046511 
2.679845 0.528473 1.943809 -0.409933 0.665976 0.804178 -0.195336 0.306334 0.126489 0.246851 0.356380 0.013742 
2.650093 0.632551 1.405690 -0.038205 0.683764 1.457825 0.828904 0.843984 0.528869 0.502233 0.310487 -0.025304 
2.999898 0.593034 1.237377 0.441574 1.202034 -0.083118 1.450265 1.613063 -0.223644 0.292476 0.017737 -0.034267 
2.888634 0.574423 1.689389 0.067548 0.807382 0.311099 0.723074 0.309797 0.166227 0.463318 0.028393 -0.006023 
2.749892 0.544732 0.914951 -0.111713 1.512581 0.659923 0.394257 0.472380 0.715596 0.126117 0.122518 0.029100 
2.724630 0.525538 1.665495 -0.315086 1.592433 0.082669 0.982281 0.841513 1.015917 0.248454 0.148454 -0.006409 
2.825521 0.690177 1.549104 -0.256465 1.486399 1.204207 0.738148 1.029037 0.386728 0.371318 0.059995 -0.016770 
2.949657 0.773563 1.761389 0.108444 1.987459 0.508971 0.513707 1.485609 0.376023 0.362610 0.093843 -0.021410 
2.782641 0.701472 1.482068 0.563376 1.704347 1.077982 1.293439 0.979129 0.679511 0.418160 0.026562 -0.005682 
2.869025 1.095536 2.077493 0.282665 1.148321 0.654667 1.288123 0.665436 0.819611 0.706569 0.284368 0.022710 
3.037550 1.217885 1.619378 0.550014 1.847676 0.905251 0.922840 1.178003 0.729139 0.274389 -0.036330 -0.003837 
2.722358 0.659690 2.115400 0.523580 1.062167 1.252208 0.440729 1.730658 0.555792 0.614132 0.249073 -0.052356 
2.722198 0.358095 1.368488 -0.286116 0.458033 0.209967 0.705630 1.224158 -0.049421 0.227634 -0.155248 -0.043865 
2.953303 1.283667 2.254153 0.648278 1.902458 0.987875 1.720088 1.665493 0.500388 0.503474 0.167426 -0.000712 
4.299640 0.065174 0.131460 2.322513 1.377621 0.539782 0.793821 0.708495 0.305070 -0.187622 -0.019112 0.026576 
2.722106 -0.482132 2.097893 0.820823 0.981187 0.495706 1.281145 0.727810 0.559704 0.508394 0.043623 -0.069320 
1.813939 -0.035236 1.855316 0.749541 1.643863 1.252913 1.327106 1.107880 0.424347 0.246674 -0.112871 -0.057307 
1.264440 0.619332 1.456031 1.294222 1.342972 1.075894 1.651748 1.317625 0.323927 -0.185716 0.332484 -0.083565 
0.936298 0.784111 1.414176 1.396052 1.131208 1.303873 0.799759 0.905502 0.577544 0.606583 -0.213543 -0.068591 
0.556324 1.028342 1.392915 1.455303 1.478674 1.746897 0.780946 0.476596 0.631835 -0.057137 -0.060291 -0.096361 
0.926802 1.393384 2.338295 1.956967 0.892357 0.103866 0.313920 0.033568 0.030137 -0.118236 -0.022578 -0.061497 
1.296274 1.338566 0.984402 1.768527 0.635042 -0.155880 -0.609738 -0.740675 -0.186075 -0.536671 -0.291403 0.051070 
1.418942 1.262764 0.447590 1.390695 0.968609 -0.115685 -1.774868 -0.912544 -0.098171 0.001904 -0.329536 0.072779 
1.410587 1.345745 1.544931 0.722280 0.472636 -0.285668 -0.980649 -0.015456 -0.505430 -0.495818 -0.078770 0.063119 
1.615704 1.470176 1.071836 0.286583 0.307657 0.164841 -0.451418 -0.391727 -0.271018 -0.342521 -0.156118 0.011048 
1.558985 1.485054 0.872420 0.472228 -0.102786 0.787773 0.067687 -0.029221 0.122636 -0.052244 0.086551 0.001107 
1.020390 1.531563 1.051997 0.550249 1.429930 1.288028 0.827786 0.711715 0.100576 0.246244 0.122803 -0.056386 
0.954206 1.152495 0.900608 1.587569 1.209709 0.970471 1.633337 0.908367 0.347271 0.432827 0.212638 -0.069716 
0.766947 1.165913 1.076945 1.305217 1.552393 0.923436 0.734348 0.941931 0.511425 0.390492 0.059103 -0.017836 
1.323957 1.011527 0.803095 0.979097 2.010670 1.041969 0.952956 0.470325 0.591713 0.330068 0.093110 0.003656 
2.958543 0.080084 1.026373 0.883113 0.130558 1.189054 0.438010 1.175697 0.198356 0.304872 0.310110 0.028591 
2.574870 -0.768091 1.317160 1.742648 1.727748 1.418132 1.333195 1.124554 0.471768 0.144624 -0.068126 -0.002818 
2.951019 -0.606751 1.791387 1.006281 1.912445 0.939316 1.521399 0.996513 0.279708 0.255663 0.090673 0.005791 
2.357754 -0.586657 1.539022 0.896381 1.436365 1.482180 1.762686 1.198457 0.494760 0.379745 -0.011697 -0.062304 
3.523909 -0.604474 1.402844 1.580850 1.239365 1.067767 1.109687 0.607323 0.554964 0.683559 0.116357 -0.068640 
5.897470 1.718132 0.315754 0.571095 0.416606 0.785808 0.980486 0.419792 0.336183 0.183354 0.173898 0.068412 
4.932611 3.359849 1.442799 0.499634 0.509474 0.927480 1.133446 0.850311 0.238662 0.059486 0.329133 0.120534 
4.316153 2.664004 1.666445 2.199999 3.272541 2.700738 0.934903 0.146932 0.158080 0.220946 0.385207 0.091508 
5.561702 2.581598 1.580868 1.020999 1.336789 1.908403 1.826625 1.246321 0.429801 0.677759 0.093105 -0.028586 
3.098672 2.131809 2.559311 1.250101 1.772862 1.955256 0.887777 0.796546 0.630626 0.438258 0.176617 0.025513 
3.172001 1.907289 2.503748 0.953137 1.283322 1.447074 1.368286 1.382370 0.224631 0.103228 0.310193 0.008761 
2.965971 1.104758 1.971175 0.109722 1.796674 0.706356 0.784671 1.494935 0.367568 0.405580 0.124178 -0.051642 
2.613957 0.584901 1.868418 0.837552 1.183437 1.523550 1.417496 1.443282 0.622296 -0.015447 -0.000140 0.012391 
2.928866 1.134336 2.090510 0.609954 1.474334 1.550492 0.877624 1.673082 0.583137 0.596482 0.238616 -0.014027 
2.718664 0.854617 1.566476 -0.527086 1.511400 1.080563 0.790623 1.351564 0.137177 0.395851 0.204017 -0.041797 
-1.#IND00 -1.#IND00 -1.#IND00 -1.#IND00 -1.#IND00 -1.#IND00 -1.#IND00 -1.#IND00 -1.#IND00 -1.#IND00 -1.#IND00 -1.#IND00 
-1.#IND00 -1.#IND00 -1.#IND00 -1.#IND00 -1.#IND00 -1.#IND00 -1.#IND00 -1.#IND00 -1.#IND00 -1.#IND00 -1.#IND00 -1.#IND00 
