2.719662 0.190950 1.751702 -0.538092 1.447121 0.875948 1.171301 0.587706 0.448048 0.188651 -0.178828 -0.005084 
2.693115 -0.190259 1.490334 -0.795512 1.123223 0.127146 0.619650 0.898615 -0.063261 -0.082688 -0.054298 -0.009913 
2.909447 0.309986 1.469303 -0.585547 1.535076 0.836208 0.922103 1.062459 0.369904 0.440765 0.264786 -0.023900 
2.894467 0.750077 1.634486 0.146201 1.487742 1.227085 1.033490 1.332220 0.575236 -0.081646 0.144878 0.028684 
3.136325 0.691486 2.112198 -0.268481 1.308788 0.758729 0.815661 1.968697 0.164306 0.080242 0.219838 -0.024507 
2.798295 0.443983 1.615403 -0.386388 1.063644 0.444840 0.909968 0.865993 -0.112933 0.093829 0.058596 -0.018347 
2.473938 0.796164 1.243207 -0.461723 0.832246 0.242921 0.574352 0.939746 0.493408 0.097315 -0.033585 0.012019 
2.468279 0.356485 1.068130 -0.612541 0.839222 1.069262 1.008482 0.666831 0.027246 0.192686 -0.027291 0.011267 
2.747797 0.875979 1.720462 -0.141368 1.714911 0.879575 1.222021 0.738068 0.803199 0.459249 0.226301 0.014434 
2.802867 0.288569 1.658988 0.730836 0.519834 1.215639 0.992284 0.342158 0.106365 0.141413 0.291496 0.020755 
2.695556 0.837356 1.291071 -0.189333 0.634712 0.833531 0.844604 1.177673 0.362984 -0.206167 0.045896 0.011677 
3.243876 0.290437 1.685681 -0.161051 1.348124 0.762250 1.121801 0.862871 0.250076 0.432105 -0.025090 -0.024066 
2.463925 0.550308 1.380443 -0.256056 0.977064 0.163584 0.247083 0.678447 0.164625 0.090694 -0.061582 0.029440 
2.650948 0.128244 1.189705 -0.101978 0.755818 0.145606 0.797270 0.822333 -0.007009 0.141341 0.211512 0.046777 
2.987096 0.459917 1.725640 -0.192608 1.610632 0.735002 0.944658 1.023108 0.501151 0.178090 -0.068783 0.009817 
2.810313 0.444868 1.591282 0.621015 1.379945 0.703781 1.190509 1.010361 0.816604 0.303181 0.206564 0.017506 
2.667353 0.039233 2.045111 -0.232319 1.188243 0.360702 0.220349 1.193395 -0.113945 0.177498 -0.062833 -0.052641 
2.860368 0.778101 1.295771 0.272665 0.892029 0.328596 1.196799 1.162394 0.151152 0.287334 0.019114 -0.040204 
6.371871 3.044081 2.647315 3.009884 -0.367654 -0.427047 1.081811 0.519300 0.092821 0.434183 0.370052 0.048504 
1.597094 0.467782 1.676838 1.042772 1.525816 0.792427 1.025026 0.032053 0.584553 0.574609 0.138496 -0.075745 
0.734532 1.039964 1.245346 1.833158 1.597834 1.841481 0.881626 0.640216 0.965189 0.416740 -0.043179 -0.045599 
0.631680 1.187500 1.404472 1.448981 1.346359 1.379936 1.273613 0.692764 0.580328 0.282982 -0.004384 -0.030539 
0.714738 1.018947 1.096957 1.625044 2.267657 1.207830 1.096956 0.949479 0.658464 0.725185 -0.203201 -0.045416 
0.673161 1.210174 1.401579 1.072925 1.244232 1.395379 1.319343 1.312815 0.125446 0.365233 -0.150313 -0.053899 
0.521495 0.937684 1.738221 0.801792 2.403845 0.826395 1.343089 0.323128 0.919742 -0.064886 -0.009216 -0.092478 
1.005484 1.326640 1.303002 1.440937 0.005082 1.476538 0.817923 0.977843 0.154093 -0.384566 -0.115429 -0.055912 
1.441744 1.660467 1.071850 1.260933 0.665205 0.557132 -0.312001 -0.425825 0.106473 -0.186255 -0.204689 0.038108 
1.057608 1.471832 1.130404 0.937108 0.721174 -0.571438 -0.912362 -0.507875 -0.302646 -0.268008 -0.070082 0.115768 
1.758220 1.354214 0.668801 1.140479 0.891200 -0.812642 -0.044965 -1.157709 -0.268535 -0.236722 0.102116 -0.039660 
1.195276 1.281562 0.965775 1.544914 -0.026616 0.423912 0.505203 -0.283118 0.169925 -0.522764 -0.094206 0.016908 
1.316183 1.349299 0.757227 0.810429 -0.203497 -0.370470 -0.014043 0.113311 0.000059 -0.196764 0.125698 0.037521 
1.175880 1.335085 1.412258 0.193925 0.583408 1.011372 0.961452 0.291583 0.328859 0.070284 0.164750 -0.038574 
1.374438 0.383922 1.414655 0.964519 2.106513 0.709317 1.784446 0.915856 0.968032 -0.067689 -0.044541 -0.010481 
0.798622 1.364581 0.812871 1.655436 1.195535 1.622458 0.901669 0.596204 0.286234 0.740080 -0.044458 0.010451 
1.017984 1.483421 1.242881 0.283134 1.735355 0.720065 1.229166 0.363011 0.564677 0.548367 0.132750 -0.012557 
1.749215 1.105944 1.045537 0.597487 1.867866 1.572594 0.976534 0.889747 0.328082 0.209132 -0.073208 0.042001 
2.581738 -0.599081 2.362404 0.102957 2.266075 0.699133 0.731004 1.488668 0.701671 0.640637 -0.078941 -0.068972 
4.044243 -0.302302 1.062686 1.017927 1.492313 1.191559 1.209617 0.496289 0.178824 0.340616 0.292899 0.037680 
4.577773 0.655288 1.817116 -0.037681 0.817205 2.663306 0.854605 -0.154284 -0.159041 0.766452 0.163516 -0.037998 
4.394698 3.187379 1.470703 0.457768 0.365632 0.556755 0.712604 0.610592 0.357296 0.274906 0.314928 0.064232 
4.982828 2.691737 2.902899 2.703223 3.014331 2.140154 1.221857 0.276211 -0.268673 0.091767 0.252197 0.058698 
4.932211 1.806143 4.223821 2.361415 2.019447 1.099673 1.203873 1.920965 0.692197 0.191040 0.175764 0.041573 
3.012337 2.608836 2.707889 2.644660 2.306920 1.834462 1.675203 0.915209 0.632014 0.446716 0.124555 0.065708 
2.711819 2.056118 2.051570 2.014465 1.502532 1.249734 1.264683 1.154373 0.760094 0.470040 0.162231 0.050970 
4.041478 3.121110 3.032944 1.853125 1.503904 0.134731 0.200150 0.849292 1.004399 0.764777 0.348920 0.123861 
3.330002 2.150713 2.322543 2.105408 2.381671 1.436655 1.215123 1.424591 0.583507 0.517105 0.325540 0.077423 
3.196692 1.005721 2.304074 0.391736 1.063742 1.156413 0.622171 1.481791 0.627863 0.222762 0.321612 0.021954 
2.671453 0.924602 1.822475 -0.113971 1.438576 1.045605 1.662277 1.127062 0.766636 0.270682 0.175507 0.020971 
-1.#IND00 -1.#IND00 -1.#IND00 -1.#IND00 -1.#IND00 -1.#IND00 -1.#IND00 -1.#IND00 -1.#IND00 -1.#IND00 -1.#IND00 -1.#IND00 
-1.#IND00 -1.#IND00 -1.#IND00 -1.#IND00 -1.#IND00 -1.#IND00 -1.#IND00 -1.#IND00 -1.#IND00 -1.#IND00 -1.#IND00 -1.#IND00 
