2.880023 0.345885 1.300092 -0.581091 0.781826 0.219093 -0.002280 0.422027 -0.151748 -0.177159 0.053155 -0.026141 
2.866774 0.444380 1.082105 -0.719378 0.697595 0.522273 1.041962 0.705774 0.363802 0.151330 0.149770 -0.023589 
2.901524 0.823707 1.219401 -0.211075 1.491253 0.999213 0.886625 0.562212 0.349768 -0.171685 0.071265 -0.003645 
2.691773 0.506029 1.806962 -0.371543 0.740886 0.425753 0.704633 0.963744 0.324860 0.568220 0.127062 -0.042338 
2.986186 0.469105 1.647729 -0.011539 1.942946 0.800542 1.140000 0.999109 0.104800 0.017522 0.121808 -0.011230 
2.946618 1.073668 1.146868 0.060289 1.159474 0.582618 1.312721 1.642743 0.057196 0.263651 -0.035542 -0.049579 
2.946451 1.366532 1.457963 0.372850 1.391434 1.093578 0.742639 1.284188 0.141717 0.192389 0.285715 0.002968 
2.859414 0.469508 1.636640 -0.297093 1.234258 1.266618 0.222560 0.315268 -0.156932 0.226193 0.147120 0.009536 
3.106747 0.787099 1.341961 0.103148 0.651843 0.010291 1.050921 0.477450 0.203998 0.030379 -0.001835 -0.002110 
3.213953 0.802384 0.870534 0.031890 0.836472 1.124112 0.545073 0.644502 0.345932 -0.339668 -0.006330 0.036706 
2.930587 0.596835 1.136728 -0.269221 0.472016 0.677922 0.576994 0.681227 0.089182 0.414239 0.313483 0.029949 
2.775613 0.880333 1.487803 -0.086066 1.172356 0.035273 0.754629 0.553106 0.471296 0.400806 0.073890 -0.003610 
3.201361 0.711034 0.924590 -0.399315 1.049069 0.701533 1.251913 0.839803 0.410372 0.350756 0.017821 -0.027040 
3.133109 0.988093 1.562930 -0.722875 1.109793 0.846824 0.522683 1.260099 0.510967 -0.003574 0.015017 -0.058224 
2.642973 0.834484 1.924814 -0.027390 0.906873 0.430721 0.536028 0.864598 0.653698 0.161774 -0.166430 0.005641 
2.993137 1.070363 1.157694 -0.178282 1.389464 0.229026 0.953617 0.665399 0.357422 0.554525 0.052712 -0.024497 
3.673829 1.635022 1.990447 1.023463 1.672729 1.274385 0.739507 0.836025 0.610196 0.690799 0.480469 0.058102 
6.700845 3.193690 3.068985 0.301557 -1.628919 0.251815 1.105506 0.034260 1.044344 -0.111858 -0.295738 -0.025982 
4.236910 2.450090 0.505537 0.121477 0.811957 1.135854 0.757352 0.544950 0.604326 0.492533 0.226968 0.028106 
4.311971 -1.475993 1.988084 1.596358 1.026080 1.755006 0.641136 0.414390 0.289017 0.070369 0.120268 0.037648 
2.497925 -0.267124 1.960305 0.766517 1.395458 0.643164 0.710068 0.636279 0.738828 0.260283 0.017997 -0.013471 
1.158186 0.517827 1.417478 1.618363 1.751816 1.803660 0.696576 0.612644 1.174050 -0.352871 0.074645 -0.009475 
0.955823 1.130453 0.907745 1.448925 2.140258 2.255628 0.756344 -0.438908 0.629009 -0.078490 -0.102688 0.003833 
1.177426 0.954471 2.387953 1.308706 1.529696 1.339921 0.334228 -0.556813 -0.014522 -0.419445 -0.160379 0.031463 
1.043368 1.193812 1.552201 1.008118 0.642327 -0.051605 -0.220288 -0.427555 -0.589839 -0.487900 0.052289 0.012047 
1.417345 1.201561 1.282333 0.126194 0.695622 -0.377796 -0.494124 -0.706991 -0.772514 -0.274507 -0.147194 0.057936 
1.811644 0.582898 0.868466 0.481677 -0.365372 0.218191 0.372906 -0.651459 -0.149811 -0.201182 -0.374473 0.068155 
1.757657 1.164536 -0.223496 0.295521 0.554594 0.460259 0.512751 -0.569405 -0.012110 -0.294967 -0.111190 0.045096 
1.430571 1.336256 -0.362753 0.230644 -0.091888 0.144334 -0.367673 -0.255223 0.173841 -0.120867 -0.117734 0.025293 
1.727504 1.217855 0.650389 0.333272 -0.382782 0.701126 0.019431 0.396906 0.724587 0.135514 0.007942 -0.045686 
0.786097 1.259237 1.160677 1.259700 1.314770 0.884815 1.829791 0.782881 0.042055 0.469293 0.023072 -0.010467 
1.204811 0.686447 1.557657 1.183603 1.673772 0.937419 1.701445 0.883853 0.853063 -0.304035 0.247426 0.012734 
1.245919 0.521793 1.505440 1.105287 0.935830 1.572356 1.485301 1.583002 0.636079 0.041052 0.081716 -0.014987 
1.455918 1.066774 0.763988 1.507961 1.219333 1.223413 0.811211 0.891302 0.329337 0.111995 0.375253 -0.012348 
2.715133 -0.111899 0.871684 0.710555 1.698022 1.322708 0.563981 1.177053 0.621547 0.356038 0.191607 -0.024437 
3.678092 -0.241111 1.396120 0.809551 0.494485 1.056731 0.320359 0.521633 0.753199 0.157169 -0.036506 0.018172 
4.769738 0.576644 1.070510 0.181172 0.595425 2.090717 0.546785 1.471174 0.606680 -0.343492 0.291932 0.148995 
3.627834 2.569698 1.934281 1.728496 1.341414 0.942849 0.637460 0.390228 0.297823 0.379362 0.374955 0.059281 
4.100204 3.102729 2.097773 1.452834 0.897342 0.471570 0.546752 0.368162 0.543706 0.308835 0.540741 0.122484 
3.174570 2.623160 2.330848 2.139319 1.964213 1.383021 0.919858 0.940689 0.599378 0.278379 0.168918 0.048026 
4.441044 3.118332 3.675238 4.452949 2.192306 0.592443 1.052193 1.965264 0.296969 -0.081813 0.187462 0.102225 
3.517223 2.796079 2.770369 2.437090 2.056521 1.472495 1.486118 1.459099 0.667459 0.314784 0.242940 0.073781 
3.188177 2.514550 3.127715 1.903360 2.502533 2.046365 1.117764 2.288854 0.700512 0.366918 -0.045960 0.038005 
3.197488 1.717027 2.164645 1.257303 1.926441 1.752658 1.251031 1.171633 0.420896 0.501350 0.332678 0.039513 
2.974115 0.676205 1.916297 0.072211 1.294189 0.643529 0.793866 0.963481 0.400614 0.316991 0.340093 0.018853 
3.226082 0.757263 2.130623 0.418024 1.461452 0.782334 0.498076 0.909682 0.168278 -0.107946 -0.044350 0.005019 
3.337244 0.557864 1.539493 -0.115672 1.419588 0.964862 0.605171 1.218481 0.401305 -0.108211 -0.013295 -0.033195 
3.175149 0.732403 1.424986 -0.016086 1.465084 0.635490 1.091175 1.339898 -0.137000 -0.108513 -0.223878 -0.042513 
-1.#IND00 -1.#IND00 -1.#IND00 -1.#IND00 -1.#IND00 -1.#IND00 -1.#IND00 -1.#IND00 -1.#IND00 -1.#IND00 -1.#IND00 -1.#IND00 
-1.#IND00 -1.#IND00 -1.#IND00 -1.#IND00 -1.#IND00 -1.#IND00 -1.#IND00 -1.#IND00 -1.#IND00 -1.#IND00 -1.#IND00 -1.#IND00 
