2.759047 0.863001 2.119064 0.432503 1.653229 -0.023358 0.194680 0.560398 0.575760 0.498348 0.216997 0.003472 
3.017733 0.804366 1.816558 0.745252 1.716836 -0.467770 0.214812 0.705879 0.398297 0.536200 0.354060 -0.004146 
2.701678 1.093232 2.197111 0.488214 1.298791 -0.052100 0.234438 0.354664 0.567441 0.332249 0.155936 0.009465 
2.713180 1.292904 2.069988 -0.050704 1.717304 0.621412 0.918934 1.075577 0.180397 0.255791 0.232419 -0.001164 
2.687161 0.947612 2.556391 -0.045387 1.474446 0.372938 0.497754 0.541206 0.257532 0.265877 0.223850 0.023973 
2.698360 1.123974 2.322487 0.295358 1.464803 0.938461 0.722101 0.927896 0.026224 0.174970 0.146285 -0.017458 
2.258137 0.989203 2.352879 0.839458 1.336205 0.764692 0.200859 0.797252 -0.082452 0.381127 0.119895 -0.042549 
2.444530 1.518135 2.454204 0.975491 1.101101 0.084374 0.981303 0.825702 0.504944 0.431759 0.402932 -0.004226 
2.390341 0.883000 1.946937 1.201290 1.958923 1.208878 0.953038 0.387047 0.382348 0.228660 0.068097 0.015973 
3.489629 -0.452800 0.976490 -0.199372 0.655460 0.022743 0.405165 1.052855 0.725024 -0.416823 -0.130256 -0.036581 
3.193673 0.730555 1.637661 0.552890 0.329390 -0.050447 0.244601 0.314969 0.674740 0.183865 0.012648 0.000194 
2.617098 1.019094 1.775349 0.688059 1.065045 0.742059 0.357186 0.777907 0.297062 0.387831 0.408055 -0.010098 
2.894555 0.123875 1.363646 1.482353 1.322116 0.090182 1.756513 1.448652 -0.608058 -0.102018 0.383721 0.063691 
2.389646 0.591051 1.752084 -0.101687 1.328079 1.094971 1.365912 1.214660 0.421917 0.231165 0.309337 -0.047484 
2.529179 1.317078 2.506807 0.989156 1.317168 1.471021 0.856285 0.739039 0.254666 0.063600 0.013918 0.005036 
2.225235 1.123545 1.824582 0.984138 1.472183 0.976885 0.350975 0.985900 0.288765 0.434373 0.007025 -0.026220 
2.350562 0.914519 2.319541 0.379685 1.526969 0.634259 0.706567 1.092688 0.415420 0.232774 0.132780 -0.021577 
2.576779 0.605129 2.308469 1.543580 1.769013 0.667681 0.700192 0.909318 0.387498 0.236676 0.337926 0.006057 
2.216821 1.043010 2.282342 0.322887 1.478227 0.682506 0.681525 1.537980 0.813583 0.578367 0.209443 -0.051230 
2.337283 0.721685 2.363526 -0.034920 1.603173 0.572217 0.958185 1.236918 0.589809 0.449163 0.262402 -0.043968 
2.406145 0.581426 2.414926 0.731923 1.118415 0.740710 1.179315 1.242571 0.125194 0.393145 0.288237 -0.044588 
1.084216 1.575163 1.835779 -0.165322 1.267007 -0.086946 1.943088 0.955744 -0.552853 0.762139 0.203556 -0.078041 
1.087279 1.010858 2.052508 0.647847 1.426586 0.590639 1.055159 0.920109 -0.069363 0.115563 0.039308 0.033982 
0.894804 1.245597 1.047699 1.237427 1.813221 1.500552 0.335239 0.913158 0.501910 -0.051676 0.126399 0.010902 
0.623758 1.258081 1.515846 1.439869 0.944459 1.311103 0.667484 0.907096 0.445619 0.336229 0.089904 0.008919 
0.740962 1.375193 0.865642 0.685095 1.847922 1.855051 1.361709 1.049254 0.711689 0.077779 0.285013 -0.083517 
0.722437 1.367001 1.224095 1.533921 1.295252 0.946817 0.782571 0.755652 0.550782 0.776694 -0.068900 -0.023714 
0.275088 1.546048 1.691240 1.639494 1.215198 1.203034 0.721428 0.922112 0.833774 0.199761 0.009770 -0.033235 
0.700109 1.053489 1.156177 1.720143 1.459657 1.483054 0.873906 1.187486 0.653535 0.036393 0.003163 -0.020532 
0.957030 1.120732 1.031765 1.491723 1.213106 1.877086 2.034988 0.739512 -0.055649 0.259014 -0.169545 0.037180 
0.643171 1.608058 0.562660 1.351682 2.236718 1.953355 0.516052 0.815921 0.657440 0.167226 0.014006 -0.009618 
0.948126 0.496830 2.073525 2.005169 1.607162 0.797513 0.822492 0.482292 0.762205 0.159234 -0.013095 0.011792 
0.712240 1.443931 1.619033 0.956450 1.605632 0.800481 0.706740 0.810160 1.156418 0.518693 -0.044108 -0.026983 
0.390227 1.006131 0.771333 1.884000 2.032133 2.243567 0.849812 1.549116 0.353704 0.086867 0.043026 0.029996 
0.465765 1.511848 1.287082 2.183610 0.976881 1.166934 1.581850 0.608486 0.477734 0.391340 -0.004898 0.033802 
1.216150 1.517195 1.178010 0.814527 1.047344 0.625319 1.500846 1.139212 0.434075 0.237863 0.178450 -0.063210 
1.198152 1.471184 0.315712 0.970005 1.183772 2.222704 0.712078 0.525322 0.344122 0.288103 0.103624 0.040806 
2.142315 -0.312066 1.122340 1.970394 1.891894 1.379434 0.601933 0.423479 0.105027 0.337380 0.301522 0.010866 
4.002838 0.378949 0.723619 0.788050 1.157211 0.589125 2.176366 0.591390 -0.184153 0.456606 0.147558 -0.008718 
5.051231 2.690217 0.790878 0.258230 1.574799 1.360980 1.041116 0.786559 0.886305 0.591115 0.187548 0.008175 
4.914775 3.145679 1.290814 0.690379 0.820577 0.918655 0.633856 0.279689 0.288488 0.234931 0.210818 0.054824 
4.187298 3.398649 2.220622 1.329510 1.002576 1.038300 0.981817 0.752335 0.400564 0.181545 0.153873 0.033433 
5.296642 3.308905 0.589292 -0.244429 0.719500 1.351952 0.930104 0.362697 0.199985 0.241980 0.402598 0.157153 
4.807857 -0.686190 1.866750 2.416153 0.697559 0.147940 0.226075 0.280086 0.595452 0.410127 -0.100672 -0.052513 
4.243432 3.248461 1.609643 0.364234 0.296459 0.876604 1.354143 1.306447 0.836142 0.307963 -0.004559 -0.025895 
3.336503 3.079464 2.897024 2.539006 2.068394 1.570697 1.139169 0.777094 0.547463 0.348371 0.216751 0.060381 
3.277888 2.998267 2.853805 2.520644 2.083968 1.586734 1.116916 0.732617 0.466120 0.299793 0.189505 0.046230 
3.683023 3.520728 3.462331 3.129940 2.485805 1.811835 1.078626 0.600643 0.176119 0.165393 0.133888 0.010757 
-1.#IND00 -1.#IND00 -1.#IND00 -1.#IND00 -1.#IND00 -1.#IND00 -1.#IND00 -1.#IND00 -1.#IND00 -1.#IND00 -1.#IND00 -1.#IND00 
-1.#IND00 -1.#IND00 -1.#IND00 -1.#IND00 -1.#IND00 -1.#IND00 -1.#IND00 -1.#IND00 -1.#IND00 -1.#IND00 -1.#IND00 -1.#IND00 
