2.345646 0.831661 2.026497 0.969996 2.068533 1.236330 1.748365 1.005011 0.776565 0.763441 0.260588 -0.001223 
2.440341 0.801710 1.934484 0.798319 2.595590 1.925775 0.745079 1.392059 0.956218 0.214645 0.275666 0.017604 
2.293116 0.917291 2.429606 1.254319 1.801965 1.091751 0.966812 1.295641 0.837582 0.003480 0.417432 0.035487 
2.382275 0.900986 2.313680 0.513046 1.083886 0.961936 0.592609 0.773721 0.653669 0.150536 0.285379 -0.009444 
2.241019 0.771971 2.299340 0.971277 1.960488 0.356871 0.497191 0.781348 0.667868 0.431157 -0.018138 0.007392 
2.176945 1.167093 2.492170 0.964163 1.569972 0.236023 0.540454 1.429019 0.821995 0.427108 0.324003 0.029425 
2.484757 0.800461 2.165645 0.752340 1.382615 0.536163 0.236108 0.696217 0.391626 0.582279 0.272566 0.009940 
2.589342 0.747403 2.195954 0.569717 2.904739 0.841757 0.689836 0.613787 0.130177 0.336911 0.334709 0.024257 
2.434567 1.188610 2.281269 0.120076 1.280639 -0.141585 0.184937 0.434886 0.417525 0.277332 0.398749 0.046696 
2.458976 1.421266 2.517177 1.024201 1.306048 0.035372 0.278216 0.601283 0.111152 0.652805 0.281097 0.001712 
2.728402 1.022881 2.599455 0.765408 1.261805 0.383554 0.504413 0.502607 -0.234739 0.303177 0.154033 -0.015945 
2.772439 0.987094 2.444041 0.204875 1.154341 0.183818 -0.079570 0.014256 0.199167 0.704978 0.264994 0.024058 
2.788790 0.969783 2.545982 0.055267 0.859490 -0.024278 0.093061 -0.244607 0.216321 0.921236 0.210618 0.027718 
2.498515 0.885236 1.948582 1.007370 0.827873 0.313240 -0.255738 0.690045 -0.169227 0.040568 0.211074 0.022270 
2.392386 0.737281 2.614116 0.237929 1.519587 1.136438 0.742216 0.290229 0.375302 0.208283 0.203741 0.030955 
2.589539 0.767525 2.962332 1.042338 0.822024 0.307801 -0.569773 0.023585 0.697766 0.582629 0.315350 0.028860 
2.575647 0.869637 2.223352 0.539992 0.987303 0.548671 0.183018 0.342144 0.326354 0.497391 0.299804 -0.019911 
2.949233 0.918983 2.453624 0.956523 1.831883 0.510715 1.146135 0.387570 0.369977 0.059661 0.322653 0.070913 
2.748710 1.341225 2.519913 0.797713 1.318712 0.693195 0.669050 0.724423 0.539492 0.498455 -0.011131 -0.000941 
2.895574 1.036691 1.910450 0.327834 1.129362 0.785041 0.643479 0.829719 0.449070 0.124195 0.105284 0.012888 
2.788174 0.930565 2.314593 -0.335618 0.849504 0.844165 0.540989 0.285370 0.533165 0.178951 0.069117 -0.007315 
3.036798 1.385497 2.592554 0.751296 1.620760 0.283303 0.512998 1.170948 0.522050 0.424198 -0.005028 -0.011776 
0.936428 2.078817 1.029079 1.706249 -1.016576 -1.705386 -0.030792 0.610393 0.371271 0.067302 0.438452 0.110907 
1.019597 0.647857 1.180544 3.198645 1.915005 -0.821442 1.465089 0.552515 0.564196 0.334974 0.042181 -0.015735 
1.042831 1.284003 1.626987 1.289404 0.953016 2.162531 0.576434 0.356956 0.908776 0.332012 0.184610 -0.059959 
0.856118 0.998386 0.759453 1.790180 1.413229 1.465884 1.577313 1.020715 0.474787 0.126023 -0.030949 -0.029278 
0.715179 1.344141 1.501955 0.993232 0.573436 2.065587 1.687546 0.213905 0.695717 0.296958 -0.093548 -0.018765 
0.474659 1.226680 0.880504 1.739246 2.119008 1.486674 0.906992 1.039170 0.435548 0.335231 0.015658 -0.029537 
0.718343 0.837110 1.412306 1.862210 1.634652 1.594966 1.608695 0.109746 0.493636 0.095459 0.161707 -0.001497 
0.740791 1.148350 1.277230 1.025936 1.201353 1.619736 1.605284 1.432140 0.142489 0.195570 0.046231 -0.028867 
0.648912 1.124317 1.314616 1.513901 1.914608 1.689987 1.035062 0.722120 0.097503 0.455875 0.109798 -0.027136 
0.413636 1.232800 1.249246 1.668597 1.319670 1.031811 1.676848 1.517857 0.301271 0.429461 -0.025486 -0.015384 
0.925268 0.740230 1.520723 1.270570 1.521659 1.021790 1.350844 1.006019 0.397864 -0.123486 0.318861 -0.033801 
0.976515 0.993417 1.436497 1.101619 0.960811 1.514880 1.597447 1.009490 0.235770 0.429176 0.046367 -0.060989 
1.696990 0.550177 1.065279 0.737130 1.961152 0.860112 1.820417 0.631324 0.657244 0.272110 0.042316 -0.058408 
7.048984 2.649739 -1.256937 -0.371087 0.883995 1.932873 0.834154 0.564874 1.054976 0.365514 0.182862 0.028783 
6.138379 3.538034 2.089005 1.675225 0.931590 0.581562 0.653342 0.735649 0.469739 0.008819 0.001658 0.003463 
7.086299 1.437514 1.353990 1.903349 0.029114 0.177284 0.960317 0.439165 0.958941 0.343310 -0.042319 0.000755 
4.425037 3.370835 2.566087 1.688361 0.666744 0.285578 0.418771 0.606495 0.642360 0.500361 0.242986 0.069136 
3.970586 2.798644 1.804500 1.609282 1.730294 1.512981 1.038470 0.673634 0.366058 0.233638 0.336418 0.077151 
2.945497 1.869745 1.359495 1.746493 2.358335 2.644758 1.979273 0.614119 -0.231037 -0.138431 0.238875 0.104763 
3.935924 1.807688 0.859082 1.791351 3.020197 3.480741 2.143686 0.390099 -0.764883 -0.021019 0.023665 0.115588 
4.194180 1.688164 1.379733 1.032862 2.783876 3.667823 3.003322 0.957529 0.407301 -0.064745 0.045466 0.141542 
3.962367 2.058390 2.430871 2.263023 2.760480 2.613530 2.374332 1.416852 0.302617 0.479167 0.105486 0.072225 
3.287726 1.845768 2.611585 1.788002 1.947213 1.592935 2.124114 1.381327 0.326762 0.279713 0.305415 0.075625 
2.779277 1.363316 2.671063 1.074148 1.626627 1.398047 1.840574 1.747070 0.517654 0.429619 0.162683 0.013716 
2.775583 1.277000 2.093665 0.777622 1.285103 1.532046 1.280984 1.195896 0.390453 0.632591 0.027075 -0.023108 
3.074619 1.017486 2.008823 0.463144 2.086622 1.614817 1.811476 1.259145 0.676046 0.712783 0.052204 -0.002232 
-1.#IND00 -1.#IND00 -1.#IND00 -1.#IND00 -1.#IND00 -1.#IND00 -1.#IND00 -1.#IND00 -1.#IND00 -1.#IND00 -1.#IND00 -1.#IND00 
-1.#IND00 -1.#IND00 -1.#IND00 -1.#IND00 -1.#IND00 -1.#IND00 -1.#IND00 -1.#IND00 -1.#IND00 -1.#IND00 -1.#IND00 -1.#IND00 
