2.306674 1.141298 2.325061 0.351214 1.391490 1.379705 0.398299 0.276440 1.051694 0.458004 0.114635 0.039134 
2.510665 1.418419 2.709460 0.918377 1.643652 0.930971 0.959129 0.349135 0.633963 0.331249 0.041000 0.033064 
2.550211 1.344572 2.743132 0.595681 1.749397 1.336885 0.884761 0.934502 0.303981 0.714354 0.579556 0.002981 
2.367733 0.720316 1.948085 0.704304 1.405956 0.720112 0.734915 0.844226 0.283896 0.154678 0.269682 0.006641 
2.324184 0.472234 1.409780 0.735992 1.299711 0.711535 0.364764 1.121207 0.000869 0.528347 0.291488 -0.012404 
2.263729 0.121902 1.893437 0.306591 2.443275 0.714244 0.766913 0.282684 -0.080513 0.274275 0.208582 0.029469 
2.544223 0.801588 2.411088 0.956619 1.512774 1.099612 1.012938 1.074054 0.709745 0.764783 0.213810 -0.004871 
2.379094 1.042422 2.677926 0.363291 1.041027 0.544247 0.933428 1.207381 0.297882 0.191523 0.185016 0.004600 
2.260981 1.318457 2.168222 0.395855 1.681262 0.763004 0.720094 1.188304 0.541622 0.369325 0.236042 -0.000313 
2.276767 0.801205 2.336551 0.586278 1.977737 0.848044 0.904267 1.429806 0.508417 0.426885 0.074163 0.000536 
2.683945 0.809916 2.374309 0.219254 1.003847 0.570189 1.101714 0.903158 0.144228 0.618890 0.118633 -0.038953 
2.465624 0.698731 1.677165 0.362527 1.461749 0.877894 0.488080 1.115674 0.302226 0.386290 -0.106855 -0.025833 
2.539597 0.987069 2.472720 0.173209 0.699441 0.516837 0.539070 0.269162 0.461588 0.007555 0.105398 0.055811 
2.526117 1.390055 2.154927 0.992302 1.029207 0.736384 1.280433 0.817930 0.633774 0.721607 0.247016 -0.003524 
2.269741 1.128056 2.249770 0.238671 1.441440 1.178156 0.990131 0.956343 1.309199 0.467330 0.250047 -0.004773 
2.382789 1.056970 2.676561 0.163487 1.727620 1.025707 1.479501 0.020024 0.254165 0.413388 0.509300 0.030962 
2.085052 0.761462 1.962496 0.992101 0.435650 -0.193306 0.777522 0.871882 -0.006190 0.540040 0.128639 -0.030874 
2.358317 0.657734 2.302061 1.022422 1.576844 0.853022 0.667114 0.949612 -0.082131 0.240490 0.113923 -0.007226 
2.370403 0.663568 2.375731 0.850605 1.356818 0.465665 0.645186 0.333557 0.635169 0.323912 0.102968 0.016529 
2.686545 1.101631 2.410346 1.129099 1.478890 1.051056 0.169530 0.601625 0.073037 0.561124 0.389491 -0.008036 
1.459059 1.747006 0.223660 0.666601 0.568348 -0.629924 -0.479131 -0.325152 -0.079565 0.188490 0.273822 0.015614 
1.344406 1.321632 1.537867 0.836941 1.131664 0.431206 1.000639 0.218676 0.078202 0.014613 0.146450 -0.006773 
0.835652 0.996133 0.887498 2.352750 1.717040 1.212192 0.896597 0.715854 0.064957 0.330490 0.263184 -0.073906 
0.879946 0.797871 1.362588 1.585972 1.263169 2.051338 0.832655 0.966348 -0.051596 0.424058 0.099812 -0.058983 
0.335188 1.043560 1.254820 1.541525 1.768910 1.852944 1.537211 0.450427 0.856503 0.451201 0.102828 -0.122656 
0.483889 1.305146 1.859685 1.552071 0.646390 1.127601 1.846543 1.420756 0.297564 0.228371 -0.063924 0.004223 
0.655838 1.049185 0.933067 1.338905 1.911691 1.404326 1.644073 1.072234 0.213476 0.255915 0.093900 -0.049722 
0.879051 1.357457 1.228237 1.126886 0.768139 1.325603 1.347193 0.344764 1.124553 0.360287 0.166457 -0.129441 
1.068144 1.077433 1.064640 1.395211 1.621668 1.050704 1.435222 0.913957 0.133709 0.075552 0.022107 -0.023100 
1.110221 1.171257 1.294841 1.533405 1.445212 0.660313 1.190790 1.266303 0.487541 0.001128 0.296306 -0.086263 
2.915230 -0.737302 2.172750 0.672810 1.765901 1.060325 1.112061 0.689939 0.514386 0.104631 0.091920 0.020317 
4.461494 -2.027111 2.203086 0.747905 1.208706 1.109525 0.964808 1.234064 0.791773 0.427728 0.212723 -0.013104 
4.514567 1.428717 -0.640442 0.375667 1.621076 1.320822 0.959282 1.033898 0.781866 0.311151 0.129133 0.001118 
4.061621 2.661402 0.926905 0.167386 0.481621 0.766158 0.557012 0.349498 0.355109 0.335827 0.170708 0.052250 
4.380481 3.772581 2.458655 1.042037 0.293351 0.305683 0.544899 0.550861 0.315837 0.050898 0.050729 0.002000 
3.742868 3.207578 2.423027 1.532623 0.827419 0.447604 0.383822 0.432225 0.368849 0.262489 0.168501 0.054668 
3.331502 2.953007 2.516201 1.901225 1.162216 0.594922 0.287046 0.167380 0.211114 0.241829 0.207229 0.052706 
3.263907 2.974918 2.786347 2.459843 2.007591 1.484785 1.022949 0.653724 0.392734 0.227535 0.125811 0.036089 
3.101976 2.762318 2.558757 2.224767 1.873253 1.428130 1.058245 0.692694 0.437330 0.258687 0.141133 0.045402 
3.319019 2.943007 3.029914 2.822781 2.267746 1.577809 1.348107 0.952765 0.484761 0.200720 0.109228 0.041060 
3.288034 2.974960 2.973921 2.823725 2.428612 1.792613 1.341633 1.008444 0.532138 0.327963 0.174557 0.055108 
2.791593 2.407886 2.205661 1.836367 1.651451 1.417753 1.048103 0.783194 0.530216 0.394972 0.098839 0.042792 
3.086276 2.669921 2.780654 2.944997 2.643324 1.984762 1.648889 1.300254 0.757278 0.385310 0.183598 0.087336 
2.626031 1.338826 2.651768 1.856401 2.081586 1.185335 1.364849 1.832449 0.944621 0.533304 0.184208 0.068818 
2.700212 1.134943 2.476051 1.070083 1.314011 1.452609 1.618247 0.891523 0.580369 0.530899 0.211408 0.040520 
2.874779 1.075049 2.489051 1.539117 1.611276 1.577163 1.421642 1.527696 0.953077 0.119496 0.403617 0.092501 
2.468785 1.487113 2.595176 0.893874 1.010387 1.212550 1.373923 0.910233 -0.098837 0.136811 0.173754 0.007291 
2.646155 0.822527 2.901147 0.750042 1.869491 1.390439 1.313894 1.574596 0.516171 0.774311 0.446025 0.007768 
-1.#IND00 -1.#IND00 -1.#IND00 -1.#IND00 -1.#IND00 -1.#IND00 -1.#IND00 -1.#IND00 -1.#IND00 -1.#IND00 -1.#IND00 -1.#IND00 
-1.#IND00 -1.#IND00 -1.#IND00 -1.#IND00 -1.#IND00 -1.#IND00 -1.#IND00 -1.#IND00 -1.#IND00 -1.#IND00 -1.#IND00 -1.#IND00 
