-0.175152 0.237768 0.207053 0.081675 0.189078 0.296865 0.228224 0.226034 -0.259239 0.047280 -0.100632 0.103283 
0.015126 0.092930 -0.012500 -0.461230 0.149733 -0.034069 -0.296439 0.047273 -0.045687 0.275394 -0.164294 0.010173 
0.070328 -0.151008 -0.201003 0.523192 0.229823 0.164034 0.203785 0.239284 0.208754 -0.216537 0.319569 -0.022600 
1.767134 1.165162 2.096512 -0.593143 2.399402 -0.909542 1.992915 0.012624 0.717330 0.562168 -0.177388 0.064615 
2.757926 1.069405 1.764909 -0.805754 1.052122 0.386224 0.498414 0.418574 0.121723 0.116175 -0.005634 0.026572 
2.948054 0.747296 1.889946 1.197928 0.796773 0.468783 0.898239 0.777756 0.733481 0.372325 0.391404 0.025970 
2.734745 0.971216 1.646793 0.366796 0.749709 0.032796 0.946068 0.699597 0.184936 0.353199 0.117690 0.007475 
2.689895 0.945673 1.602981 0.579873 1.584760 0.969814 0.954349 1.069504 0.189466 0.060623 0.027704 0.015246 
2.531944 1.064785 1.646934 0.828634 1.698271 1.121725 1.145950 0.724816 0.405981 0.535876 0.170708 -0.012249 
2.629156 1.075003 2.217578 -0.007526 1.391536 0.765353 1.002671 1.347554 0.262992 0.356507 0.065184 -0.012930 
2.661911 0.902392 1.027841 -0.262208 1.086504 1.123072 1.019975 1.108940 0.555103 0.278575 0.307533 -0.027313 
3.083384 0.919533 1.342537 0.022516 0.697335 0.533695 0.235963 0.523645 -0.198696 -0.161537 -0.021463 0.019726 
2.904038 0.601046 1.323923 0.231885 1.202838 0.011883 -0.155879 1.024006 0.339126 0.353526 -0.043839 -0.027815 
3.018311 0.681324 2.319224 0.495773 0.363361 1.093678 1.134108 1.672478 0.667497 0.222882 0.285050 0.004550 
2.846819 0.797251 1.579447 -0.023435 1.523655 0.439646 0.571642 0.539404 0.497733 0.538698 0.378115 -0.001310 
2.611611 0.719559 1.883769 0.271763 1.534804 1.364553 0.403367 1.423788 0.274327 0.282278 0.197883 -0.015437 
2.939922 0.935930 1.834264 0.116424 1.235932 1.118483 0.680662 1.069230 0.550965 0.435980 0.045541 -0.014620 
2.643866 0.709506 1.808255 0.396777 0.832165 0.787491 1.236052 1.209819 0.438643 0.648304 0.097411 -0.031725 
2.913847 0.698075 1.345508 0.364565 0.578352 0.446401 0.376161 0.563652 0.510921 0.153188 0.234057 0.021516 
2.903011 1.091585 1.534869 -0.080274 1.229621 0.776162 0.747170 1.219407 0.951643 -0.027507 0.072047 -0.009565 
1.621301 1.234273 0.642870 0.116758 -0.417695 -0.043497 -1.522034 0.073369 0.921382 -0.010765 0.356477 0.079423 
0.767227 1.296342 1.448803 1.222261 1.957075 0.901311 0.844807 0.577498 0.632144 0.179359 0.145831 -0.072885 
0.881020 1.248598 0.917677 1.623907 0.887202 1.676883 1.685610 0.373677 0.648958 0.108807 0.106910 -0.088094 
1.124751 0.917974 1.268024 1.377951 0.974621 1.025022 0.925260 0.756958 0.698423 0.057789 0.308451 -0.089708 
0.742939 1.079638 1.049385 0.650079 2.169252 1.992272 1.392614 0.676965 0.555857 -0.121692 0.060870 -0.010166 
0.947780 1.175346 1.760129 2.057677 1.297870 0.903399 0.084276 0.685612 0.172814 0.472178 0.101636 -0.043230 
0.968934 0.712208 1.407810 1.251401 1.576115 1.902228 1.081620 0.541709 0.857230 0.093944 0.178070 -0.084696 
0.908153 1.224595 1.766851 0.966998 1.070306 1.690238 1.106622 0.420126 0.875051 0.220814 0.007427 -0.033971 
1.047880 0.699970 2.084444 1.963379 1.192858 0.706430 0.488419 0.981348 1.084601 0.026454 0.256514 -0.101341 
0.764723 1.287864 1.538569 1.490401 1.313103 0.978306 1.407021 0.772568 0.334359 0.269966 -0.048345 -0.049404 
1.008126 0.859571 1.181910 1.271219 1.895374 1.211662 1.109291 0.762507 0.470288 0.089415 -0.005991 -0.047875 
1.626692 0.392127 2.083540 0.773409 1.300475 0.677960 1.229987 1.240763 0.553452 -0.001747 0.022632 -0.000841 
3.415243 -0.467175 1.207096 0.032197 0.952102 1.420718 0.818346 0.612109 0.564600 0.504568 0.165767 -0.030173 
3.811178 0.586165 0.717666 0.851010 1.362644 0.985867 0.431078 1.025321 0.366708 -0.267080 0.167302 0.065465 
6.504633 4.295159 1.021491 -0.416268 0.529978 1.352692 1.120776 0.400467 0.112802 0.220942 0.224308 0.121530 
5.506953 3.736778 1.000608 -0.229054 0.438217 1.192374 1.040406 0.529001 0.328006 0.237417 0.046717 0.015849 
4.365078 3.772576 2.465904 0.901974 -0.060633 -0.225509 0.147538 0.506915 0.572631 0.412907 0.154104 0.039146 
3.907914 3.646318 3.033173 1.920256 1.028767 0.314116 0.050654 0.118698 0.196767 0.247669 0.221790 0.072582 
4.328124 4.125964 3.425856 2.443463 1.141359 0.254890 0.047410 0.177341 0.354954 0.341180 0.067300 0.055582 
4.198310 4.156862 3.787469 2.926293 1.818514 0.784503 0.150591 0.261613 0.477521 0.397315 0.066144 0.063891 
3.535731 2.912912 3.295421 3.786898 2.537221 1.117324 1.335990 1.575806 0.453156 -0.052777 0.197050 0.068204 
3.375793 3.093765 3.101336 3.159315 2.839930 2.121273 1.770787 1.181867 0.663100 0.457048 0.266711 0.088201 
3.219157 2.512199 2.958258 3.090106 2.271532 1.607170 1.678349 1.704240 0.990967 0.308539 0.139252 0.099276 
3.526728 2.915229 3.165048 3.199699 2.557664 1.637914 1.035287 0.774307 0.183854 0.107542 0.204908 0.028704 
2.704835 1.273051 2.137734 0.686942 1.519413 1.524252 1.147195 1.382883 0.754103 0.252456 0.373784 0.045604 
3.081609 1.112277 2.253607 0.775037 1.323002 1.622549 0.664692 1.338367 0.941589 0.578063 0.321847 0.034155 
2.831217 1.198081 2.039200 0.078235 1.950180 1.209703 0.677840 0.922925 1.141202 0.327780 0.007854 0.034453 
2.882992 0.855865 1.993260 0.265912 0.989025 1.011383 0.718658 1.419027 0.223869 0.097183 0.112133 0.016421 
-1.#IND00 -1.#IND00 -1.#IND00 -1.#IND00 -1.#IND00 -1.#IND00 -1.#IND00 -1.#IND00 -1.#IND00 -1.#IND00 -1.#IND00 -1.#IND00 
-1.#IND00 -1.#IND00 -1.#IND00 -1.#IND00 -1.#IND00 -1.#IND00 -1.#IND00 -1.#IND00 -1.#IND00 -1.#IND00 -1.#IND00 -1.#IND00 
