2.829160 0.912002 2.059111 0.263539 1.320828 0.936276 -0.282889 0.254438 0.576878 0.294126 0.151112 -0.003666 
2.807792 0.436611 1.567583 0.466907 1.678786 0.296048 -0.313971 0.444774 0.588060 0.097103 0.135953 0.014534 
2.801980 0.419666 1.293017 0.321528 0.594543 0.752830 0.242195 -0.041111 0.389130 0.502191 0.196270 0.047735 
3.015961 0.470146 1.578676 0.442699 1.570609 0.238181 -0.438131 -0.059370 0.710965 0.197294 0.018930 0.032419 
2.955140 0.412765 1.624130 -0.180009 0.955022 0.595565 0.196390 0.138869 0.172201 0.286537 0.083796 0.029699 
3.403079 0.097104 1.202772 -0.221076 0.749731 0.266528 0.062449 0.308207 0.135166 0.251819 -0.094578 -0.041114 
3.251762 0.610972 1.549778 0.207148 1.136252 0.918897 0.059575 0.397285 0.516521 0.445526 0.065895 0.001257 
3.171205 0.274429 1.140158 0.449068 1.218662 0.797461 -0.446782 0.708379 0.910815 0.301729 -0.347375 -0.043680 
3.119868 0.441064 1.156312 0.139140 0.886935 0.436679 0.317995 0.206461 0.144640 0.716359 -0.066277 -0.047210 
3.237495 0.537512 1.494128 0.027574 0.248806 -0.743588 -0.381949 0.143938 0.838555 0.540151 0.222247 0.070875 
2.778829 0.947545 1.481097 -0.387212 1.030927 -0.274235 -0.186753 0.125304 1.139440 0.516675 0.049139 0.001051 
2.842285 0.595286 1.434559 0.396430 0.794485 0.503930 0.398944 0.234542 0.638284 0.459173 0.026621 -0.038160 
2.591546 0.789363 1.708429 0.081631 1.749499 0.769226 -0.173477 0.754330 0.061036 0.482978 -0.022093 -0.046099 
2.281341 0.365184 2.390176 0.316185 1.825381 1.393765 0.802988 0.803584 -0.050150 0.067820 0.085827 0.015928 
2.533508 0.681796 2.149545 0.919761 1.982064 0.346765 0.644357 1.098938 0.440671 0.322164 0.307232 -0.017829 
2.610943 0.726868 2.244837 0.859184 1.695778 0.870288 0.430542 0.699371 0.753105 0.768229 0.285671 -0.028876 
2.657322 0.746785 2.074282 0.506949 1.548543 0.616655 0.715225 1.685878 0.409150 0.023241 0.385476 0.013107 
2.886560 -1.142871 1.595901 0.524866 1.167877 0.547604 1.786446 1.516522 -0.218756 -0.400414 0.338693 0.100144 
2.364140 0.605191 1.685523 0.717405 1.369249 0.516796 1.680059 0.870350 0.096241 0.163584 0.332877 0.037638 
2.085173 0.876396 1.473832 0.604889 1.866291 0.853254 1.245406 0.547867 -0.022454 0.429993 0.114887 0.001895 
2.311242 1.155333 2.160432 1.004333 1.801564 0.614697 1.175565 0.802202 0.420062 0.481240 0.252083 -0.003000 
2.622740 0.658741 2.329864 0.494709 1.480542 -0.423994 0.704746 1.080805 0.529593 0.388349 0.182336 0.026941 
2.414385 0.144933 2.048132 1.449978 1.351083 1.053656 1.030145 0.982463 0.318756 0.524208 0.187216 -0.043889 
1.993625 -0.285953 -0.746720 -0.461464 1.094797 0.667373 -0.215753 0.473690 0.360952 -0.200047 -0.118436 -0.154750 
0.790972 1.028472 1.526722 1.290711 1.336460 1.553190 1.947935 0.706968 0.403789 0.035281 0.107181 0.001057 
0.801941 1.083995 1.938369 1.699100 0.561144 0.672354 0.899807 1.194335 0.392031 0.399996 0.225332 -0.086966 
0.928000 1.355973 0.978033 1.587782 1.466298 0.777545 1.356145 0.819067 0.479876 0.153305 -0.030009 0.021852 
1.344365 1.559267 0.685293 1.235750 1.224201 0.462851 1.233611 1.673929 0.437912 0.247986 0.067154 -0.047931 
1.101899 1.513424 0.623323 1.393065 0.672676 2.494405 1.231801 0.453566 0.642910 0.206764 -0.029793 0.000367 
1.217975 1.432377 1.411146 0.703412 1.365974 1.182518 1.086006 0.683100 0.263591 0.392804 0.081664 -0.027631 
1.088202 1.403402 1.782187 0.658329 1.149082 0.448083 1.418656 0.755199 0.610564 0.350690 -0.023008 -0.010137 
0.642331 1.371529 1.483236 1.700192 1.646919 1.183491 0.847050 0.825559 0.676809 -0.060735 0.043704 0.004518 
0.913878 0.606073 0.342147 2.195454 2.137253 1.069664 1.790553 1.156429 0.222121 0.156213 0.073468 -0.009457 
0.465167 0.936407 1.409059 2.007651 1.870338 0.461002 1.482489 1.184696 0.448515 0.087656 -0.062933 0.066129 
0.408689 1.773607 2.425228 0.008880 1.504063 0.596052 1.881858 0.276325 0.385122 0.120642 -0.002664 0.031877 
0.787094 1.222267 1.631138 1.912988 0.736126 1.834242 0.669734 0.684823 0.086362 0.216702 0.358817 -0.061333 
0.526641 1.498162 1.581749 1.346696 1.818936 1.523475 0.789929 0.400414 0.651819 -0.240861 0.068275 0.041445 
0.120310 1.060112 2.216464 1.669470 2.508624 0.911333 1.096000 0.002603 0.809156 0.132813 0.090003 0.006493 
0.479948 1.296464 1.630577 1.701824 2.717266 0.115015 0.671472 0.897441 0.734435 -0.014121 0.067533 0.007686 
0.952198 1.735449 0.856799 1.450075 1.291773 0.480704 1.266375 0.363842 0.326637 0.195382 -0.003069 0.032219 
0.820172 1.176657 1.542117 1.162569 1.342863 1.607450 0.396973 1.211665 0.174145 0.395421 0.109505 -0.042335 
1.546129 0.585875 1.113418 1.319217 2.178281 0.898447 1.113298 0.488181 0.682779 0.436269 0.082516 -0.043873 
1.800063 0.819737 1.092985 0.864451 1.626363 1.226189 1.531827 0.501706 0.341270 0.217026 -0.219520 0.037721 
3.052119 0.173071 1.211647 1.497417 0.666758 0.955558 1.085647 1.402933 0.904211 -0.062649 -0.033061 0.014431 
4.932594 0.874178 0.159064 1.235619 0.606596 0.166916 0.220064 0.429568 0.851520 0.502968 -0.027889 -0.068682 
5.428331 -0.282649 -0.002169 1.449197 0.606792 0.885575 1.662977 0.400614 0.351724 0.671460 0.256377 -0.054448 
5.557785 1.750705 0.358721 -0.124041 0.830294 0.869309 0.495184 0.696956 1.027934 0.368424 0.221373 0.052655 
3.811527 1.586697 -0.002422 0.592351 1.727357 1.675501 1.008230 0.476575 0.253379 0.204347 0.114305 0.009321 
-1.#IND00 -1.#IND00 -1.#IND00 -1.#IND00 -1.#IND00 -1.#IND00 -1.#IND00 -1.#IND00 -1.#IND00 -1.#IND00 -1.#IND00 -1.#IND00 
-1.#IND00 -1.#IND00 -1.#IND00 -1.#IND00 -1.#IND00 -1.#IND00 -1.#IND00 -1.#IND00 -1.#IND00 -1.#IND00 -1.#IND00 -1.#IND00 
