2.631510 1.013558 1.754028 0.172920 1.192762 0.475679 0.378162 0.602429 0.011979 0.860419 0.017781 -0.041809 
2.684949 1.030131 2.122641 0.574659 1.499617 0.320255 0.477719 0.297597 0.052860 0.590439 0.174837 -0.026394 
2.225121 0.517770 2.426271 0.546700 2.060227 1.223038 0.282021 0.512597 0.436227 0.148060 0.193464 0.034568 
2.495234 0.932417 1.968548 0.756574 1.364196 0.451591 0.822626 0.306117 0.381184 0.275231 0.031290 -0.022738 
2.391010 0.543759 1.650974 -0.057478 1.266872 0.456710 0.572523 0.327225 -0.319796 0.092525 0.198999 0.002728 
2.738913 0.589631 2.323667 1.118020 0.465811 0.940351 1.038268 0.608589 0.549491 0.421669 0.450291 0.017375 
2.854454 0.865017 2.299500 0.321262 0.455712 0.511100 -0.155580 0.586133 0.018305 0.394261 0.081877 -0.043657 
2.743096 -0.183220 2.214742 0.691956 1.141879 0.108182 1.315531 0.971643 0.454782 0.686946 0.162671 -0.071885 
2.877418 -0.038257 1.552995 0.134469 0.366801 -0.063611 1.118029 0.888215 0.501362 0.302658 0.103737 -0.011440 
2.566258 0.503088 2.584637 1.273058 1.172399 -0.557102 1.415770 1.087451 -0.077511 0.335296 0.187903 0.004623 
2.593200 0.065796 2.005921 1.352792 0.526105 -0.212939 1.382599 0.566970 0.127776 0.401873 0.249731 -0.015537 
2.686438 0.749563 2.052140 0.552622 1.748343 0.767806 1.329339 0.939768 0.106999 0.307162 0.258065 0.015015 
2.511279 0.767510 2.767252 0.951799 1.407930 1.356235 0.396114 0.204098 0.816725 0.844575 0.182299 -0.000346 
2.471652 -0.135239 1.510210 1.341064 1.773640 -0.119528 0.718613 0.556781 0.554361 0.277009 0.103582 0.000223 
2.975011 -1.001310 1.270460 1.740839 0.751820 -0.140407 1.195112 0.612296 -0.317831 -0.289566 0.388476 0.088852 
2.420478 0.188770 2.660072 1.086239 1.105139 1.313480 0.827634 0.351216 -0.280770 0.198621 0.302167 0.000555 
2.555536 0.868398 2.597040 0.637665 1.534427 0.487371 1.206060 0.492463 0.300271 0.334493 0.240929 0.028959 
2.356737 0.475214 2.144287 0.322574 0.861673 0.102420 0.535360 0.532442 0.239321 0.099057 -0.017584 -0.008217 
2.171431 0.760566 1.721592 0.327802 1.172006 0.780719 1.164673 0.889694 -0.037686 -0.314932 0.083800 0.038333 
2.088358 0.286043 3.141338 0.281251 1.288261 1.114575 0.743632 0.260424 0.157012 0.195027 0.454706 -0.006939 
2.289544 0.408730 2.916558 0.198840 1.929699 0.790672 0.950297 1.150335 0.355034 0.545548 0.166519 -0.036050 
2.496782 0.837153 2.515937 0.573642 2.275508 0.336505 0.346558 0.908179 0.799983 0.117675 0.134730 0.034178 
2.575817 0.479195 2.287477 0.626548 1.285838 -0.114843 0.967549 0.709729 -0.035332 0.554670 0.126650 -0.005259 
1.581882 0.686999 -1.216377 -0.560866 1.334219 -0.727826 -0.460136 -0.079337 0.818842 0.350480 0.212164 -0.010020 
0.549550 1.860054 1.463970 1.460032 2.096415 0.919566 0.557342 1.152389 0.448177 0.091608 -0.075383 0.078116 
0.898840 1.374895 0.970520 1.286183 1.416039 0.904243 1.491601 0.112947 0.081737 0.578465 0.318808 -0.043430 
0.447697 1.189054 1.354104 0.971727 1.427568 2.235352 1.066817 0.452730 0.162775 0.669465 0.149960 -0.035006 
0.306570 0.687859 2.081838 1.672463 1.580156 1.098457 2.109277 0.932017 0.425390 0.361725 0.103026 -0.002875 
0.468287 1.326960 1.931684 1.973948 1.154598 0.886014 1.483678 0.710584 0.686790 0.202195 0.107314 -0.016856 
0.678010 1.077046 1.858794 1.349100 0.958943 1.379946 1.536124 0.682350 0.937689 -0.183480 0.341281 -0.075941 
0.217180 0.838522 1.763957 1.660456 1.620007 1.850812 1.511156 0.998365 0.935608 -0.100790 0.003121 0.021423 
0.615113 0.772734 1.600086 1.364850 1.978949 1.687481 0.670394 1.561008 0.261166 0.255859 0.070159 -0.051622 
0.759726 0.960942 2.040406 2.252096 0.897212 0.964591 0.717340 0.931789 0.622938 -0.165891 0.050533 0.031930 
0.821374 1.180624 2.262201 1.162351 0.886306 0.782185 1.320580 0.973877 0.733463 -0.065505 0.176457 -0.026222 
0.566540 1.455671 1.185746 1.210695 1.834699 0.793204 1.165177 1.054326 0.397954 0.156458 0.344046 -0.073723 
0.678937 1.027900 2.371073 1.302592 1.196819 0.481265 1.412727 1.170181 0.710470 -0.005753 0.323126 -0.054411 
1.551164 0.623492 1.095933 1.606004 1.658466 1.300268 0.658313 0.420174 -0.147326 0.481624 0.189809 -0.021042 
1.339580 1.080729 0.985363 1.385793 0.618936 0.965324 1.234620 0.508548 0.127449 0.636855 0.040119 0.014255 
2.389027 0.511800 1.535246 0.908517 1.082059 1.520382 1.001239 0.632341 0.416375 -0.006489 0.189240 0.022208 
3.721074 -0.200203 0.997635 0.586192 1.533065 0.841444 1.006956 0.802512 -0.044494 0.024053 0.264655 0.058471 
4.812964 -0.089077 1.574139 0.918961 1.220030 0.857375 0.479956 -0.487982 0.673839 0.703920 0.057280 -0.011405 
5.547661 0.852315 1.286375 0.048375 0.664876 0.505649 0.137489 0.381294 0.292821 0.211072 0.019986 -0.018716 
5.749749 0.804997 1.507728 0.068100 0.638833 0.532958 0.222767 0.405924 -0.233442 -0.291518 -0.172102 -0.057169 
4.512199 2.681208 1.476714 0.628522 0.981007 0.755167 0.478408 0.628823 0.500951 0.210970 -0.013129 -0.012845 
4.228811 3.249614 2.096329 1.087495 0.716406 0.333538 0.075306 0.202070 0.137054 0.091748 0.107536 0.031800 
3.777055 3.436873 2.893150 2.043831 1.318287 0.765519 0.375455 0.235193 0.223001 0.263087 0.289646 0.072103 
3.295059 2.901871 2.591498 2.179763 1.701862 1.300598 0.996152 0.710496 0.616966 0.461415 0.310293 0.073866 
6.067435 5.954868 4.829502 3.128767 1.078608 -0.049063 -0.387497 0.995765 0.420566 -0.072490 0.248606 0.065774 
-1.#IND00 -1.#IND00 -1.#IND00 -1.#IND00 -1.#IND00 -1.#IND00 -1.#IND00 -1.#IND00 -1.#IND00 -1.#IND00 -1.#IND00 -1.#IND00 
-1.#IND00 -1.#IND00 -1.#IND00 -1.#IND00 -1.#IND00 -1.#IND00 -1.#IND00 -1.#IND00 -1.#IND00 -1.#IND00 -1.#IND00 -1.#IND00 
