3.038866 0.586024 2.207129 0.990587 1.341351 0.202991 0.659931 0.898868 0.415965 0.712298 0.107653 -0.024355 
3.057708 0.486864 1.486270 0.165950 0.578123 -0.079719 0.107576 0.380454 0.110801 0.626912 0.069250 -0.099044 
3.491619 0.529204 1.808096 0.352156 1.252491 0.415881 -0.024864 0.056146 0.198098 0.506922 0.140420 -0.028838 
3.244168 0.346743 1.764547 0.123252 0.100333 0.946924 -0.147327 0.264783 0.498507 0.434674 0.320431 -0.031751 
2.960160 0.766200 2.087632 0.069825 0.642768 -0.028834 0.025280 0.916579 0.408317 0.520672 0.015453 -0.112805 
3.421442 0.572522 1.466662 -0.273254 1.005158 0.518926 0.144565 0.058525 0.807944 0.487467 0.080927 -0.065403 
3.575482 0.529095 1.602367 -0.687904 0.680820 0.338804 0.877030 0.103092 0.492715 0.462582 0.088097 0.011507 
3.580168 0.041130 1.746669 -0.042658 0.290948 0.683081 -0.285022 -0.233885 0.575426 0.173295 0.117074 0.006290 
3.575062 0.546269 1.921909 -0.132013 0.955681 0.250748 0.510088 0.534555 0.375729 0.366009 0.131458 -0.018155 
3.583848 0.599714 1.216760 0.009120 0.777336 0.169280 -0.015892 0.262245 0.651314 0.351429 0.207970 0.026493 
3.331924 1.033963 2.215641 -0.090504 1.164172 0.214970 0.136758 0.433641 0.604245 0.315577 0.199035 0.011333 
2.701011 1.100218 2.265010 0.343605 0.713363 1.394957 0.648705 0.559719 -0.099623 0.008309 -0.016751 -0.042387 
2.548498 0.947187 1.919951 0.215300 0.808750 1.349024 1.414627 0.995540 0.550749 0.386680 0.385557 -0.038805 
2.700299 -0.717538 1.944744 1.013558 0.840981 0.327104 0.241781 0.835876 0.740960 -0.234014 0.177957 0.060314 
3.308395 0.334577 1.378705 -0.005813 1.922416 1.532676 0.644458 0.123437 0.280500 0.516183 0.001287 -0.011248 
2.542660 0.517962 1.440649 0.300819 1.695054 0.807299 1.154336 0.613895 0.199226 0.242339 0.042919 0.022586 
2.421960 1.228375 1.750631 0.921658 0.727980 0.829247 0.923004 1.379738 -0.199313 0.321959 0.329413 -0.002271 
2.296482 1.269955 2.032292 1.183348 0.450650 0.424460 0.608946 0.308902 0.486649 0.346523 0.096679 0.006667 
2.714572 0.687892 2.755574 0.225619 1.012815 0.632130 1.032681 0.488240 0.389389 -0.004037 0.267561 0.028835 
2.533638 0.544586 1.997224 0.106438 1.270446 1.576484 1.114664 1.127025 0.144734 -0.049216 -0.033270 0.008791 
2.414698 0.887167 1.999251 0.993549 1.769039 1.015730 0.928476 1.018290 0.299241 0.608637 0.081873 -0.024461 
2.666813 0.551770 2.187997 0.550217 1.489428 1.194920 1.163993 0.893621 0.529844 0.155001 0.104803 0.028525 
2.547315 1.006518 2.138520 0.417494 1.629813 0.659011 0.078994 0.881342 0.346590 0.390724 0.159012 0.002760 
2.485284 0.788784 2.161001 0.458333 1.408897 0.838377 1.329235 0.697274 0.730102 0.400969 0.159192 0.023350 
1.173301 -0.989604 -1.759159 -0.187974 1.153341 0.657984 -0.453979 0.391303 0.095333 -0.202467 0.136128 -0.017442 
1.212390 0.583598 1.277325 0.816956 2.040949 0.740686 1.561491 0.571936 0.241563 0.316183 0.015406 0.006001 
0.925358 1.155774 1.223111 1.940971 1.163595 2.334427 1.237227 0.293399 0.228294 0.254388 0.156859 0.009971 
0.924132 1.149146 0.771194 0.949849 1.465618 1.666670 1.581065 0.492244 0.239698 0.285237 0.015244 0.004053 
0.648129 1.524288 1.722551 0.886977 1.634663 1.676205 1.117701 -0.038729 0.404575 0.536366 -0.110257 0.036828 
0.828618 1.168435 2.011687 1.463438 1.068569 1.192338 0.895489 0.045957 0.571500 0.201964 -0.072599 0.024363 
0.656564 1.507377 1.273547 1.264185 1.387977 1.489838 1.288632 0.757358 0.691930 0.379969 0.058677 -0.068464 
0.952171 0.988820 0.918257 1.657462 1.770332 0.810950 0.987328 1.365224 0.052131 0.259332 0.039151 -0.020313 
0.593291 0.734537 1.538063 1.712015 1.638665 2.319270 0.457589 0.656592 0.458439 0.287261 -0.066666 -0.003657 
0.630419 1.125022 1.049008 1.316605 1.383392 1.889921 1.007038 1.243473 0.679933 0.132959 0.004105 -0.073983 
0.798009 0.988920 1.730840 1.467315 1.944997 1.734075 0.334648 0.634470 0.169187 0.244918 -0.019287 0.000122 
0.624946 1.295096 1.491595 1.078845 1.447080 1.275173 1.378687 1.132024 0.286137 0.223222 -0.115597 -0.009488 
0.566638 1.151502 0.875774 1.440704 1.415974 2.197441 0.803361 0.689344 0.959172 0.245239 -0.102269 -0.057733 
0.529390 1.367686 1.655282 1.498942 1.385240 1.157637 1.376052 0.589590 0.619062 0.503301 0.096944 -0.065449 
0.636789 1.825363 1.611578 1.176219 1.707672 0.381956 0.766100 0.299137 0.005671 0.452367 0.133091 -0.011174 
0.995419 1.085738 1.259247 1.540955 0.659173 0.788514 1.338639 1.091572 0.402648 0.365640 -0.216990 0.041125 
2.051688 0.546300 2.013287 0.872427 2.104071 0.279958 1.118699 0.413442 0.375060 0.038812 -0.015899 0.038108 
3.087084 0.033936 0.923157 -0.144492 1.857257 0.299491 1.352762 0.698302 0.385150 0.248767 0.296089 0.074257 
4.946187 1.208032 0.318477 0.900006 0.541744 0.335667 1.009751 0.591882 0.679179 0.081922 0.068966 0.030617 
5.033485 1.136897 1.426788 0.210523 1.130176 0.845964 0.627663 0.093026 0.313838 -0.344269 0.046999 0.104364 
4.284052 2.596967 1.732423 1.246581 0.737699 0.610222 0.692956 0.729090 0.427552 0.103898 0.152014 0.032271 
3.530793 2.630726 1.843733 1.340251 0.952380 0.552183 0.460050 0.407690 0.226043 0.176946 0.305022 0.047239 
3.557136 -1.083181 3.848794 0.594887 0.367050 -0.539958 0.391478 1.142723 1.271199 0.037968 -0.145353 0.176334 
3.407060 2.992630 2.539755 1.929322 1.312450 0.810141 0.482246 0.318609 0.266449 0.254291 0.230260 0.044888 
-1.#IND00 -1.#IND00 -1.#IND00 -1.#IND00 -1.#IND00 -1.#IND00 -1.#IND00 -1.#IND00 -1.#IND00 -1.#IND00 -1.#IND00 -1.#IND00 
-1.#IND00 -1.#IND00 -1.#IND00 -1.#IND00 -1.#IND00 -1.#IND00 -1.#IND00 -1.#IND00 -1.#IND00 -1.#IND00 -1.#IND00 -1.#IND00 
