2.717790 -0.182952 2.019890 0.818142 0.804668 0.147531 0.173010 0.722228 0.586002 0.211535 0.240081 0.043804 
2.597369 -0.088482 1.317596 0.715359 1.150523 -0.028075 0.168231 0.405740 0.650938 -0.060993 0.286359 0.046345 
2.305878 0.206494 1.920130 0.828790 1.794706 0.427294 0.702523 0.849764 0.163804 0.026928 0.098163 0.046671 
2.485452 0.377943 2.046257 0.975273 1.594966 0.666372 0.859081 1.016123 0.952337 0.268886 0.140028 0.012178 
2.486201 0.432581 2.520134 0.749028 1.357123 0.587014 1.213438 1.360835 0.328190 0.101155 0.259158 -0.009859 
2.665614 0.642938 2.310964 0.979767 0.750666 1.301319 1.064911 0.530869 0.330160 -0.034181 -0.027051 0.045366 
2.401972 0.569247 2.417539 0.929601 1.067602 1.047953 0.656300 0.607878 0.546858 -0.007356 0.182791 0.028237 
2.549450 0.342780 2.229853 0.038175 1.668703 0.789897 1.160419 1.190787 0.094334 0.580502 0.289080 -0.047868 
2.797028 -0.566563 2.235120 -0.187764 1.360239 1.850068 0.509102 0.283149 0.517336 0.145231 0.093512 0.021600 
1.594710 0.532052 -0.410746 0.370517 1.298725 0.595130 0.933881 -0.470482 -0.433661 0.241690 -0.015001 -0.136289 
2.835640 0.444460 -0.112528 0.511668 -0.027101 0.240075 -0.816395 0.073566 0.188339 -0.077890 0.108056 -0.032846 
3.195910 0.319259 0.315909 -0.066095 0.446451 -0.107032 0.770500 -0.121384 0.172295 0.448550 -0.172005 -0.017043 
4.030068 0.444852 0.365620 0.255380 1.185797 1.404948 -0.821369 0.187984 0.681014 0.200187 -0.141948 -0.075164 
6.493587 -0.131594 0.293166 0.494678 2.135820 2.186137 -0.022629 0.073347 0.126526 -0.245838 -0.093873 0.015526 
5.779879 1.084134 -0.379646 0.477113 1.845854 -0.105053 -0.458373 -0.273756 0.363964 0.058942 -0.209271 -0.062991 
4.508738 1.367665 0.196486 -0.350652 1.333207 1.207021 0.134921 -0.221607 0.571714 0.314801 -0.031547 -0.062664 
3.418847 0.819525 1.244089 0.169224 1.598699 0.744528 0.285666 -0.343209 -0.321215 0.395358 0.155775 0.018673 
3.315398 1.037850 1.333967 -0.687297 1.391407 0.434422 0.309274 0.417113 0.077791 0.313543 0.112748 0.011463 
2.900110 0.750572 1.395071 0.087871 0.769829 1.053203 0.699977 0.688567 0.344108 0.064942 0.224003 0.038537 
3.059846 1.266311 1.692008 0.213719 1.243570 1.683555 0.988914 0.755522 0.630817 0.549296 0.065031 -0.007773 
2.810938 0.872691 2.284467 0.121225 1.298261 0.838592 0.842786 1.349856 0.836510 0.427652 0.353015 -0.002629 
2.738629 1.229173 2.403634 0.862384 0.978613 0.978098 0.533854 0.783768 0.468196 0.316732 0.135818 0.019668 
3.384677 -1.224986 0.087206 0.001490 1.088231 -0.255291 0.499623 -0.207705 -0.586108 0.094348 0.201203 0.003629 
1.419928 -0.691953 -0.260212 -0.703096 1.117320 0.780769 0.922050 -0.183948 -0.320348 0.110934 0.229835 0.023590 
1.210205 1.028805 0.552804 0.966614 1.515246 1.907631 0.470252 0.856352 0.344849 0.579488 -0.003010 -0.054206 
0.847831 1.387046 0.400520 1.882110 1.278197 1.310540 0.779863 1.055893 0.788351 0.357331 -0.111243 -0.053622 
0.818847 0.752110 1.911498 0.977781 1.196882 1.422695 1.367839 1.110486 0.556205 0.265437 -0.060626 -0.067193 
0.841305 1.213526 1.565880 2.155845 1.475863 0.790168 1.014799 0.800042 0.383695 -0.050457 0.114474 -0.020853 
0.914298 0.531369 1.206695 2.158968 1.609286 1.570415 0.655224 1.164977 0.639103 -0.108722 0.216722 -0.055360 
0.801608 1.526654 1.495033 1.101760 1.457792 0.814709 0.444165 1.299425 0.695690 0.250279 0.077876 -0.054172 
0.892002 1.438596 1.388620 0.737620 0.750032 1.809329 0.673635 0.738014 0.483217 0.159368 -0.054575 0.005640 
0.730477 0.981498 1.866183 0.885472 1.644137 0.919934 1.643000 0.271455 0.537851 0.413504 0.286208 -0.116371 
0.436987 0.369275 2.224660 1.760537 1.534524 1.517249 1.305252 1.552950 0.226943 0.225138 -0.189660 0.046140 
0.667086 1.200733 1.115778 0.924341 2.039341 2.010151 0.858239 0.390151 0.833814 0.598428 -0.046631 -0.029025 
0.470176 1.370857 1.924323 1.399109 0.826779 0.664086 1.993625 0.806484 0.644610 0.466465 0.048465 -0.045356 
0.473169 1.625984 1.181132 2.502443 1.771923 0.231622 1.602459 0.603438 0.068206 0.323446 -0.075096 0.072176 
1.434124 0.959965 2.201290 0.948735 1.147958 0.118831 0.942578 0.443219 0.956405 0.302109 0.224823 -0.019914 
3.081420 0.295133 1.068939 0.307644 0.884450 1.140719 1.780350 0.926269 0.817258 -0.336351 0.148586 0.048942 
4.556331 0.812462 -0.000320 1.062186 1.113527 0.790032 0.982030 1.161000 0.493849 0.234542 0.089204 0.019110 
3.567405 2.291762 1.217131 0.799749 1.299806 0.739543 0.207560 0.521503 0.213352 0.268106 0.084158 0.006239 
3.525338 2.354357 1.492395 0.223498 -0.142817 0.899375 0.616918 1.195604 0.718892 -0.180162 -0.021738 -0.026619 
8.202074 2.205141 1.631425 1.925153 0.810985 0.454086 0.293587 -0.474208 0.389940 0.174423 -0.133106 -0.027486 
4.557860 3.963111 2.714893 1.444488 0.714322 0.598895 0.683793 0.484590 0.149600 -0.067007 0.153003 0.028189 
3.143243 2.789752 2.594175 2.277862 1.882367 1.503015 1.087031 0.734261 0.486188 0.278845 0.103458 0.032815 
4.051624 3.993625 3.672408 3.013865 2.142056 1.324491 0.691101 0.350546 0.228595 0.212635 0.192100 0.048648 
3.211117 2.853398 2.669106 2.442985 2.141964 1.785262 1.383794 0.967827 0.580514 0.290272 0.097376 0.050428 
4.194163 4.374296 4.693156 4.302340 3.543630 2.463253 1.334445 1.232382 0.551050 0.110718 0.252953 0.019612 
3.228218 3.143076 3.051073 2.898639 2.675763 2.130586 1.662717 0.830304 0.788579 0.395429 0.124954 0.056618 
-1.#IND00 -1.#IND00 -1.#IND00 -1.#IND00 -1.#IND00 -1.#IND00 -1.#IND00 -1.#IND00 -1.#IND00 -1.#IND00 -1.#IND00 -1.#IND00 
-1.#IND00 -1.#IND00 -1.#IND00 -1.#IND00 -1.#IND00 -1.#IND00 -1.#IND00 -1.#IND00 -1.#IND00 -1.#IND00 -1.#IND00 -1.#IND00 
