2.963220 -0.030857 0.698514 0.224710 1.248039 0.135344 0.407227 0.198819 0.767054 0.336684 0.000375 0.007812 
3.205647 -0.002546 1.327151 -0.175535 0.779248 0.398070 0.214892 0.381255 -0.212323 0.579149 0.147470 -0.080510 
3.278065 0.917115 1.709596 -0.026292 1.405854 1.415735 0.386464 -0.030865 0.916876 0.508041 0.098543 0.011456 
3.189825 0.541361 0.987622 0.113207 0.405164 0.389095 0.778092 0.812530 0.609982 0.166869 0.057992 -0.003742 
2.896453 0.791931 1.073478 -0.423667 0.978333 0.456421 -0.411791 0.678980 0.683636 0.210864 0.176513 -0.032081 
2.787030 1.230103 1.775946 0.613421 1.446923 0.296143 1.576065 0.973001 0.459352 0.582379 -0.017422 0.003710 
2.848104 0.998747 2.007659 0.805233 0.951877 0.622338 1.027419 0.804511 0.247613 0.199256 0.103655 0.002951 
2.998050 1.036258 2.182346 0.784727 1.415717 1.541110 0.849615 1.785131 0.726331 0.259442 0.216452 -0.017300 
2.627875 0.456800 1.364400 -0.117021 1.387175 0.911553 0.877585 0.813863 -0.063850 0.202248 0.157039 -0.026639 
2.912105 0.890409 1.941646 1.164217 1.568030 1.470510 0.809847 1.144220 0.487210 0.004643 0.226190 0.026582 
2.801019 0.967994 2.855339 0.274331 1.597461 1.383426 0.964708 0.539705 0.519280 0.380236 0.256327 0.025020 
2.751953 0.757054 1.780524 -0.104278 1.094582 1.027125 0.932766 0.896572 0.405160 0.289841 0.299509 -0.019631 
2.851623 1.084596 1.450086 0.590062 1.310513 1.387854 1.590354 0.830579 0.409710 0.307319 0.319134 0.011349 
2.941992 0.234192 2.348018 0.740797 1.282654 0.410043 0.738918 1.590397 0.579453 -0.203349 0.356946 0.064950 
2.600133 1.307337 1.985505 0.070513 1.499811 0.419341 1.084104 0.695128 0.522445 0.194169 -0.061983 0.008022 
2.770590 0.908321 2.199158 0.967728 0.475401 0.252677 0.284856 0.497382 0.516046 0.119309 0.128601 0.016472 
2.614534 0.915145 1.246980 0.327021 0.871359 0.370977 1.075311 0.605942 0.858439 0.141491 0.251469 0.006050 
2.723590 1.574508 1.715037 0.828721 1.248865 0.926535 1.041037 0.729355 0.321468 0.539304 0.175975 0.014482 
2.807635 0.252592 0.250077 -0.916626 0.908448 1.434482 0.267058 -0.612647 -0.623753 -0.138030 0.284105 0.065192 
1.400373 -0.322858 -1.302998 -0.666138 0.482075 0.389898 -0.230422 0.067972 0.133177 -0.107465 0.131904 0.016131 
1.370119 1.102498 0.809317 1.502233 1.486437 0.703677 0.269855 0.196704 0.588616 0.401667 0.203138 -0.139597 
0.904993 1.184919 1.022930 1.238186 1.187926 1.159019 1.675955 0.608717 0.523513 0.207772 -0.036539 -0.038225 
0.722430 1.216192 1.372773 2.103865 1.273057 1.197242 1.159726 0.480869 0.573144 0.169937 0.194813 -0.040832 
0.497502 1.258068 1.534395 1.871112 1.693896 0.751155 0.854457 1.393093 0.162077 0.565229 -0.015224 0.005207 
0.719787 0.831171 1.310556 2.100410 1.214493 0.870267 0.757286 0.731000 0.602565 0.192481 0.135565 -0.038398 
0.166145 1.256262 1.951569 2.300313 1.628224 1.081642 1.266288 1.045382 0.383484 0.030194 0.025384 0.035270 
0.597993 1.249504 1.790755 0.908743 1.305091 0.746765 1.581292 1.461026 0.472254 0.025268 0.038996 -0.018418 
0.514111 1.045471 1.507929 1.387926 2.120152 0.844371 1.294047 0.496897 0.765544 0.736408 -0.154184 -0.012592 
0.720199 0.622152 1.641097 2.275324 2.258044 1.064582 1.398526 1.336167 0.024228 0.143711 -0.040561 0.100308 
0.791001 1.220502 1.670424 1.249964 0.978947 0.807275 1.546145 0.904583 1.097966 -0.126329 0.010979 0.007777 
0.828612 0.998132 0.966422 1.399566 1.868359 1.174272 0.496474 1.486533 0.423382 0.181328 0.172349 -0.064505 
0.052428 0.781863 1.334627 2.403067 1.445450 1.683465 1.668042 1.057897 0.628337 0.032480 0.056610 0.032238 
0.869465 1.292880 1.288042 0.601615 2.210814 0.589978 0.802605 1.140172 0.519066 0.178318 0.176989 -0.031359 
1.063362 0.514423 1.263335 1.807137 2.414957 1.089872 1.631824 0.670772 -0.038879 0.060040 -0.040109 0.098290 
0.826083 1.500083 1.008271 0.689216 1.980394 1.157743 0.195433 1.178087 0.270204 0.329974 0.111473 -0.032198 
1.190041 0.586429 1.126309 1.973325 1.447935 0.271605 0.768264 0.560694 0.559389 0.237013 0.137225 -0.026107 
2.503080 0.235026 0.861380 1.328477 1.067256 1.876799 0.355596 0.058727 0.803368 0.188613 -0.023625 0.003056 
3.061220 0.556628 0.265700 1.534046 1.804314 1.254801 0.700885 0.637400 0.600434 0.299407 -0.000372 -0.021030 
3.678522 0.316281 0.281179 1.000708 0.882025 0.942371 1.167381 0.957729 0.643634 0.269467 0.214544 -0.005355 
4.589467 0.887707 0.301528 0.687985 0.897855 1.159774 0.207979 1.252456 0.886390 -0.055146 0.007589 0.027062 
5.564347 2.825967 0.014879 -0.517832 1.389454 0.602040 0.290348 0.699922 0.430369 0.330247 0.166435 0.018004 
5.796727 2.981623 5.983728 -0.601452 -0.688741 0.839674 1.158500 1.035026 0.323533 0.169192 0.162331 -0.036720 
4.590124 4.094748 2.983107 1.881835 1.079743 0.821833 0.446282 0.048689 -0.138126 0.027484 0.135571 0.049009 
4.862117 4.305856 2.869304 1.246740 0.441319 0.252261 0.342475 0.140784 -0.077527 -0.096776 0.076455 0.023872 
5.841881 5.421625 3.432188 1.116362 -0.020166 0.016858 0.566181 0.539518 0.150174 0.007155 0.082864 0.010785 
5.370873 5.254740 3.832423 1.833287 0.728043 -0.290841 0.493572 0.399666 0.408410 0.089575 0.243286 0.064175 
3.066615 2.531405 2.234220 1.818589 1.251235 0.781989 0.477697 0.275132 0.234351 0.216484 0.221809 0.040157 
3.272503 2.912246 2.785711 2.565767 2.280797 1.781268 1.252017 0.976897 0.531059 0.268585 0.051345 0.035550 
-1.#IND00 -1.#IND00 -1.#IND00 -1.#IND00 -1.#IND00 -1.#IND00 -1.#IND00 -1.#IND00 -1.#IND00 -1.#IND00 -1.#IND00 -1.#IND00 
-1.#IND00 -1.#IND00 -1.#IND00 -1.#IND00 -1.#IND00 -1.#IND00 -1.#IND00 -1.#IND00 -1.#IND00 -1.#IND00 -1.#IND00 -1.#IND00 
