5.720849 1.922075 2.616228 0.007388 0.721854 -0.499656 -0.234824 0.310288 0.254710 0.205259 0.074100 0.043015 
4.414279 1.652035 2.917240 0.643705 0.666970 0.684091 0.282693 0.638382 0.815640 0.686649 0.009030 -0.014901 
5.972447 0.881815 -0.339784 -0.617745 0.242670 -0.218879 -0.352130 -0.320721 0.193347 0.437176 0.316134 0.110627 
3.594518 1.612682 1.762398 0.548290 0.534822 0.390612 -0.543842 0.039329 0.376244 0.004317 0.363493 0.089413 
3.543090 1.275855 2.106862 0.771795 1.345693 0.390780 -0.008859 0.457389 0.312747 0.535028 0.165560 0.016450 
3.688939 1.586243 2.604689 1.067093 1.280844 1.842448 0.914938 1.340955 0.730570 0.532894 0.421167 0.078637 
3.529769 1.599169 2.857122 1.672392 1.646820 0.944459 0.688197 0.858649 1.078347 0.440749 0.459512 0.113867 
3.288190 1.027659 2.347923 0.816576 0.297682 0.353929 0.314127 0.704035 0.343701 -0.041733 0.114712 0.044116 
2.954996 0.928686 2.379502 0.536208 1.226432 0.587466 0.215292 0.946158 0.046559 0.300549 0.245832 -0.018886 
3.203734 1.247366 2.681356 0.517304 1.092576 1.471213 -0.260009 1.247697 0.489997 0.132688 -0.052240 -0.011889 
3.118657 0.706024 2.554834 0.580924 1.833275 0.142402 0.523875 0.740118 0.579390 0.670608 0.400008 0.035533 
5.607147 -0.630632 -0.599170 -1.025599 -0.587074 -1.114432 -0.756006 1.294433 -0.003130 -0.359379 0.131204 0.105808 
2.729557 1.262639 2.024310 1.107743 1.193456 0.420487 0.603530 1.097522 0.228506 0.208411 0.162328 0.017379 
2.781045 0.556347 1.889368 0.694054 1.288060 0.446944 0.195448 0.776343 0.963004 0.408480 0.302753 -0.009137 
2.489753 1.137517 2.294668 0.565384 0.773256 0.658806 0.442476 1.112798 0.363780 0.206457 0.061659 0.014760 
2.577912 0.957370 2.411321 0.958347 0.873301 0.376572 -0.083558 0.655884 0.423742 0.332495 0.159463 0.027222 
2.451703 0.893848 2.453482 0.215980 0.807501 0.912450 1.360024 0.658578 0.072777 0.544011 0.118616 -0.014946 
2.444000 0.585975 1.916348 0.982992 1.563709 0.799524 0.421665 0.493879 0.347834 0.342502 0.198662 0.000817 
2.597186 0.532792 2.062985 0.496417 1.372506 0.598340 0.353737 0.816123 0.208214 0.499743 -0.007327 0.004062 
2.916876 1.412665 1.988158 0.910974 0.648866 0.086372 0.248582 0.881991 0.949125 0.398867 0.548417 0.063618 
6.285020 -1.139188 -0.337960 0.016422 -0.377590 -0.867674 0.167123 0.388427 -0.347672 -0.055201 0.334385 0.152125 
2.753388 0.825082 2.520798 0.735563 1.393212 1.089014 0.537953 1.433744 0.390881 0.546544 0.385688 -0.017841 
2.644313 0.152790 -1.153901 -1.038231 0.508776 0.263488 -0.433355 -0.261840 1.755835 0.567182 0.282919 0.018181 
0.359583 1.223615 1.971223 0.310045 2.224233 1.661897 0.418739 1.968623 0.517492 0.083755 -0.130575 -0.006541 
0.688915 1.695820 1.463097 1.128302 1.285703 0.948181 0.482323 1.294213 0.668138 0.459699 0.010793 -0.057843 
0.894883 1.009759 0.815955 1.840242 1.855610 0.618401 1.533666 0.782148 0.533542 0.028841 0.179671 -0.053826 
0.555242 1.313178 1.386280 1.864929 1.167810 1.749955 0.754837 0.676793 0.425800 0.645397 0.065267 -0.078089 
0.648182 0.785775 1.269446 1.484772 2.052073 1.863598 0.982709 1.239919 0.653703 0.087966 -0.112566 -0.024360 
0.491125 0.801856 1.509790 2.084154 1.417087 1.641993 1.157316 1.028811 0.758528 0.227272 0.163456 -0.114088 
0.584525 1.214510 1.506021 1.442838 1.829520 1.329994 1.277185 0.438652 0.464378 0.506901 -0.043460 -0.036206 
0.284586 1.306949 1.103426 1.302669 1.962424 2.217724 0.936551 0.485477 0.697055 0.261671 0.025591 -0.056934 
0.395252 1.026124 1.226019 1.635884 2.319785 1.857468 0.882727 0.768628 0.593377 0.189635 -0.057426 -0.029644 
0.573416 0.822342 1.337907 1.539798 2.010709 1.896657 1.419591 0.337093 0.344074 0.359555 0.127339 -0.090753 
0.965786 0.844670 1.591347 1.529132 1.947708 1.582496 1.033585 0.635888 0.617916 0.136555 0.123673 -0.047179 
3.266656 -0.637886 2.272218 0.356811 1.403651 0.804383 1.029358 0.531849 0.632708 0.457285 0.148856 0.008466 
2.504484 -0.164089 1.194120 1.119242 0.694378 1.616906 0.628494 1.257368 0.773551 -0.082293 0.230692 -0.022757 
4.456687 0.593739 -0.106579 1.170057 0.699942 0.557276 0.938194 0.463801 0.075054 0.107484 0.407877 0.093395 
3.413253 1.858490 0.845204 0.881511 1.111163 0.703533 0.094056 -0.097198 0.037633 0.100921 0.081610 0.010700 
4.041890 3.136869 3.447448 3.919764 1.880557 0.357242 0.438833 1.220255 0.355019 0.160046 0.212468 0.097535 
4.498298 3.040065 4.219922 3.759631 3.187623 1.164968 1.017098 1.813161 0.318100 -0.231287 0.158927 0.043543 
3.342214 2.609893 3.467289 2.383098 2.811333 2.071131 1.991346 1.242200 0.647632 0.183537 0.204351 0.072065 
3.093450 2.628899 3.101471 2.439164 2.462936 1.720836 1.775383 1.268950 0.627973 0.528595 0.116080 0.071197 
2.768385 2.346972 2.102331 2.062549 2.124244 1.674471 1.282834 1.043839 0.523525 0.501011 0.284796 0.055527 
3.342993 2.381060 3.329875 2.933139 3.232015 2.670889 1.442339 1.251057 0.415971 0.450395 0.305235 0.073595 
2.840635 1.959494 3.152227 1.647082 2.730942 1.242438 1.005990 1.525859 1.133079 0.540721 0.007470 0.061457 
2.504147 1.155228 2.514123 1.353554 2.268471 1.663986 1.104937 1.422150 0.830065 0.642299 0.246532 0.031852 
2.422578 1.289317 2.574046 1.224785 1.670070 1.670730 1.097427 0.681453 0.423138 0.373504 0.434881 0.026156 
2.325963 0.825003 1.974455 1.453347 1.817026 0.165000 1.301098 0.970596 0.230871 0.677945 0.051388 0.012483 
-1.#IND00 -1.#IND00 -1.#IND00 -1.#IND00 -1.#IND00 -1.#IND00 -1.#IND00 -1.#IND00 -1.#IND00 -1.#IND00 -1.#IND00 -1.#IND00 
-1.#IND00 -1.#IND00 -1.#IND00 -1.#IND00 -1.#IND00 -1.#IND00 -1.#IND00 -1.#IND00 -1.#IND00 -1.#IND00 -1.#IND00 -1.#IND00 
