3.155655 -0.359008 1.796068 0.412051 1.826883 1.773069 1.063342 1.065715 0.197027 0.313204 0.376126 0.004672 
3.160459 -0.561949 0.895441 0.581467 2.646714 0.826077 1.103079 0.969967 0.381061 0.651645 0.346756 -0.017637 
2.903784 -0.489421 1.403003 0.707376 1.908837 1.071682 1.007750 0.774815 0.504261 0.582302 0.329859 -0.027288 
3.008110 -0.364826 1.990306 0.385232 1.319490 0.648871 0.836416 0.541050 0.893204 0.380402 0.106391 0.027417 
2.622681 0.164182 1.495740 0.167072 2.187887 0.191836 1.861626 0.999499 0.526906 0.441678 0.249409 0.008576 
2.666074 0.243603 1.656849 1.094859 1.565206 0.882297 1.291137 1.426715 0.208933 0.448522 0.249545 -0.010957 
2.812802 -0.317223 1.943577 0.273802 1.166883 0.999511 1.604271 0.567386 0.221314 0.547775 0.257852 -0.012214 
2.994773 -0.261211 1.753950 0.732707 1.697525 1.558176 1.546504 0.939327 0.512264 0.672773 0.488481 -0.017654 
2.886132 0.313235 1.550261 1.303902 1.487155 1.067389 1.607621 1.746532 0.503890 0.380319 0.228203 -0.002151 
2.577081 0.589255 2.069581 0.804288 0.909755 1.740587 1.249607 1.380693 0.357603 0.443261 0.309338 -0.022698 
2.789529 0.512308 1.701488 0.395961 1.112272 1.071744 2.131830 1.165773 0.362153 0.951395 0.203783 -0.064326 
2.594261 0.379484 2.297150 1.179253 1.808572 0.495776 1.379449 0.998386 0.362666 0.452382 0.552941 0.012627 
2.785066 -0.137280 1.823341 0.436763 1.148138 1.269480 1.500667 0.562365 0.362614 0.519847 0.381598 -0.015174 
3.162773 -0.154973 1.444326 0.463390 0.879158 1.560627 1.668794 0.604943 0.072366 0.521916 0.372140 -0.012399 
2.775117 0.265583 1.455901 0.958175 1.634221 2.081911 1.441788 0.861741 0.517351 0.275854 0.265467 0.026703 
3.014580 0.041203 1.540751 0.370576 1.431525 2.110858 1.342700 1.340225 0.087371 0.494746 0.320302 -0.026130 
2.941252 -0.190326 1.816427 0.460785 1.692100 0.768694 1.733790 1.868863 0.442530 0.582614 0.184914 -0.066152 
0.153979 -2.323651 -0.357579 -0.834242 -0.317302 -0.038813 -0.140372 0.127418 -0.037311 0.063974 0.022914 0.008001 
0.484059 -1.085952 2.039520 -0.392328 -0.134415 0.231399 0.150661 -0.064397 -0.211252 -0.076111 -0.119854 -0.144025 
0.901998 -0.515503 0.596545 -0.642487 -1.575060 0.398029 -0.037187 -0.327663 0.554357 0.404582 0.281067 -0.021531 
1.595972 0.273937 0.081852 0.313736 -0.249331 -1.638821 -1.016879 -0.205653 0.153390 0.253511 -0.093487 -0.092716 
1.014911 1.563946 1.507936 1.896297 0.707863 0.243961 0.655947 1.022999 0.426508 0.320216 -0.010401 -0.021244 
1.076620 0.939097 0.137447 1.604348 2.778937 0.277666 1.193553 1.284671 0.295533 0.523473 -0.133471 0.046712 
1.302092 0.675542 1.296136 1.717651 0.846193 0.667765 0.753151 0.266449 0.264057 -0.205345 -0.352491 0.043218 
1.138869 2.024049 0.608620 1.012695 0.394763 0.402126 0.493174 0.018859 -0.383444 0.887134 -0.051861 -0.031167 
1.299789 1.044341 0.700542 1.432989 0.992973 1.181169 -0.208418 0.784693 -0.099852 -0.218211 0.291447 -0.137603 
0.661852 0.744060 1.251593 1.716918 2.593649 2.024206 0.169630 -0.393906 0.439935 -0.407400 0.274433 -0.079725 
1.046442 1.424587 1.272588 0.863583 1.601722 0.807171 1.059577 -0.044185 0.037420 0.527183 -0.044453 -0.119407 
0.871306 1.515372 1.288797 1.901330 1.473553 0.945473 0.274131 0.468720 0.046514 0.276148 -0.167534 -0.042357 
0.885199 1.389798 1.153729 1.005931 0.740511 1.300831 0.488804 1.017796 -0.263624 0.526999 0.063328 -0.160404 
0.053627 2.122484 1.372809 1.473154 0.709445 1.406458 0.972517 1.117272 0.345555 0.312947 0.008871 -0.119632 
1.281539 0.998603 1.455413 1.124634 1.393259 1.045836 0.361696 0.326478 0.795042 0.550939 -0.056897 -0.045738 
1.930834 1.868309 0.107769 0.793940 1.205206 0.955621 0.706142 0.288125 -0.006022 0.039820 0.163634 -0.008621 
6.665325 2.313668 0.998037 1.035850 0.690860 -0.105672 0.764052 0.961917 0.809926 -0.048444 -0.171334 -0.031145 
3.932212 2.758654 1.542383 0.876414 0.866983 0.913511 0.866155 0.400204 -0.055151 -0.116765 -0.038965 -0.007957 
3.620120 2.929781 2.652471 2.305775 1.147422 0.179974 -0.016683 0.039453 -0.202093 -0.263312 0.081130 -0.009080 
3.742267 2.485812 2.720070 1.714568 2.082409 1.511212 0.538983 -0.047589 0.224479 0.262301 0.374499 0.065280 
3.480014 1.528266 2.476972 1.334514 1.985132 1.211405 1.265880 0.638162 -0.191151 -0.298630 0.120363 0.027647 
3.100497 1.707486 2.771170 1.822530 1.430658 1.451127 1.379959 1.048163 0.177122 0.217556 0.145675 0.013435 
2.993396 0.894747 1.642552 1.192484 2.211023 1.354907 0.516549 0.719734 0.423393 0.632893 0.273718 -0.008236 
1.277277 -1.258837 -0.452428 0.022902 0.745457 -0.661029 0.070629 0.368732 1.269826 0.373073 -0.009072 -0.131033 
0.808309 0.807070 0.579243 1.647811 1.602732 2.376636 1.361105 0.181799 0.145835 0.288492 -0.050232 0.024185 
0.780312 0.890638 1.024088 1.900090 1.383673 1.351701 0.599850 0.904264 0.491576 -0.038274 0.205440 -0.013178 
0.743710 0.722832 0.479819 1.812152 2.152024 1.711373 0.884138 1.020534 1.338801 0.082567 0.025109 -0.077731 
1.263079 0.444691 1.321000 0.945682 2.062074 1.270538 0.345145 0.059930 0.934776 0.220423 -0.001609 0.027685 
0.655148 0.984410 0.893982 1.860416 2.071003 1.001629 1.374506 1.145935 0.671291 0.359038 -0.051883 -0.001012 
0.508364 0.589087 0.708453 1.647514 1.428825 2.421596 0.875636 1.187710 0.764971 0.090267 -0.077204 0.030492 
0.908788 0.313721 0.899006 2.438059 1.749721 0.575461 0.720676 1.538978 0.432945 0.484063 0.181626 -0.071120 
-1.#IND00 -1.#IND00 -1.#IND00 -1.#IND00 -1.#IND00 -1.#IND00 -1.#IND00 -1.#IND00 -1.#IND00 -1.#IND00 -1.#IND00 -1.#IND00 
-1.#IND00 -1.#IND00 -1.#IND00 -1.#IND00 -1.#IND00 -1.#IND00 -1.#IND00 -1.#IND00 -1.#IND00 -1.#IND00 -1.#IND00 -1.#IND00 
