2.868314 0.572373 1.491315 0.974168 1.743021 1.860532 1.429447 1.201496 0.693651 -0.034357 0.229390 0.049551 
2.709233 0.211778 1.980657 1.122282 2.034651 0.923596 1.233511 1.711878 0.198889 0.363870 0.439201 0.001378 
2.719806 0.097143 1.401093 0.578012 1.468606 1.410664 1.137276 1.150790 0.199693 0.281989 0.265285 -0.001416 
2.943090 0.135807 1.869903 0.790685 1.947980 1.033472 0.651114 1.184142 0.429780 0.528545 0.504426 0.001350 
3.085671 0.004439 1.720510 0.911598 1.536835 1.320107 1.444890 1.075742 0.852209 0.550251 0.492831 0.016197 
2.737276 0.287559 1.653998 0.952354 2.214523 1.500833 1.388204 0.509532 0.413997 0.875416 0.103933 -0.027713 
2.968183 0.254755 1.251030 1.214387 2.111458 1.535861 1.289442 1.339019 0.174127 0.457348 0.453168 0.017185 
2.736542 0.414226 1.610553 1.215065 1.912342 1.289130 1.657526 1.424366 0.416352 0.554160 0.501790 -0.001191 
2.970505 0.339453 1.583171 0.377997 2.131612 1.399413 1.481296 0.978867 0.275354 0.788576 0.579510 -0.006499 
3.018144 0.275191 0.967543 1.341412 2.185686 1.705544 1.816492 1.097153 0.191949 0.746294 0.405436 0.004424 
2.867732 0.631284 1.621768 1.523786 2.037168 1.185373 1.404481 1.028182 0.430844 0.755036 0.368996 -0.000381 
1.133299 -0.864757 2.002024 1.362347 2.039365 0.509477 -0.774438 -0.890467 -0.562347 -0.420090 -0.251735 0.131674 
1.015738 -0.400643 0.746740 -0.576105 -0.498350 0.939231 0.262941 0.169152 0.478473 0.516803 0.321762 -0.077733 
1.631742 0.246800 -0.234495 -0.106053 -0.793960 -1.330872 -0.490289 0.141933 -0.209838 0.442362 0.099425 0.048246 
1.971379 1.119079 0.337490 0.266348 -0.747151 -1.042021 -0.582406 -0.066667 0.361303 0.297290 0.299959 -0.036644 
2.155286 1.081532 0.248992 1.599748 -0.147720 0.394408 0.248261 0.286701 0.444109 0.246133 0.238845 -0.002090 
1.036891 0.700153 2.295433 0.755774 1.718493 0.616606 0.298988 0.327072 0.381614 0.207966 -0.245224 0.004612 
1.146323 1.115338 1.453035 1.421243 0.894777 0.652823 0.249976 0.186314 -0.239656 -0.287506 0.026794 -0.023626 
1.239656 1.523312 0.927463 1.708877 0.696788 0.281391 0.747757 0.950905 -0.100890 -0.358142 -0.123966 0.017898 
0.980319 0.810473 1.037217 2.027368 1.731917 1.025291 1.233972 -0.132645 0.076119 -0.260276 -0.155244 -0.036476 
1.017555 1.306908 0.992178 2.207900 0.705114 1.208033 -0.324361 0.688441 -0.091896 -0.069917 -0.261474 0.016317 
0.978573 1.025546 1.262576 0.492768 1.974620 1.988512 0.457877 0.368736 -0.158381 -0.095312 -0.031696 -0.065409 
1.080346 1.319590 1.330669 0.952794 1.225576 1.022122 1.065996 0.763052 0.227441 -0.098802 -0.166026 -0.045989 
1.265091 1.237931 1.237775 1.425352 0.488735 0.847975 0.833609 0.622281 -0.161155 0.070638 0.044545 -0.070540 
0.834969 0.752374 1.459584 1.717414 1.865202 1.058908 0.992863 0.897092 0.570108 -0.462329 -0.005382 -0.046671 
0.986125 1.841417 1.189775 0.823563 0.712255 0.642826 1.129475 1.334390 0.354671 -0.292544 -0.132645 -0.035347 
1.240741 1.569559 0.288210 1.748754 1.592439 0.211461 0.795475 0.576284 0.243706 0.351337 0.135035 -0.112497 
0.888897 1.157953 1.318612 0.977634 1.394997 0.827461 2.151962 0.837664 0.658999 -0.141203 -0.167860 -0.034113 
1.409787 1.176684 0.773203 1.895473 -0.006913 1.094978 0.222427 0.798101 1.223437 0.180233 0.192116 -0.034140 
5.277376 -0.560133 1.342751 0.230997 1.257925 1.560923 -0.201307 0.043202 0.868683 0.602732 0.149348 -0.047074 
5.043235 3.096312 0.883919 0.166594 0.283164 0.567939 0.821178 0.376407 -0.210705 -0.140813 0.333896 0.144027 
3.869734 3.295321 2.439333 1.650045 1.134126 0.970916 0.985570 0.696112 0.425118 0.107751 -0.047468 -0.021069 
4.602860 2.228337 2.912894 2.195454 2.946320 1.272982 0.341206 0.608034 0.641488 0.044848 -0.043215 -0.014647 
3.969172 0.643477 2.373932 1.179627 1.857106 1.704098 1.520406 1.450683 0.386810 0.445029 0.033368 -0.028000 
1.681735 0.496588 -1.314491 -0.805748 -1.780424 0.884559 0.578229 1.805504 -0.714413 -0.172461 0.627452 -0.069795 
0.805647 0.902587 0.331131 0.970224 1.325047 1.906843 1.944065 0.372466 1.129218 -0.107493 -0.245609 -0.119833 
1.124176 0.290295 1.556411 1.244495 1.601536 0.943220 1.199043 0.867925 0.403766 0.028933 -0.075090 -0.014617 
1.009573 0.442003 1.330321 0.880271 2.648808 1.380785 1.120224 1.107163 0.552061 0.051548 -0.034615 -0.002509 
0.941697 0.487768 0.899396 1.674356 1.768271 1.143810 1.099899 0.912231 0.458178 0.102846 0.247553 -0.037396 
1.000552 0.432465 0.752616 1.569055 2.029389 2.033449 1.331061 1.404372 0.515456 0.109368 -0.207024 0.054108 
0.499157 1.044674 0.405246 1.394712 1.986610 2.155271 0.950828 0.960237 0.858017 0.257247 0.034136 -0.060484 
1.279942 0.235609 1.296463 1.266710 2.654155 0.996285 1.294744 0.988348 0.175321 0.172812 0.028660 0.017118 
0.994456 0.912837 1.502620 1.062483 1.546028 1.465999 1.316009 0.667452 0.786454 0.415168 0.183400 -0.088446 
1.441315 0.669032 0.837223 1.954961 1.742813 0.388964 1.270889 1.511197 0.664114 0.064156 0.344357 -0.065001 
4.079851 0.409788 1.137172 0.604982 0.957775 0.947618 0.110342 0.852710 0.904928 -0.144071 0.401147 0.131529 
2.896897 2.316136 2.000645 1.658521 0.904697 0.070454 0.107424 0.261470 0.110004 0.016981 0.147765 0.004712 
3.682084 0.110663 1.523625 0.694215 3.106568 1.439960 2.415663 1.036956 0.592042 0.236407 -0.036139 0.088622 
3.267289 0.387131 1.422305 1.565050 2.745386 1.882157 1.599240 1.784454 0.349853 0.191751 0.182564 0.050526 
-1.#IND00 -1.#IND00 -1.#IND00 -1.#IND00 -1.#IND00 -1.#IND00 -1.#IND00 -1.#IND00 -1.#IND00 -1.#IND00 -1.#IND00 -1.#IND00 
-1.#IND00 -1.#IND00 -1.#IND00 -1.#IND00 -1.#IND00 -1.#IND00 -1.#IND00 -1.#IND00 -1.#IND00 -1.#IND00 -1.#IND00 -1.#IND00 
