3.541546 0.388902 2.119157 0.111870 1.453915 0.083380 1.178877 1.471247 0.255191 0.759941 0.579130 0.024877 
3.305068 -0.211379 1.744386 0.663463 2.553730 1.430988 2.299563 1.719291 0.171948 0.516089 0.426982 0.034381 
3.079930 -0.282919 1.493731 0.540692 1.853701 1.511065 1.436559 1.424496 0.430855 0.565635 0.451401 -0.016920 
2.898736 -0.146725 1.771210 0.631355 2.684502 1.703376 0.721882 1.509084 0.425814 0.384824 0.312753 -0.024615 
3.266218 -0.768077 2.680592 0.653052 1.741733 1.038651 1.341915 1.376120 0.664861 0.512055 0.597615 0.038717 
3.069530 -0.294105 1.585842 0.858264 1.685547 0.650772 1.142340 0.784181 0.638604 0.597413 0.470554 0.013390 
3.126358 -0.314837 2.215353 0.818804 1.930723 1.471252 1.347589 1.997523 0.322860 0.218631 0.531712 0.016012 
2.907626 -0.178965 1.752692 0.571314 1.511618 1.120772 1.506492 1.280158 0.337017 0.262533 0.433589 0.010418 
2.805217 -0.467773 1.457791 0.328272 1.591453 1.307397 2.245289 1.174136 0.214006 0.360156 0.437846 -0.010274 
2.846060 -0.716218 2.445130 0.304141 1.493508 1.430839 1.482087 0.467411 0.420368 0.566438 0.186893 0.011705 
2.746996 0.133044 1.331610 0.446436 1.573882 0.451919 1.919248 1.521065 -0.057177 0.668664 0.313738 -0.044335 
2.691798 0.132412 2.264902 0.917340 1.271732 0.718778 1.368602 1.307016 0.174622 0.624185 0.224469 -0.034673 
2.605529 0.347685 1.892756 1.005770 1.852379 1.198532 1.574538 1.207513 0.508396 1.020941 0.288336 -0.061593 
2.640186 0.331275 1.449186 0.985177 1.455895 1.898857 1.659912 1.425212 0.429250 0.796313 0.596825 -0.048267 
2.881251 0.599527 1.361003 0.664846 2.158877 1.441159 2.499405 1.084884 0.459961 0.374864 0.356168 0.045580 
2.862623 0.162419 2.048543 1.045467 2.040293 0.793943 1.279354 1.257536 0.298359 0.954373 0.339945 -0.053694 
3.067259 0.972514 1.450970 0.310749 1.458188 1.257730 1.786138 0.652218 0.214101 0.571776 0.364446 0.030337 
1.105701 0.539002 1.639602 0.993005 -0.484568 -0.137780 0.250695 -0.020266 0.350738 0.180717 -0.331594 -0.083467 
1.488440 0.569986 0.519713 0.905870 -0.755675 -1.046340 0.065070 0.147734 0.221543 0.572743 0.210948 -0.001388 
1.001955 1.756667 1.035005 1.746532 1.464412 0.148443 -0.396923 0.771595 -0.289210 -0.193911 -0.030321 -0.067040 
0.914080 0.888146 0.677109 1.609070 2.116192 1.049157 1.465855 0.590335 0.744007 0.272094 0.068127 -0.010537 
1.128098 1.135441 1.185310 0.575663 1.290395 1.076499 0.782059 1.348140 0.178999 -0.110897 -0.017023 0.048967 
1.678462 1.878218 0.326093 0.547593 0.548673 0.966530 -0.202615 0.355951 0.127357 0.618090 0.122321 -0.060136 
1.561018 1.417091 1.033215 0.778368 0.801092 0.483038 0.613689 0.578548 0.227423 0.051101 0.075698 -0.071191 
0.961151 1.675713 1.187656 0.865819 1.921215 1.495404 -0.622496 0.388806 0.446693 0.189123 0.011090 -0.054686 
0.743720 0.805227 1.843718 1.321081 1.548424 0.662847 1.030182 0.290372 0.285023 0.195767 -0.169115 -0.056676 
0.523284 1.520147 0.634645 2.407579 0.912495 1.450395 1.241103 0.603023 -0.057834 0.421193 -0.160551 -0.064741 
1.008613 0.712290 1.608066 1.390670 1.563485 0.696588 1.625917 0.517117 -0.043247 0.039461 0.026184 -0.002955 
0.787672 1.008125 1.215873 1.723075 1.347982 0.301484 1.831079 1.213899 0.982923 0.169991 0.054333 -0.103294 
1.101821 0.915472 0.959693 0.831943 0.746038 1.357367 2.269701 0.999182 -0.123260 0.224342 0.139152 -0.067274 
3.635298 2.353499 0.344386 0.491790 0.635556 1.327057 0.379258 0.505781 -0.309011 0.101425 0.084524 0.014949 
6.517025 4.048186 2.309937 0.544978 0.030662 0.552750 1.256409 0.658314 0.469889 0.303985 0.041773 -0.021475 
4.804669 3.717177 3.788358 2.277074 0.731787 0.309605 -0.004181 1.004738 0.624502 0.027448 0.110785 0.034157 
3.358083 2.797174 3.079981 2.351036 2.041330 1.731728 0.950486 0.296324 -0.111541 0.297605 0.092899 0.000076 
2.891322 2.203903 1.914913 1.761214 1.611531 0.914999 0.678057 0.229255 0.128770 0.394862 0.119707 0.013059 
3.005190 0.952858 1.813034 1.357738 1.946217 1.138817 0.997527 1.023350 0.286762 0.507679 0.556882 0.026912 
1.692111 -0.917610 -0.343767 -1.207763 0.304372 -0.244957 0.635502 0.383679 -0.148039 0.155879 0.255634 0.020115 
1.118589 0.161159 0.800544 1.197370 2.226839 1.559204 1.632790 0.950617 0.161646 -0.185653 -0.139886 0.027102 
0.706104 0.668075 1.054535 1.813278 1.597103 2.956243 1.225224 0.623603 0.333870 0.138356 0.046370 0.010486 
0.803661 1.061560 1.161152 0.575625 2.288252 1.835930 0.796751 1.437699 0.520120 0.294655 0.039524 -0.060054 
0.469616 0.776847 1.878005 1.783455 1.563885 1.201128 1.205268 0.961585 0.952569 0.128611 0.207112 -0.061528 
0.420524 1.282615 1.020674 1.773102 1.590256 1.922969 0.776148 1.420770 0.613658 0.485118 -0.054473 -0.004499 
0.656072 0.837243 1.496155 0.913578 2.377748 2.485495 0.758007 1.079798 0.631731 0.401708 -0.132339 0.059404 
0.777121 0.488566 1.774932 1.000812 2.158667 1.320613 1.526208 0.694481 0.992036 -0.143156 0.062526 0.027672 
0.999502 0.710526 1.367092 1.922340 1.163760 1.755387 1.077884 0.588446 0.234735 0.578988 0.083881 -0.061659 
3.020462 0.286634 0.569632 1.471578 1.325925 0.390219 0.517056 0.661237 0.075812 -0.024530 0.142786 0.050021 
5.470499 0.893447 1.591754 0.320261 0.712544 2.163356 1.487523 0.421889 0.049232 0.910744 0.158037 -0.123604 
4.515337 0.813113 0.716805 2.641194 3.457579 1.060709 0.584109 0.288057 -0.004320 0.191789 0.318300 0.086462 
-1.#IND00 -1.#IND00 -1.#IND00 -1.#IND00 -1.#IND00 -1.#IND00 -1.#IND00 -1.#IND00 -1.#IND00 -1.#IND00 -1.#IND00 -1.#IND00 
-1.#IND00 -1.#IND00 -1.#IND00 -1.#IND00 -1.#IND00 -1.#IND00 -1.#IND00 -1.#IND00 -1.#IND00 -1.#IND00 -1.#IND00 -1.#IND00 
