3.917812 -0.531661 0.062520 0.244817 0.286200 -1.469161 0.148852 0.725301 0.749878 0.114311 0.091230 0.141232 
2.860358 -0.907863 2.188533 0.415471 2.369296 -0.275004 0.988970 0.856756 0.334636 0.467169 0.054626 0.051116 
2.534906 -0.451457 2.690514 0.606962 1.542444 -0.083518 1.027314 0.278612 0.637796 0.600089 0.143613 0.043201 
3.458402 -0.345407 2.562453 -0.243028 2.753565 0.158167 0.564302 0.694581 -0.068238 0.714860 0.130675 0.025437 
3.021053 -0.066466 2.435911 0.723003 1.643299 0.306204 2.269974 0.738941 0.370449 0.240370 0.209494 0.090825 
3.233199 0.554552 2.613662 0.791805 2.000662 0.928933 1.013375 0.690060 0.548772 0.398369 0.309174 0.062441 
3.339621 0.586671 1.200038 0.228192 2.189676 -0.228894 1.169442 0.036192 0.581969 0.928254 -0.179259 -0.008912 
3.428405 0.099882 1.193695 0.567828 2.394295 -0.833003 0.869733 0.984141 -0.085507 0.949996 0.319743 0.020415 
2.421130 1.069608 2.838077 0.853609 1.615953 0.891593 0.942735 0.746306 0.307821 0.583287 0.398208 -0.001517 
2.861236 0.764791 2.193034 1.621792 1.450550 0.859394 1.092424 1.008489 1.053661 0.420197 0.178705 0.034393 
2.644071 0.806052 2.506246 0.583478 1.455121 0.377210 1.091733 0.877818 0.397097 0.204398 0.327129 0.038583 
2.832811 0.614396 2.940175 0.961590 1.953387 1.038429 1.390029 1.083426 0.393238 0.723502 0.241297 0.007253 
2.823537 0.640760 2.325704 0.636618 1.681235 0.480656 0.604971 1.039950 0.595239 0.278343 -0.038073 0.012046 
2.386386 1.188813 2.026571 1.012917 2.498965 0.554972 1.264026 1.299795 0.668114 0.343494 0.200164 0.027578 
2.527420 1.438551 2.534187 1.144233 2.275044 1.633036 0.584391 1.218483 0.716487 0.641665 0.467076 0.014127 
2.620088 0.982678 2.547985 1.252977 1.405362 2.312602 1.063477 1.383153 0.959333 0.569655 0.346069 0.032918 
2.464618 1.383386 2.681593 1.078189 1.170391 1.492317 1.944881 1.307157 0.727080 0.368814 0.246327 0.028469 
2.628046 1.102693 2.585685 1.467434 1.707362 1.594541 1.199894 1.120265 0.875954 0.473050 0.383301 0.039636 
2.485714 1.159608 2.187262 0.926900 1.594459 1.960625 1.028046 1.743878 0.394590 0.247243 0.406355 0.013089 
2.600769 1.294088 1.676434 1.040722 1.633885 1.796279 1.662645 0.447436 0.436303 0.265628 0.198737 0.033856 
2.793904 1.027174 2.171190 0.875638 1.574425 1.819763 1.094366 0.724131 0.946094 0.673142 0.338911 0.022774 
0.584767 0.365987 0.178729 -0.533941 -0.313593 -1.175206 -0.767107 -0.274067 0.140009 -0.448186 0.162263 0.216816 
1.776376 0.253561 0.947767 -0.202390 -0.540771 -0.800061 -0.477969 -0.026683 0.247489 -0.565564 0.235215 -0.006071 
1.900826 0.300920 0.293371 0.019948 -0.413515 -1.349822 -0.388826 -0.493390 0.179614 -0.079414 -0.224820 -0.044217 
1.808977 0.992451 0.016951 0.319425 -0.423342 -0.583118 0.484262 -0.550183 -0.658734 0.207890 0.370606 0.022188 
1.112267 1.227140 1.625617 1.964975 0.759687 1.066116 0.823852 0.764845 0.330669 -0.132403 -0.022214 -0.057778 
1.116862 2.047955 0.147243 1.266202 0.796775 0.848024 0.789343 0.306426 -0.158227 0.044677 0.307464 -0.031992 
1.238060 2.064355 1.308741 1.091753 0.352561 0.588697 0.082068 0.203526 0.002815 -0.171107 0.051812 -0.083449 
1.230402 1.732581 1.542203 1.299362 0.288600 0.343562 -0.214689 0.028456 0.115744 0.135177 -0.156593 -0.026454 
1.684952 0.733569 1.467689 1.310016 1.189502 -0.192076 0.374558 0.854864 0.239070 0.394178 -0.161389 -0.070152 
1.285750 0.754866 1.124308 1.626178 1.391426 1.419569 0.544020 0.001609 0.906793 -0.221811 0.061076 -0.053999 
0.819997 0.530038 1.961813 1.026379 2.580366 0.586057 1.827528 0.575273 0.485103 -0.041675 0.066971 -0.022176 
1.651852 1.148988 1.531379 0.607434 1.154172 0.277916 0.940506 1.240268 0.522785 0.158364 -0.000344 -0.047578 
3.997546 0.299229 1.444043 -0.251319 0.407765 1.156049 0.766791 0.353291 0.453291 -0.045430 0.232016 0.076019 
7.978385 4.079572 0.582716 0.216328 1.338768 0.775440 0.841061 1.146325 0.694168 0.312074 0.012938 -0.014798 
3.901733 3.853848 4.203232 0.101192 1.812410 -1.366032 -0.207839 1.442370 -0.011989 0.348123 0.229630 0.012033 
4.887597 3.604528 4.248833 3.611703 0.789881 -0.813563 0.369566 1.592395 0.582776 0.453937 0.156096 0.100753 
3.481614 3.136229 3.352141 2.726450 2.267059 1.386793 1.002310 0.682111 0.402915 0.302650 0.151803 0.034214 
3.125284 2.683272 2.931198 2.084134 1.955227 1.503148 1.013947 0.847497 0.598083 0.037083 0.139895 0.025212 
2.765428 2.153728 2.246569 1.377255 1.395635 1.334072 1.022840 0.686968 0.397471 0.256051 0.095957 0.019588 
2.677082 1.279828 1.948569 0.980263 1.285727 0.897216 0.913053 0.857695 0.463252 0.221320 0.383527 0.030532 
1.991853 -0.375717 -0.967791 -0.175725 0.224238 0.017074 -0.347223 1.182524 1.329817 0.168305 0.095596 -0.029995 
1.391743 0.263009 0.634658 1.423712 1.113901 2.117397 1.349003 1.582631 0.257956 0.253221 -0.266834 -0.029702 
1.077474 1.066406 1.328945 0.990682 1.574148 1.381977 0.442097 0.777451 0.604441 0.471027 -0.050386 -0.012813 
1.876045 1.105249 0.868854 1.358639 0.686814 0.713132 0.993810 -0.219951 0.692643 0.580526 0.128865 -0.017205 
1.595617 1.074336 0.712558 1.639568 1.590023 1.841583 0.297318 1.016208 0.152476 0.173436 0.188234 0.009439 
2.143795 0.733359 0.980162 0.506869 1.384937 1.032232 0.796939 0.380568 1.423223 0.021044 -0.013259 0.003154 
2.131324 1.202929 0.320266 1.021278 1.172660 1.121102 1.028142 1.812697 0.457374 0.160854 0.245295 -0.054019 
-1.#IND00 -1.#IND00 -1.#IND00 -1.#IND00 -1.#IND00 -1.#IND00 -1.#IND00 -1.#IND00 -1.#IND00 -1.#IND00 -1.#IND00 -1.#IND00 
-1.#IND00 -1.#IND00 -1.#IND00 -1.#IND00 -1.#IND00 -1.#IND00 -1.#IND00 -1.#IND00 -1.#IND00 -1.#IND00 -1.#IND00 -1.#IND00 
