0.026211 0.111679 -0.562924 -0.104255 -0.171442 -0.282864 -0.006353 0.099839 -0.290949 0.119088 -0.038334 0.025437 
-0.046954 0.455823 0.088095 0.131997 -0.237171 0.798106 -0.155729 0.076737 0.292318 0.150847 0.074187 0.016959 
-0.092053 0.285429 0.041555 0.203998 -0.688058 -0.380995 -0.394376 -0.261093 0.596645 0.191500 -0.008657 -0.094233 
0.283659 0.028240 0.214326 0.485769 0.195750 0.048978 0.645563 -0.604219 0.478752 0.396733 0.120053 0.093942 
0.191808 -0.193328 0.246231 -0.374517 0.180001 0.036850 0.203854 -0.366058 0.384471 0.084015 0.260084 0.022891 
-0.168279 0.250530 0.221043 0.096579 0.207406 0.315465 0.250472 0.245607 -0.241322 0.059653 -0.091348 0.106425 
0.014574 0.091359 -0.012783 -0.464700 0.145754 -0.036475 -0.298677 0.043151 -0.048687 0.274835 -0.164618 0.010093 
0.083754 -0.158102 -0.173766 0.432488 0.263115 0.170005 0.359716 0.157087 0.229172 -0.213478 0.327892 -0.038215 
3.049385 -0.538010 1.945161 0.641382 2.660187 1.558886 1.529440 1.482039 0.585557 0.303020 0.514792 0.055142 
3.062473 -0.409202 1.989506 0.946709 2.049486 1.524500 2.514054 1.596689 0.426036 0.293781 0.463993 0.057259 
2.937015 0.009085 1.474649 0.933694 1.931251 1.330145 1.877894 0.820623 0.336915 0.501932 0.413960 0.028190 
3.011660 -0.079368 1.439830 0.797667 1.839416 1.272644 1.502445 1.234300 0.509493 0.737755 0.355990 -0.033580 
2.774970 -0.214428 1.172052 0.277586 2.490673 1.661248 1.462264 0.785524 0.309648 0.166333 0.523479 0.057626 
3.034170 -0.497212 1.823365 0.922930 2.420934 0.810592 1.688193 1.205300 0.473845 0.496195 0.389737 0.039684 
3.053218 -0.015115 1.648523 0.669354 1.812667 0.747065 0.863574 1.511683 0.618121 0.397263 0.551807 0.013236 
3.053536 0.190508 1.699917 0.394910 1.883687 1.016226 1.688487 0.942506 0.403555 0.592482 0.170859 -0.002655 
3.078251 -0.421796 1.935730 0.997352 1.910531 1.809008 1.804270 0.960439 0.312741 0.611294 0.276239 -0.009389 
2.922806 -0.233222 1.678370 0.717067 1.563379 1.298501 1.973953 1.552065 0.446098 0.645288 0.409165 -0.042010 
3.164503 -0.335712 1.813297 0.979110 1.567614 1.192482 1.602907 0.840402 0.813831 0.573649 0.447611 0.024721 
3.118012 0.053521 1.900794 0.853611 1.644042 0.916679 2.166865 1.439380 0.736687 0.607325 0.299509 0.003658 
1.115766 -0.207766 2.119224 0.222891 -2.366652 -1.366991 0.776902 -0.383140 -0.064142 0.042671 0.231395 0.063594 
1.138925 -0.010729 1.544935 -0.341748 0.589344 0.046714 0.144143 -0.005771 0.016167 -0.264510 -0.149133 -0.039898 
2.103205 -0.164921 0.978923 -0.366730 -0.719556 -0.512838 -0.242334 -0.304803 0.091744 0.257563 0.039245 -0.106024 
1.097976 1.569979 1.274786 2.343099 0.155195 1.230039 1.262926 -0.504391 0.090819 0.015614 -0.360893 0.027371 
1.077800 1.230397 0.937403 1.319203 1.075756 0.224961 1.507702 1.723507 0.116726 0.228772 0.035615 0.050775 
0.989117 1.374277 1.957367 1.208252 0.771344 0.876944 0.357394 1.777591 0.050369 0.114977 0.014524 -0.047349 
1.574643 1.389049 1.075107 1.146659 1.050499 0.063704 0.285792 0.718301 -0.075439 -0.169519 0.029465 0.024331 
0.645716 1.855522 1.324535 1.329613 1.259068 1.038039 0.105275 0.229084 -0.290658 0.285331 -0.102319 -0.124750 
0.886371 1.292325 0.990602 1.535268 1.754848 1.260060 0.764220 -0.138353 0.438447 -0.390241 -0.041942 -0.052908 
1.222286 1.424972 1.413023 1.670501 1.074990 1.394500 -0.511398 0.629754 0.417152 -0.319301 0.095022 -0.100497 
1.314727 0.730341 0.844623 1.953134 1.304090 1.099357 0.580607 1.045057 -0.525818 -0.280283 0.057771 -0.067120 
0.629156 1.500296 1.372683 1.894801 0.875347 0.652253 0.825717 0.642807 0.290956 0.091452 -0.181839 -0.099835 
0.827181 1.464205 1.396726 1.259369 1.350011 1.207998 0.709944 1.119465 0.346455 -0.318766 0.142855 -0.074015 
0.872206 0.898062 2.323411 0.909788 1.244383 1.831965 0.561323 0.780021 0.454054 0.130138 0.023850 -0.042744 
1.880727 1.558640 1.543087 0.081509 0.557480 0.202299 0.647721 0.468486 0.684671 0.275824 0.224882 -0.026867 
4.604940 1.789904 1.834834 0.547890 0.672110 0.633338 0.833314 1.104775 0.774888 -0.018242 0.114622 0.041160 
7.114613 4.928956 2.048931 0.170635 0.387758 0.634624 0.897740 1.021004 0.438239 0.171976 0.035119 0.007607 
7.237351 4.536490 2.059194 0.702064 0.634377 1.323500 1.087036 1.087846 0.814626 0.210911 0.003392 -0.030972 
4.039357 3.348726 3.622931 3.496469 2.214678 1.113421 0.987784 0.605019 -0.077261 -0.060586 0.138669 0.001287 
4.237951 3.403043 3.754131 4.075365 2.906533 1.917964 0.714187 0.071047 0.210947 0.080460 0.056247 -0.034129 
3.503479 2.083404 3.352930 2.474087 2.489259 2.467906 1.425018 0.559213 0.222303 0.204644 0.178663 0.033989 
3.664171 1.154541 1.668090 2.519796 2.898893 1.264063 0.421597 0.859231 0.928841 0.728363 0.280098 0.020837 
1.663326 0.385436 0.984152 0.566325 1.462974 0.296740 1.603974 0.314051 0.858044 0.243426 0.206464 -0.092407 
1.202282 0.958037 1.062926 0.693668 1.921474 1.058612 0.422219 1.023152 0.527647 0.363886 0.031478 -0.049481 
1.065255 0.550437 1.091053 1.565804 1.259835 2.393114 0.655430 0.812186 0.863083 0.218994 0.160958 -0.035123 
0.823254 0.511646 1.065348 1.278704 2.090780 1.775849 0.887475 1.322749 0.876157 0.603052 -0.052287 -0.097492 
1.300965 0.829932 1.026916 0.564243 1.768723 1.634788 0.900026 0.174961 0.809773 0.197693 0.192041 -0.004064 
1.261025 1.072956 1.311421 0.591661 1.589753 0.868564 0.430813 0.930252 0.401730 0.491624 0.104137 -0.016786 
-1.#IND00 -1.#IND00 -1.#IND00 -1.#IND00 -1.#IND00 -1.#IND00 -1.#IND00 -1.#IND00 -1.#IND00 -1.#IND00 -1.#IND00 -1.#IND00 
-1.#IND00 -1.#IND00 -1.#IND00 -1.#IND00 -1.#IND00 -1.#IND00 -1.#IND00 -1.#IND00 -1.#IND00 -1.#IND00 -1.#IND00 -1.#IND00 
