3.128206 -0.261122 1.639034 0.278101 1.940733 0.403781 0.317373 1.150682 0.944533 0.584173 0.454803 -0.007481 
3.166031 -0.372169 2.140849 0.424840 1.514924 0.886150 1.812798 1.241057 0.196964 0.895586 0.369231 -0.067203 
3.252936 -0.062398 1.660957 0.603011 1.953603 0.876070 0.468697 1.748212 0.741953 0.296756 0.155399 -0.012202 
2.918541 -0.263484 1.962226 0.678481 1.824053 1.943093 1.500709 1.495902 0.366590 0.658736 0.283724 -0.056646 
3.068298 -0.030297 1.989121 0.542019 0.895213 0.935543 1.773855 1.631064 0.472155 0.332353 0.338827 -0.009103 
2.861530 -0.212660 1.981798 0.474174 1.958555 1.279231 1.231340 1.389542 0.245144 0.986588 0.289216 -0.093557 
2.853550 -0.244398 2.317661 0.330356 1.692777 1.421758 1.751336 1.806083 0.524914 0.695293 0.556760 -0.053905 
3.215406 -0.081917 1.328002 0.593289 0.475969 1.204253 1.608922 1.554142 0.236819 0.675814 0.315598 -0.065380 
2.804394 -0.350539 1.798574 0.189128 1.388771 1.389187 1.765563 1.637764 0.280919 0.726303 0.509775 -0.084405 
2.796298 0.309576 2.489223 0.300271 1.161279 1.265925 1.520050 1.377727 0.715288 1.029846 0.323017 -0.066384 
3.025242 0.029099 1.780729 0.585731 1.113399 1.152617 2.204498 0.856894 0.476415 0.795745 0.405827 -0.032782 
3.024728 -0.057069 1.719830 0.459355 1.466676 1.740642 1.226307 1.673696 0.437552 0.527955 0.255028 -0.045873 
2.828027 0.542328 1.865718 0.245021 2.341798 1.042195 1.405651 2.038155 0.599023 0.576800 0.494661 -0.019981 
2.774862 0.364374 2.365442 0.185490 1.142268 1.008617 2.223181 1.251925 0.342600 0.936127 0.583926 -0.047446 
3.121345 0.096378 1.882061 0.491109 2.276973 0.710930 2.351591 1.794033 -0.105805 0.730966 0.446047 0.001210 
3.064242 0.107636 1.723703 0.057592 1.393799 1.795765 1.957534 1.463108 0.858771 0.531903 0.299011 -0.020235 
2.764667 -0.009123 1.802279 0.069739 1.955714 1.077724 1.914077 1.620640 0.092113 0.831177 0.442712 -0.067186 
3.169605 0.096797 2.100653 -0.010062 1.246016 1.517883 2.624678 0.852967 0.236924 0.673285 0.272925 0.001037 
3.043184 -0.161972 2.269857 -0.622971 1.447927 0.940906 1.745962 1.417376 0.568248 0.812581 0.023066 -0.076754 
2.653632 -0.214171 1.555473 0.587136 1.561555 1.421759 1.911267 1.225712 0.387767 0.433175 0.217644 -0.038132 
3.000352 0.173898 1.773236 0.283298 1.642202 1.636707 1.913738 1.325745 0.513624 0.820226 0.369556 -0.042117 
0.513960 -1.120881 0.107296 -0.307666 0.021327 0.057245 0.082082 0.173441 0.035339 -0.000107 -0.015713 -0.008002 
1.198311 1.255747 1.430182 1.093144 -0.267465 -0.248222 0.332736 0.025981 -1.070157 -0.148321 -0.215249 -0.153454 
1.480584 0.662374 1.321858 0.210234 -1.263003 -0.809532 -0.687434 0.001261 0.797078 0.501436 0.152780 -0.029455 
1.399070 1.092353 1.552940 2.519224 0.572356 -1.393419 0.209544 0.468339 0.388231 -0.257908 0.216293 0.030526 
0.932127 1.360044 1.285679 1.102908 1.571106 1.433230 0.950844 0.986115 0.406433 0.150095 0.209247 -0.059829 
0.716762 1.253417 2.303523 1.127132 1.081852 0.963177 0.399706 -0.101396 0.873429 0.040682 0.112800 -0.013519 
1.538641 1.418629 1.379761 1.489923 0.882121 0.375441 -0.117958 -0.483053 0.610677 0.327025 0.078937 -0.015123 
1.720206 1.024793 1.157358 1.577217 0.711902 0.395006 1.617206 0.574562 0.181873 -0.059605 -0.274672 -0.012546 
1.346460 0.579646 1.735926 1.217063 1.332800 1.325821 -0.325400 0.723591 -0.031167 -0.070771 -0.089079 -0.014546 
1.335067 0.925412 1.432738 2.057549 0.421710 1.134953 0.042648 0.795768 0.345995 0.153946 0.020040 -0.081524 
0.936670 1.472360 0.557831 0.664310 2.039274 2.031715 0.137047 0.494919 0.612987 0.084306 0.013943 -0.084975 
1.191306 1.200188 1.048740 1.021586 0.826669 1.070115 0.975919 0.565649 0.419542 0.361460 -0.080524 -0.059766 
1.342536 1.281640 1.406005 0.588994 1.652042 0.525827 1.003943 0.657194 0.967242 -0.117952 0.286317 -0.069710 
0.724457 1.168544 0.960302 1.701328 0.831488 1.017262 0.725527 0.990082 0.568024 0.304290 0.096179 -0.091039 
1.545190 2.033282 0.551130 1.677869 0.606997 -0.009480 1.249731 0.093624 2.036717 0.658658 0.036363 -0.079075 
3.700271 2.634557 1.553399 0.747080 0.618808 1.102955 1.621735 1.531957 1.225898 0.881899 0.093392 0.007464 
6.652982 3.743067 1.115553 -0.255736 0.140847 0.478265 1.718868 2.122320 0.964016 0.438329 0.016623 -0.039991 
3.684972 2.537863 1.729921 0.779113 0.108633 0.119839 1.040172 0.819550 0.771781 0.818761 0.086011 -0.032838 
3.199197 1.844606 2.019250 1.211165 1.480807 0.430951 1.112704 1.111719 0.350158 0.623485 0.340222 0.037549 
2.910278 1.770390 2.285072 1.603853 1.698203 1.140372 0.920659 0.848240 -0.018843 0.245736 0.021932 -0.029171 
2.695329 0.566543 1.035609 0.533228 1.921887 2.566304 1.514514 0.924124 0.582079 0.870261 0.226728 -0.027771 
1.508293 0.153655 -0.427891 1.386798 1.074397 1.447195 -0.990704 0.480686 0.879307 0.420903 0.366011 -0.111476 
0.891930 0.103692 0.824954 1.451270 2.726994 1.759403 1.040901 0.663161 0.411406 0.127050 -0.078710 0.000862 
1.067267 0.674390 0.975060 1.442187 1.533847 1.145120 0.706289 0.775899 0.730002 0.129136 -0.269808 0.036607 
0.896342 1.016399 0.832336 1.726554 1.728381 1.202513 0.868559 0.634655 0.951569 0.483132 -0.023607 -0.066761 
1.001116 0.987631 1.937272 0.657884 1.397040 0.901947 0.883318 0.723986 0.576983 0.795656 0.260803 -0.104299 
1.191832 0.513896 1.489767 1.108412 2.053323 1.496272 0.871285 0.671786 0.052081 0.633041 -0.166669 0.020394 
-1.#IND00 -1.#IND00 -1.#IND00 -1.#IND00 -1.#IND00 -1.#IND00 -1.#IND00 -1.#IND00 -1.#IND00 -1.#IND00 -1.#IND00 -1.#IND00 
-1.#IND00 -1.#IND00 -1.#IND00 -1.#IND00 -1.#IND00 -1.#IND00 -1.#IND00 -1.#IND00 -1.#IND00 -1.#IND00 -1.#IND00 -1.#IND00 
