2.983181 0.239886 1.855062 0.516892 1.349940 0.906376 1.768570 1.235897 0.402902 0.705746 0.438277 -0.015941 
2.618935 -0.053441 1.562713 0.111382 1.191596 0.941360 1.278702 1.638202 0.648953 0.284538 0.375345 -0.053049 
0.628309 -0.462606 0.136690 0.756623 3.176882 0.729398 -0.380177 -1.277118 -0.367392 0.276439 -0.412987 0.006404 
1.172659 0.716803 1.607727 0.616888 0.030100 -1.048886 0.345881 -0.406038 0.361616 -0.245836 -0.173108 -0.056706 
1.623253 0.344356 0.978113 0.213261 -0.301375 -0.819290 -1.128435 -0.464757 -0.414880 0.281063 0.064876 -0.091724 
0.540312 1.813818 0.625289 2.008098 1.910492 0.186069 1.633134 0.850575 -0.115830 0.919646 0.123378 0.024351 
0.944518 0.772867 1.204120 2.192631 1.432553 0.978540 1.282776 0.253022 0.753202 0.392362 0.013751 0.013149 
0.878174 1.098948 1.090580 1.917592 1.739229 1.145609 0.455033 1.132431 0.470064 -0.403259 0.004985 0.017910 
1.370376 0.874488 1.762120 0.707227 0.894065 0.154802 0.967789 -0.013522 -0.101514 0.565699 -0.024660 -0.039147 
1.002560 1.022286 1.785890 2.071470 0.762518 0.848477 0.932032 0.642069 0.581320 -0.041779 -0.156619 -0.016779 
1.217595 1.682856 1.812528 0.851534 0.447064 1.117923 2.015467 1.120450 0.142773 -0.201316 -0.317778 -0.028803 
1.276122 1.555976 0.840768 0.830218 1.781089 0.935105 0.830514 0.079761 -0.437588 0.204467 0.074899 -0.061323 
0.699699 0.099343 2.263466 1.455437 0.275640 1.224793 1.948413 0.830305 0.844732 -0.331539 -0.079591 -0.104362 
0.952482 0.785378 1.396087 1.940174 1.100170 1.718027 0.471256 0.286465 0.324286 0.549735 0.065870 -0.127946 
0.949404 0.727701 2.157610 2.029636 1.602344 0.633585 0.712387 0.921182 0.501550 0.239642 -0.025706 -0.043743 
0.795136 2.289180 1.333325 0.984783 0.824790 2.106276 0.129685 0.616234 0.155720 0.515931 0.155734 -0.060359 
0.806141 1.980350 1.631495 0.341227 0.532998 1.491042 0.593815 0.844574 0.898976 0.441080 0.337076 -0.154119 
4.782015 0.591472 0.629146 0.119506 1.742360 0.591510 1.029958 0.316585 0.627425 -0.041349 0.107201 0.103055 
5.059490 1.756219 -0.007945 0.572483 0.142466 0.237735 1.270847 0.599812 0.116747 0.466107 0.263167 0.008035 
3.594758 2.934725 2.040857 1.161949 0.478003 0.473706 0.833471 1.093466 0.935017 0.478986 0.032868 -0.022045 
3.815297 0.666792 0.174718 1.098795 3.519867 2.837893 0.584997 0.353260 0.523613 0.433590 -0.193297 -0.075843 
4.090855 -0.246991 0.365177 1.086639 1.535567 0.179503 -0.103475 0.439670 1.079803 -0.069095 -0.164224 0.043961 
5.202722 -0.315933 0.383813 0.977429 3.479623 -0.106844 -0.539661 0.205422 -0.047650 0.236870 -0.023722 -0.009021 
1.221454 -0.581563 -1.826567 -0.662154 0.839177 -0.058665 0.009039 2.282352 0.630583 0.137717 0.277176 0.050418 
0.652161 0.700624 1.409845 0.996612 2.032981 1.142499 1.457513 0.917580 0.041556 0.270964 0.048470 -0.042194 
0.758271 0.581756 1.208297 1.055187 2.414767 1.591237 1.147974 1.264076 0.512558 0.234394 0.040047 -0.040964 
0.774195 0.618241 0.830755 1.640441 2.034728 2.167965 0.861349 1.397777 0.668421 0.062244 0.096610 -0.013900 
0.596358 0.744598 1.685535 1.301518 1.769667 0.989371 0.746716 1.466438 1.176214 0.231658 0.112691 -0.058027 
0.867677 1.230689 1.103478 1.242913 0.643917 1.037208 1.192736 1.032136 1.161015 0.277548 0.063031 -0.025628 
0.799176 1.180472 1.399320 1.937529 0.398746 1.212304 0.270583 1.219748 1.071171 0.314358 0.184233 -0.035475 
0.814969 1.140113 1.210593 1.476723 1.885946 1.200927 0.888754 0.465393 0.786543 0.523327 -0.083702 0.025774 
1.041619 0.576674 1.592344 1.418895 1.600755 1.622023 0.317790 0.157321 0.503269 0.323625 0.080856 0.017325 
1.283415 0.913331 1.215508 1.192120 1.233084 1.302565 1.243825 -0.075862 1.060687 0.291511 0.250228 -0.047232 
2.377680 0.183588 0.575236 1.664136 0.754394 0.963164 1.258907 1.652385 0.499279 0.319761 0.238395 -0.029479 
2.495187 0.686084 0.892550 1.893737 1.002953 1.335753 0.700237 0.382713 0.071240 0.270939 0.226472 0.005692 
1.284549 -0.375426 0.609516 3.142595 3.424983 2.641551 0.932308 0.604294 0.521584 0.479587 0.170223 0.069225 
4.419539 -1.264328 0.822920 4.483148 4.387824 1.333443 2.163508 0.245836 0.000211 0.065519 0.233042 0.153971 
3.417620 0.501193 2.534501 1.758769 2.232624 0.750107 1.077823 0.459359 0.758356 0.747911 0.490342 0.061278 
2.826928 0.350208 1.643953 0.835477 2.259257 2.477335 1.411337 1.451933 0.973478 0.800057 0.066877 -0.033492 
2.577026 0.100755 1.728133 0.862686 2.663622 1.044145 0.971676 0.906068 0.524016 0.824508 0.346317 -0.049072 
2.840533 0.394346 1.536317 1.029534 2.285894 1.587844 1.227732 1.273020 -0.071020 0.898512 0.451542 -0.030382 
2.774806 -0.068934 1.450603 1.075145 2.954541 1.896822 1.416239 1.339150 -0.107534 0.410012 0.336629 0.021707 
3.028173 -0.120766 1.626320 0.806861 1.350440 1.709773 1.461941 1.072929 -0.022272 0.436051 0.420130 0.001270 
2.869498 -0.107169 1.382707 0.980725 1.488024 1.623984 1.538681 0.894698 0.163252 0.580171 0.351085 -0.021488 
3.015251 -0.080805 1.239661 -0.054148 2.880288 1.841527 1.617987 1.555817 0.324900 0.442621 0.537379 0.010072 
2.922042 -0.137246 1.878357 1.104412 2.191594 0.907516 1.403772 1.045215 0.375495 0.649963 0.349911 -0.010906 
3.093938 -0.314573 1.448557 0.166404 2.573470 1.383710 1.833755 1.761807 0.592532 -0.100238 0.280070 0.077035 
2.948188 -0.096106 1.572308 0.973090 2.429716 1.425190 2.147702 1.525847 0.262283 0.374115 0.370324 0.036562 
-1.#IND00 -1.#IND00 -1.#IND00 -1.#IND00 -1.#IND00 -1.#IND00 -1.#IND00 -1.#IND00 -1.#IND00 -1.#IND00 -1.#IND00 -1.#IND00 
-1.#IND00 -1.#IND00 -1.#IND00 -1.#IND00 -1.#IND00 -1.#IND00 -1.#IND00 -1.#IND00 -1.#IND00 -1.#IND00 -1.#IND00 -1.#IND00 
