2.835130 -0.202693 1.503379 -0.102513 1.467797 0.288189 1.681780 1.031656 0.319310 0.194795 0.318919 0.042996 
0.082521 -1.418729 2.782776 1.182457 -1.960649 0.833921 1.724958 0.335801 -0.196057 0.162041 -0.416023 -0.043134 
0.642961 -2.841885 1.707133 3.198944 -0.310555 2.007069 0.581756 -0.251226 0.002192 0.666131 0.281388 0.035019 
2.688018 -1.078636 3.409467 1.690543 0.045353 2.419147 2.711748 0.581842 0.526372 0.594478 0.419643 -0.002088 
3.066466 -0.553132 3.027710 0.180348 1.341091 1.652638 2.455783 0.728281 0.288458 0.703187 0.410128 0.023192 
2.924550 -0.053189 2.362978 0.667122 1.435649 1.490550 1.964872 1.856783 0.277217 0.572746 0.607898 -0.034847 
2.693234 -0.191219 1.917239 1.302583 1.530104 1.747137 1.487804 0.904743 0.357928 0.495712 0.305384 -0.009789 
2.694156 0.254570 1.539914 1.307069 1.391457 1.283910 1.262978 1.483913 0.404605 0.462524 0.639465 -0.006123 
2.969930 0.164634 1.537501 0.851877 1.805995 1.235520 1.234014 1.493156 0.037940 0.408809 0.422835 -0.009151 
3.069520 0.009584 1.897177 0.259022 1.097030 1.226136 2.149825 0.792069 0.258759 0.671803 0.615646 0.001515 
3.059230 -0.125106 1.928402 1.009869 1.418902 1.556549 1.973045 1.332057 0.237627 0.741579 0.505403 -0.030377 
2.817851 -0.085759 1.939536 1.114405 0.800306 1.427552 1.618894 1.159862 0.217022 0.764162 0.512884 -0.051971 
3.039345 -0.274154 2.271282 0.276772 1.201231 1.393989 2.211114 0.868065 0.440194 0.990115 0.257107 -0.060934 
2.883888 0.242228 2.334852 1.185956 0.762968 1.297791 1.390084 0.913180 0.727563 0.830175 0.624128 -0.005829 
2.851535 0.284874 2.745747 1.117036 1.488844 1.285926 1.004642 0.472739 0.309129 0.929268 0.541804 -0.027570 
2.886186 0.044181 2.063799 0.523477 1.296096 1.298535 1.559190 1.335218 0.145230 0.657860 0.419965 -0.053331 
2.795204 0.349362 1.894954 1.151859 1.582145 0.913284 1.876314 0.473498 0.297647 0.960881 0.263762 -0.025472 
3.152188 -0.257300 1.829523 1.229646 1.367682 1.260120 1.796885 0.698976 0.645681 0.764387 0.247329 -0.018055 
3.316829 0.127858 1.924545 0.744875 1.074228 1.518704 1.453348 1.754966 0.380750 0.403265 0.630263 0.025725 
1.349630 -0.728074 1.261398 -1.642891 -1.425491 -0.881682 0.031526 -0.287767 0.455589 -0.330152 -0.313411 -0.027116 
1.400733 1.061844 0.730141 -0.835262 -0.913528 -0.726067 -0.766974 -0.814616 0.022798 0.591083 -0.069768 -0.048775 
1.644959 0.210217 0.583954 -1.044103 -0.421608 -1.037534 -0.665489 -0.234656 -0.097000 0.588674 0.018284 0.021376 
1.315081 1.362751 1.216952 1.344754 0.394878 -0.592939 -0.161676 0.188223 1.029879 0.376225 0.031410 -0.020541 
1.015742 1.413839 0.738542 0.852417 2.032063 0.784274 0.897584 1.114166 -0.262991 0.371092 -0.250692 -0.027216 
1.040046 1.256830 1.269399 1.807360 1.283616 -0.515415 0.683532 -0.161350 -0.382125 -0.171455 0.037358 -0.052571 
0.781217 1.150561 0.987666 1.829739 1.739805 0.494223 -0.051525 -0.147100 0.124459 -0.106926 -0.216110 -0.123409 
1.018089 1.789088 1.554394 1.223574 0.418234 -0.314894 0.505274 0.276562 0.035678 -0.051884 0.116344 -0.157513 
0.708639 2.069115 0.709991 1.665279 0.903787 1.347131 0.135735 0.059804 0.173557 0.132562 -0.155164 -0.072871 
0.593043 1.914509 1.453392 1.170898 1.238606 0.808518 0.622154 1.385052 -0.102215 -0.250770 -0.117138 -0.037246 
0.938671 0.788601 1.445115 2.096332 1.048838 1.414136 0.508224 0.922583 0.180403 0.053767 -0.117805 -0.044193 
0.821777 0.847269 1.776504 1.160692 1.051143 1.430637 1.148959 0.796165 0.996348 -0.300372 -0.023525 -0.068607 
1.825375 0.899673 0.856839 -0.185989 1.836108 2.394448 1.678486 -0.249851 0.445970 0.142848 0.166062 -0.008751 
2.788880 1.121041 1.142897 1.151160 0.472943 0.274863 0.643433 0.272058 0.281023 1.038877 -0.369773 -0.078075 
4.655928 3.609600 2.168487 1.060177 1.050638 0.907403 0.805564 0.580341 0.219426 0.007075 0.032467 -0.001380 
2.871101 2.166861 1.704943 1.314603 0.953640 0.749206 0.664099 0.587937 0.496214 0.384744 0.185656 0.008932 
6.205749 4.612238 2.974014 1.428995 -0.102563 0.006146 0.150722 0.822616 0.238757 0.184957 0.077733 0.000848 
4.259411 2.879022 2.782308 2.115780 0.911012 0.616988 0.076068 0.801067 0.236137 0.342206 0.273113 0.070799 
3.648632 1.299182 1.178125 1.389990 1.505471 2.126330 2.164593 0.926728 0.342967 0.934543 0.060423 -0.019065 
3.004128 0.723790 1.846239 1.735029 1.318192 1.160892 1.852106 1.086140 0.353307 1.074357 0.292672 -0.047342 
1.701194 -0.475341 -0.340752 -1.301256 -2.632851 0.382621 0.838476 1.878210 0.226735 0.343325 0.012712 -0.008609 
2.014394 1.303368 0.098845 0.120713 1.527582 1.880139 0.534551 1.172469 -0.317889 0.346580 0.079237 -0.034644 
1.165061 1.144008 0.863011 0.599125 1.575761 1.338007 1.299719 0.573861 0.596745 0.103096 0.031996 -0.028053 
1.365780 0.867400 0.987037 1.831289 0.786094 1.096492 1.414573 0.388557 0.561616 0.157718 -0.005178 0.006085 
2.080082 0.552628 1.200518 1.490681 1.324857 0.861480 1.399087 0.640139 0.220898 0.222700 0.398837 -0.009361 
2.196345 0.696600 0.842565 0.853258 2.344638 1.008773 0.572068 0.025207 0.852924 0.167302 0.268757 -0.003750 
2.484336 0.582997 1.058040 0.488815 1.612462 0.974005 1.284141 0.567811 0.511978 0.403916 0.272184 -0.013368 
3.330365 0.258268 0.893561 0.684317 1.054792 0.597040 0.883195 0.985923 0.106937 0.613537 0.134623 -0.031165 
3.815110 0.726384 0.852742 0.364893 1.748340 0.251248 0.905353 0.693594 0.518080 -0.016339 0.356030 0.103798 
-1.#IND00 -1.#IND00 -1.#IND00 -1.#IND00 -1.#IND00 -1.#IND00 -1.#IND00 -1.#IND00 -1.#IND00 -1.#IND00 -1.#IND00 -1.#IND00 
-1.#IND00 -1.#IND00 -1.#IND00 -1.#IND00 -1.#IND00 -1.#IND00 -1.#IND00 -1.#IND00 -1.#IND00 -1.#IND00 -1.#IND00 -1.#IND00 
