-0.195603 0.209302 0.166497 0.036188 0.138323 0.238229 0.171753 0.172277 -0.303623 0.012876 -0.124389 0.093595 
0.036954 0.121729 0.030963 -0.412485 0.202179 0.019768 -0.236846 0.100697 -0.006180 0.307298 -0.144319 0.018078 
3.074685 0.191618 1.511212 0.679732 2.346729 1.050570 0.984315 1.305082 0.626176 0.539885 0.388079 0.006197 
3.001305 -0.702060 1.745687 -0.381529 1.657725 1.141057 0.317467 0.452854 -0.035628 0.468120 0.305805 -0.001684 
2.904205 -0.140494 1.697686 0.388144 1.784078 0.777793 0.754432 0.713998 0.345108 0.323383 0.553573 0.036534 
3.147551 -0.243359 1.622995 0.710563 1.369700 1.917954 1.568634 0.926389 0.813221 0.538090 0.651589 0.032837 
3.034285 -0.064974 1.696757 0.935721 2.445797 0.528131 1.496817 0.987936 0.487163 0.798677 0.334168 0.001380 
3.323783 -0.130462 1.979071 0.447660 2.120953 1.038064 0.731333 0.675584 0.070281 0.390718 0.498654 0.038462 
2.839269 0.019700 2.322994 1.212308 2.398872 1.322018 1.639655 0.987817 0.311917 0.603247 0.429195 0.024108 
2.879699 -0.353395 1.860721 0.354586 2.473810 1.111272 1.862120 1.543849 0.845980 0.419485 0.369953 0.018913 
3.063074 -0.209089 1.952120 1.169999 1.731930 0.786856 1.613957 1.449366 0.441615 0.835603 0.499875 -0.037723 
3.160105 -0.553504 2.142977 0.325675 2.705904 1.562820 1.898427 0.710363 0.194496 0.179696 0.098665 0.100790 
2.683895 -0.025429 1.523516 0.795645 2.389574 1.614256 1.510185 1.673590 0.168133 0.552933 0.391358 -0.030299 
2.812205 0.041300 1.286593 0.323913 1.684528 1.132945 1.821751 1.092323 -0.223821 0.429465 0.171756 -0.021076 
2.884172 -0.014646 1.784535 0.787815 1.229060 0.540745 1.559431 1.760235 0.372267 0.770156 0.465734 -0.063033 
2.786271 -0.756282 2.317795 0.270066 1.435878 1.010180 1.873354 1.486707 -0.100638 0.286551 0.275198 -0.032919 
2.950456 -0.300627 1.609696 0.384067 2.105485 1.811579 1.595249 0.480586 0.357296 1.007018 0.026250 -0.066270 
3.181076 0.094797 1.660501 0.331518 1.088613 0.328873 1.873097 1.971462 0.172486 0.669144 0.385906 -0.040800 
2.993311 -0.267439 1.915792 0.527946 1.947385 1.092561 1.510802 1.474153 -0.058139 0.373551 0.457076 0.006886 
2.891016 -0.209214 1.813241 0.617217 1.814038 0.584467 1.514613 1.309654 0.331337 0.940193 0.469817 -0.065105 
3.538446 -0.532259 2.268506 0.563174 0.621638 0.370104 2.321926 0.206048 0.333961 0.763537 0.320637 0.047875 
0.749652 -0.722098 0.870130 0.109367 -0.302903 0.489349 -0.564062 0.137771 0.329474 0.591735 -0.145343 -0.029356 
1.055448 0.845694 0.496808 0.062150 -1.186078 -0.872352 0.221891 -0.413303 0.519321 0.464571 0.055131 0.062570 
1.242894 0.702917 1.699266 0.843858 0.291079 0.262961 -0.346627 -0.423144 0.070198 0.872312 0.124790 -0.029737 
0.397692 0.924330 1.651540 1.456906 2.064834 1.178540 0.442607 1.169870 0.937615 0.282568 -0.000450 -0.045847 
0.561552 1.852593 0.945423 0.994938 1.851686 1.320258 1.021364 0.429940 0.403174 0.687286 -0.022701 -0.000448 
1.247691 1.460111 1.093955 1.706532 1.040293 1.094937 0.316771 -0.121069 0.051150 0.456197 -0.021669 -0.033417 
0.898864 1.080326 1.885880 1.932010 1.021899 1.291401 0.046121 -0.101651 0.218303 -0.390433 0.052757 -0.074504 
1.157757 1.342519 2.312413 1.466010 0.658506 0.566615 0.457588 0.291030 -0.169835 0.080792 0.074533 -0.132999 
1.190103 0.699487 1.340278 1.379006 1.069464 0.354525 1.275525 0.175674 0.397764 -0.116340 -0.017223 -0.134469 
0.589408 1.069786 1.578907 1.491804 1.379602 0.722103 1.336798 0.753971 -0.528783 -0.231852 0.068010 -0.077107 
0.764658 1.044514 1.260277 0.943292 0.757666 2.630667 0.961379 0.369404 0.421257 0.161638 -0.199468 -0.067836 
1.128701 2.057038 1.902412 1.309823 0.236027 0.389687 0.959913 1.459006 0.701291 0.101190 0.055665 -0.051398 
0.789507 2.140762 1.153351 1.182761 0.563870 2.007027 0.068962 0.888807 0.679852 0.425229 -0.107208 -0.014267 
1.884073 1.027390 0.942455 1.307405 -0.033071 0.624630 0.277631 0.665143 0.542306 0.409315 -0.088840 -0.016161 
3.547714 2.543882 1.503109 0.652126 0.334343 0.667682 0.904069 0.773968 0.688209 0.532281 0.327765 0.013917 
3.718218 2.928393 2.015016 1.293174 0.997755 0.927627 0.774905 0.514380 0.289018 0.219651 0.152072 0.015239 
5.925455 3.910940 2.906977 1.171878 0.070915 0.198960 0.830057 0.714455 0.163045 0.056435 -0.026966 -0.044504 
4.210935 3.191486 4.073116 1.656269 1.568528 1.039730 0.881820 0.356455 -0.200315 0.044599 -0.018439 -0.042410 
2.911478 1.310138 1.816039 1.413335 1.871296 0.786069 1.107807 1.414832 0.278022 0.200847 0.462797 0.042928 
3.011293 0.062754 2.137916 0.929741 1.749233 1.640018 1.714332 1.685349 0.241490 0.467752 0.298981 -0.033904 
2.806483 -0.043240 1.848596 0.847923 1.555277 1.420463 1.539237 0.470792 -0.039801 0.118790 0.130157 0.007640 
1.439550 0.310703 -0.847548 0.857933 3.356873 -0.049699 1.675102 1.350524 -0.077361 0.472858 -0.419204 0.004102 
1.023338 1.378838 0.369055 1.309298 1.229888 2.408066 0.563156 1.132817 0.473732 0.283582 -0.057696 -0.004012 
0.847368 1.132273 1.147528 1.752525 1.197004 1.086776 1.587412 1.237091 0.517975 0.240437 -0.238532 0.037546 
0.708876 1.200239 1.997096 1.458468 0.199166 0.844990 1.603119 1.069395 0.481946 0.176238 0.160591 -0.037484 
1.234663 0.445853 0.926049 2.108673 1.787027 0.250516 1.055462 1.343753 0.505084 0.230451 -0.076205 0.010953 
1.111875 0.641765 1.004968 1.673396 1.630130 1.697617 0.802396 0.833409 0.895601 0.190284 0.100398 -0.026429 
-1.#IND00 -1.#IND00 -1.#IND00 -1.#IND00 -1.#IND00 -1.#IND00 -1.#IND00 -1.#IND00 -1.#IND00 -1.#IND00 -1.#IND00 -1.#IND00 
-1.#IND00 -1.#IND00 -1.#IND00 -1.#IND00 -1.#IND00 -1.#IND00 -1.#IND00 -1.#IND00 -1.#IND00 -1.#IND00 -1.#IND00 -1.#IND00 
