3.096077 -0.161069 1.706765 -0.533599 2.071202 0.229743 0.450579 0.752107 0.420691 0.203963 0.017227 0.038808 
2.909441 -0.475470 1.781026 0.145126 2.217710 0.024640 1.331059 1.398342 0.624696 0.464307 0.032601 0.004171 
2.905965 -0.162685 2.171328 0.390228 1.862828 0.965580 1.705501 1.339319 0.263235 0.018452 0.177279 0.054940 
3.118167 -0.007202 1.810672 0.401136 2.378138 0.439884 1.368305 0.949713 0.537264 0.354232 0.178967 0.053210 
3.008005 -0.136471 1.614782 1.446055 1.447909 0.900025 1.645106 1.602118 1.029593 0.493579 0.413210 0.001229 
2.885650 0.063591 1.769421 0.818211 1.421146 1.176631 1.645879 1.451060 0.480542 0.401024 0.487950 0.002119 
3.272633 -0.296895 2.444318 -0.020055 1.920059 0.951127 1.798926 1.094502 0.126178 0.220091 0.439147 0.088860 
3.075470 -0.055475 1.793418 0.291203 1.960488 0.303849 2.192564 1.273960 -0.052890 0.470968 0.579525 0.060338 
2.748350 0.069995 2.429993 0.767650 1.825720 0.644425 1.637762 1.837836 0.381669 0.756402 0.352736 -0.044850 
3.337515 0.165764 2.806579 1.090400 1.715288 0.587046 1.577926 0.491839 0.132159 0.637545 0.483509 0.060743 
3.232965 -0.171871 1.891756 1.483883 1.558813 0.467281 1.729067 1.160839 0.308978 0.597375 0.512031 0.022166 
2.992629 0.104885 2.460254 0.968686 1.446381 0.729432 2.123932 1.038123 0.152901 0.788624 0.459053 -0.007050 
2.877841 -0.605990 1.889089 0.511830 1.499427 0.917484 1.846982 1.275698 0.308146 0.511130 0.307681 -0.023657 
2.838938 -0.408787 2.530840 0.936996 1.322999 0.122635 1.149703 1.527476 0.387805 0.566447 0.489209 -0.015378 
2.965477 -0.174687 1.576457 0.039962 1.514367 0.817169 1.183558 1.277368 -0.177110 0.510483 0.371109 -0.031543 
2.921294 -0.170451 2.125668 1.101795 2.112467 0.837032 2.569922 0.982573 0.157301 0.701188 0.401852 0.019095 
2.862186 -0.139507 1.899834 1.120051 1.476035 0.615642 1.171061 1.469352 0.110728 0.597116 0.448880 -0.028036 
2.711984 -0.198256 1.607152 0.493485 1.859510 -0.014295 1.692836 1.241135 0.298793 0.719838 0.414539 -0.016421 
2.805304 -0.119895 1.672512 0.294395 1.732118 0.730341 1.505009 0.808480 -0.062216 0.590508 0.460101 -0.002442 
2.880480 -0.006044 2.298585 0.304366 1.897007 0.571745 2.805011 1.631143 0.183814 0.557171 0.416854 0.020969 
2.894242 0.006147 1.967576 1.158986 1.605464 1.056247 1.517986 1.810188 -0.086779 1.005175 0.471480 -0.082209 
1.453664 -0.008603 0.954773 1.585609 -0.595485 -0.526641 -0.192153 0.379355 -0.322073 -0.413208 0.156513 -0.086205 
0.946713 -0.371948 0.988773 0.206876 0.223265 -0.295345 0.873018 0.068706 -0.343113 0.215002 -0.240146 -0.055890 
1.296736 0.222524 0.692300 -0.116692 -0.603603 -1.355590 -0.936232 0.252509 -0.125275 0.024772 -0.497156 -0.036192 
0.501732 1.201171 2.284968 0.739591 2.021110 1.656717 0.575078 -0.391537 0.141410 -0.395304 0.006189 -0.027273 
1.067597 0.616642 1.569254 1.352184 0.883688 0.728277 1.240368 0.646655 0.923598 -0.130205 0.235698 -0.001585 
1.449846 1.807867 1.205198 0.411661 0.978539 0.873993 0.423577 1.231067 0.184324 0.322910 -0.068338 -0.010004 
2.389292 1.515615 1.021508 1.096031 0.647690 -0.014252 0.990680 0.182954 0.773459 -0.108041 0.118445 -0.004992 
1.318423 1.361840 1.228060 1.624491 0.375738 1.165655 0.312556 -0.300778 0.078102 0.151345 0.233228 -0.070680 
0.932143 2.156377 1.517141 1.117907 0.844390 0.378592 0.875604 0.394887 -0.559361 0.486668 -0.230047 -0.002180 
0.999747 1.081408 1.886622 1.536299 1.010804 0.255572 0.862794 -0.062001 0.236998 -0.165374 -0.044984 -0.057357 
1.515894 1.157386 0.772746 1.769447 1.089872 0.604745 0.822816 0.300860 0.372433 -0.295682 -0.073107 -0.062495 
1.441259 1.124902 1.895595 1.091560 0.402936 0.050739 1.054111 -0.379899 -0.275362 -0.299030 0.016848 -0.044754 
0.887827 1.215249 1.426412 1.514957 0.914729 0.084297 0.424482 0.350769 0.469676 -0.222801 -0.085365 -0.054680 
0.707467 1.651732 2.000292 1.986317 0.816853 0.190455 0.147173 0.715366 -0.359538 0.327684 0.245876 -0.147217 
0.649410 1.070762 1.112807 2.406389 0.793454 1.477707 1.202902 0.119932 0.114207 0.138188 0.065949 -0.068813 
0.909195 1.162936 1.669881 1.493864 1.594277 1.562517 0.001216 0.690017 0.857025 -0.116083 0.180300 -0.077441 
1.386652 0.946181 1.463373 1.796816 1.471401 1.344319 1.049054 -0.359951 0.302145 -0.184872 0.305605 -0.000291 
1.714402 1.448354 1.912116 1.524404 0.443490 1.108829 0.280339 -0.107595 0.400776 0.528666 0.139389 -0.035941 
4.152217 3.273597 2.030354 1.097768 0.026878 -0.014266 0.499406 0.716956 0.162591 -0.138350 0.075141 -0.021385 
3.443674 3.049901 2.668102 1.768573 1.002904 0.485970 0.195076 -0.107512 -0.087948 0.006249 0.107766 0.008189 
3.207105 2.679850 2.257558 1.918832 1.397156 0.908880 0.622786 0.369269 0.155502 0.041505 0.012064 -0.004201 
4.922344 2.851854 3.401810 1.307366 1.176481 -0.616813 1.117182 0.088136 -0.015209 -0.074756 0.348694 0.176893 
3.625421 2.051825 2.648016 0.705622 2.867550 1.241291 0.605121 0.713972 -0.276323 0.298930 0.252473 0.008554 
3.835021 1.399986 2.889416 1.487804 1.727731 1.597563 1.727123 1.077079 -0.435293 0.120971 0.300713 0.024567 
1.363910 -0.871286 -0.268432 -0.512509 2.944535 0.583096 -1.186302 -2.069354 0.320518 -0.593318 -0.085624 -0.044410 
1.377779 0.084548 0.331330 1.410938 2.246297 1.130715 0.937108 2.184721 0.510956 0.022373 0.110499 -0.139795 
1.095048 -0.042623 1.513353 0.833869 3.171519 1.352062 1.213249 0.589702 0.723775 0.151927 -0.001469 -0.009374 
-1.#IND00 -1.#IND00 -1.#IND00 -1.#IND00 -1.#IND00 -1.#IND00 -1.#IND00 -1.#IND00 -1.#IND00 -1.#IND00 -1.#IND00 -1.#IND00 
-1.#IND00 -1.#IND00 -1.#IND00 -1.#IND00 -1.#IND00 -1.#IND00 -1.#IND00 -1.#IND00 -1.#IND00 -1.#IND00 -1.#IND00 -1.#IND00 
