0.048410 -0.160944 -0.046800 0.280060 0.308683 0.039070 0.604475 0.049054 0.239060 -0.186489 0.359409 -0.033329 
3.225940 0.266921 0.919374 1.154613 2.089889 1.129591 1.804058 1.129706 0.459672 1.210479 0.414046 -0.054927 
3.002712 -0.099657 1.760720 0.275852 2.737679 1.347494 1.852939 1.171640 0.352816 0.562830 0.421885 0.031551 
3.247473 0.437413 1.757820 0.502055 1.508498 1.122599 1.681047 0.768648 0.086698 0.430365 0.405817 0.044810 
4.080601 0.837891 1.617089 -1.074545 0.593038 -0.091826 0.998478 0.678457 -0.322733 0.636056 0.613755 0.117230 
3.342174 -0.113302 2.252766 0.260987 1.567778 1.191535 1.610008 1.638453 0.242537 0.853541 0.544610 -0.048502 
2.598696 0.379454 1.158348 1.461314 2.163959 0.863751 2.010748 1.605687 0.099290 0.614197 0.341749 -0.001417 
2.564533 0.196298 1.566855 1.255164 1.656697 1.231523 1.227542 0.874576 0.745306 0.459767 0.538749 -0.002345 
2.803016 0.195559 1.563669 1.101626 1.253995 1.792574 0.972325 0.980887 -0.066247 0.417373 0.640964 0.015342 
2.723773 -0.292356 1.287596 0.297340 2.102637 0.697070 0.874413 0.802176 0.073579 0.505747 0.297776 -0.005767 
3.197310 -0.190404 1.427339 0.801706 1.897932 1.308546 0.939759 0.698161 0.470903 0.806779 0.537721 -0.020670 
3.169547 -0.289451 1.111399 1.294546 2.581399 1.441679 1.049201 1.196206 0.302651 0.372855 0.509279 0.035571 
2.906390 0.140825 1.399774 0.973252 1.955804 1.512355 1.422835 1.687615 0.376879 0.573758 0.621952 -0.013583 
2.918655 0.328723 1.742440 0.642472 2.022551 1.116408 2.016643 1.215532 0.333219 0.843277 0.552948 -0.006680 
3.009836 0.117987 1.846808 0.286964 1.366938 2.287428 1.758255 0.929800 0.741266 0.657909 0.523227 0.002822 
3.035399 -0.087828 1.462243 1.083514 2.468029 1.397742 1.542933 1.307336 0.129663 0.608579 0.419995 0.001965 
2.909578 0.332593 1.696211 0.844034 1.846262 1.305504 2.008563 1.124849 0.317343 0.935356 0.672417 -0.013758 
3.081754 -0.133862 1.483451 0.907951 2.420926 1.025324 1.684129 1.655596 0.086902 0.695087 0.704130 0.000669 
3.182924 0.107356 1.461750 0.335620 2.138245 1.522794 1.862178 1.211018 0.250587 0.269707 0.364179 0.043055 
2.756687 -0.012166 1.780642 1.192855 2.003104 0.854148 1.369225 0.964721 0.715877 0.608960 0.433233 -0.009228 
0.979317 1.032977 -1.159049 -0.904832 -0.467456 -0.042365 -0.297385 -0.839562 0.694969 0.335328 0.015715 -0.017362 
1.491423 0.773689 0.825528 0.873675 0.394718 -0.097685 0.650340 -0.805782 -0.012385 0.050368 0.119355 -0.134880 
1.409084 0.530636 0.715394 0.246093 -0.506162 -0.502947 -0.420994 -0.374249 -0.670877 -0.391945 0.227775 -0.123674 
1.495102 0.720135 1.657134 0.590813 -0.222162 -1.100078 -0.954731 -0.059229 0.830641 0.295368 0.024459 -0.052438 
1.155752 1.270206 1.485673 0.584066 1.809968 0.225529 1.206540 0.561778 0.048178 0.090251 -0.093815 -0.000918 
1.687903 0.862438 0.844886 1.848975 0.982076 0.775377 0.820506 0.223310 0.269880 0.118456 0.049662 -0.020483 
1.149287 1.063450 1.455006 1.841136 0.793849 0.560824 0.273761 0.534826 0.025727 0.190504 0.078971 -0.147833 
0.723769 1.404686 1.119067 2.008460 0.323388 0.056962 1.095238 0.750567 0.432370 0.341651 -0.099920 -0.113533 
0.930340 1.217797 2.100749 0.387244 1.147572 2.284024 0.357176 0.326343 0.171374 -0.033033 0.157603 -0.102152 
0.563688 0.963824 1.140831 1.636573 1.258519 1.567898 1.887889 0.307050 0.129528 0.168143 -0.065742 -0.059610 
0.533100 1.304896 1.493006 1.414026 0.887920 1.253190 0.605464 1.929931 0.430548 0.141554 0.043278 -0.110273 
1.044825 0.976107 1.247638 2.142268 0.469204 1.203783 0.331653 0.297775 1.821022 0.119109 -0.188906 -0.008863 
4.414111 3.006102 1.264675 0.317001 0.303657 0.807431 1.329882 1.197742 0.506345 -0.051704 0.002094 -0.044116 
4.305835 3.607469 2.504556 1.497915 0.991037 0.786712 0.670097 0.581210 0.495776 0.351787 0.043975 0.004511 
3.832641 3.448927 2.936843 2.063534 1.397374 0.630277 0.314329 0.199099 -0.090408 -0.081643 -0.018232 -0.021058 
3.384265 2.647985 2.418691 2.236476 1.799896 1.184062 0.688369 0.586751 0.319265 0.119369 0.080035 0.002582 
3.818660 2.504743 2.936921 2.588630 2.813391 1.781616 1.000822 0.931187 -0.561254 0.350712 0.167209 0.000041 
3.225422 0.439512 1.630939 0.501065 2.544766 2.270510 1.591446 0.949620 0.131173 0.406423 0.002275 -0.013960 
2.998567 -0.052939 1.493866 0.951432 2.643191 1.557773 1.776952 1.237359 -0.171652 0.506004 0.348958 -0.003342 
1.435511 0.371468 -0.047938 -0.657504 -0.090676 0.388695 0.204323 1.398733 -0.105814 -0.098115 -0.136343 -0.330858 
0.884504 1.422132 0.516733 1.779780 1.624845 0.991923 1.437898 0.542303 0.825184 0.395822 -0.034243 -0.069326 
0.982333 1.058663 1.038697 0.700472 1.678752 2.160191 1.409669 0.094698 0.800218 0.425291 -0.061428 -0.028468 
0.567072 0.931486 1.551641 1.810820 1.963757 0.625092 0.992808 1.130199 0.578936 0.172516 0.313167 -0.103610 
0.831852 0.251629 1.453783 1.845506 1.746056 1.642689 1.590894 0.972439 0.400924 0.461968 0.027855 -0.034412 
0.777753 1.021301 1.438618 1.833078 1.161412 1.165883 1.054310 0.987148 0.813784 0.511300 -0.025620 -0.025218 
0.919073 0.782515 1.254558 1.624354 1.986115 1.029843 0.893293 0.334101 1.039185 0.265865 0.330018 -0.083752 
1.011062 0.919140 0.573274 1.735326 1.960074 1.222937 0.684494 0.039830 1.095614 0.285486 0.213996 -0.042393 
1.974376 1.028287 -0.028022 1.542366 1.110566 1.177212 0.992508 1.438433 0.004082 0.356026 0.036414 0.010567 
-1.#IND00 -1.#IND00 -1.#IND00 -1.#IND00 -1.#IND00 -1.#IND00 -1.#IND00 -1.#IND00 -1.#IND00 -1.#IND00 -1.#IND00 -1.#IND00 
-1.#IND00 -1.#IND00 -1.#IND00 -1.#IND00 -1.#IND00 -1.#IND00 -1.#IND00 -1.#IND00 -1.#IND00 -1.#IND00 -1.#IND00 -1.#IND00 
