2.799067 -0.035357 1.710033 0.417278 2.146734 1.484195 1.855287 1.375566 0.522037 0.708042 0.376185 -0.029737 
3.311703 -0.044351 1.854895 -0.024320 1.665882 1.352122 1.975714 0.491214 0.521619 0.663490 0.363637 0.049649 
2.880322 -0.125581 1.791993 0.752937 1.782228 1.958887 2.334069 1.517641 0.724939 0.270481 0.046140 0.014723 
3.115093 -0.294465 1.814441 -0.124046 2.424725 1.785105 1.665159 1.709674 0.477482 0.143950 0.072558 0.008918 
2.918017 -0.107121 2.387734 1.234079 1.529300 1.777550 1.593778 1.148068 0.247305 0.149363 0.081509 0.039605 
3.184826 0.211486 2.284316 0.159605 1.652299 2.192858 1.477883 0.661232 0.528056 0.476713 0.311150 0.043185 
3.141464 -0.114030 2.275056 0.376666 1.576557 1.484519 1.203685 1.855547 0.468403 0.282077 0.470882 -0.001907 
2.812133 -0.257803 1.629762 0.547280 2.710170 2.066686 1.733333 1.153969 0.256322 0.167238 0.369513 0.061961 
2.846764 0.327802 1.836915 0.535981 1.393679 0.572854 0.999516 1.174927 0.260356 0.365634 0.395994 0.015134 
2.857198 -0.251574 1.452789 1.234742 2.189910 1.578163 1.077997 1.576424 0.433539 0.039947 0.337682 0.046389 
2.607681 -0.510670 1.597190 0.841876 1.476362 0.748049 1.672139 1.247390 0.299665 -0.068119 0.289420 0.043654 
2.911396 -0.872659 1.620110 1.001124 2.564151 1.635871 1.279228 2.162538 0.451867 -0.112454 0.342809 0.045248 
3.098025 -0.107219 1.593307 0.048637 2.773717 1.000293 1.591922 1.874511 0.426021 0.117854 0.424508 0.048606 
0.962652 -0.746069 0.660015 -0.723247 -2.212119 0.360210 0.254079 0.149177 0.202819 -0.623562 -0.048860 -0.119911 
1.240803 0.550815 0.467490 -0.263150 -1.831066 -2.055264 -0.652762 0.890766 0.647230 -0.028375 0.154153 0.016485 
1.187355 0.280508 0.322108 -0.312726 -0.479014 -1.592432 -0.044630 -0.083643 0.446459 0.575217 0.302654 -0.040322 
1.931175 1.008626 1.642297 -0.203022 1.449068 -0.881845 1.171916 0.653130 0.008585 0.687746 0.418850 -0.061639 
1.116485 1.048928 0.853407 2.244766 0.659905 1.628674 0.448270 1.302458 -0.011202 0.437376 0.000973 0.060947 
1.404145 1.031500 1.019273 2.059125 1.766758 0.086625 -0.383442 -0.049586 0.020013 0.349420 0.145005 -0.050977 
1.055025 1.542664 1.594683 0.748322 0.745989 0.731096 1.377292 0.007944 0.040813 0.061550 -0.037536 0.017879 
0.726025 1.562590 2.452301 1.398237 0.683128 -0.119009 0.457003 0.608981 0.297285 0.021093 -0.246864 0.003048 
0.971541 1.321797 1.485911 1.074552 1.485114 -0.074356 0.750286 0.776729 -0.143306 0.141003 -0.035829 -0.081628 
0.947184 1.097360 1.117766 0.960085 2.143354 2.210385 0.497160 -0.105233 0.220321 -0.244516 -0.132222 -0.009548 
0.917941 1.886719 1.327583 0.556055 1.938732 1.150673 1.124588 0.525938 0.182233 -0.110682 -0.112485 -0.060697 
0.888175 1.108704 1.183493 1.292771 0.853661 0.829052 0.754480 0.083581 0.737200 0.212725 -0.080636 -0.153323 
0.675740 1.155971 1.512902 1.418614 1.029635 0.694358 0.313866 1.071858 0.958156 -0.386497 0.173967 -0.159093 
1.040713 1.180874 1.171945 0.801367 2.117205 1.522644 1.143787 0.262526 -0.074423 0.275580 0.204240 -0.087585 
0.918456 1.123531 1.338052 0.923565 0.730714 1.989735 1.168676 1.009079 0.571722 0.109398 0.203143 -0.103634 
2.024573 0.823169 0.837305 2.039235 1.011731 0.312742 0.676561 0.595150 0.193380 0.314973 0.225091 -0.020918 
3.239010 1.909465 0.781297 0.289407 0.093766 0.655768 1.174002 0.563413 0.038416 -0.078675 0.031114 -0.036983 
5.291818 3.994368 2.235581 0.653110 0.284612 0.989212 1.156378 1.224994 0.647305 0.376386 0.064770 -0.014605 
5.612626 3.799307 4.378615 2.765636 0.689604 -0.649454 0.816594 0.500520 -0.170672 0.320921 0.206100 0.038078 
5.323835 3.384275 3.650967 2.130336 1.132576 0.437626 0.484588 -1.126673 0.221576 -0.757962 -0.149152 0.022150 
2.939943 0.728440 1.588359 1.422951 2.164111 0.826476 1.155371 1.252562 0.229795 -0.015553 0.147149 0.023475 
0.607437 -0.876176 -0.425217 -1.414704 1.136109 0.065706 0.596579 -0.020056 0.399387 0.365177 0.245676 0.134414 
1.012123 0.072433 1.111736 1.281522 2.817385 1.222510 0.789733 0.991492 0.884131 0.051719 -0.202336 -0.053939 
0.866027 0.391560 1.517955 1.602871 1.453468 1.691829 0.784678 1.008529 0.548038 0.281890 0.002106 -0.042927 
0.674442 1.205512 1.348333 1.206569 1.855685 1.287318 0.935275 0.869521 0.611682 0.276662 0.028672 -0.036011 
0.658264 0.710569 1.274627 2.342231 2.223276 1.359766 0.883645 0.847315 0.520352 0.335917 0.014475 -0.000827 
0.707883 1.154073 0.702704 1.405239 1.240683 1.657136 1.005710 1.365023 0.493100 0.398853 0.131983 -0.065610 
0.837048 0.161889 1.238013 0.629389 2.323417 1.446309 1.790521 1.239407 0.588608 0.052590 0.136551 -0.038897 
0.666316 0.580154 1.140146 2.152123 2.766830 0.714849 0.799027 1.054231 0.638801 0.670813 -0.056704 -0.024049 
0.671962 1.037431 0.910182 1.373021 1.926311 1.085599 0.943861 1.080075 1.003902 0.164216 -0.162134 0.006328 
1.422662 1.051392 0.499287 1.532984 1.369295 0.703822 0.801394 1.135945 0.988745 0.686092 -0.068421 -0.070503 
3.522125 0.600229 0.476085 0.565685 1.282320 1.179209 0.695231 0.613929 1.159128 0.098742 0.104424 0.009796 
3.481746 1.338278 1.344658 1.427967 1.490822 0.743793 0.090366 0.566328 0.141782 0.101862 0.017339 0.001031 
3.318194 1.870369 1.506753 2.324646 2.533062 1.187322 0.151333 0.270567 0.646231 0.299940 0.143854 0.000358 
3.423491 1.773773 2.274716 2.219705 3.124266 2.311163 1.527360 0.452078 0.917886 0.618505 0.074441 0.055384 
-1.#IND00 -1.#IND00 -1.#IND00 -1.#IND00 -1.#IND00 -1.#IND00 -1.#IND00 -1.#IND00 -1.#IND00 -1.#IND00 -1.#IND00 -1.#IND00 
-1.#IND00 -1.#IND00 -1.#IND00 -1.#IND00 -1.#IND00 -1.#IND00 -1.#IND00 -1.#IND00 -1.#IND00 -1.#IND00 -1.#IND00 -1.#IND00 
