2.419265 0.453738 2.633678 0.355878 3.062026 -0.344078 0.810014 2.322237 0.571150 0.497336 0.215485 0.000632 
2.488719 1.082372 2.340336 0.778291 2.089258 1.442493 1.447872 1.381454 0.639860 0.690519 0.432024 0.002890 
2.842973 1.277581 2.205672 0.669043 2.130266 1.039043 1.446161 1.696838 0.711736 0.536579 0.108753 0.014209 
2.869925 1.337420 2.009463 0.404260 2.030714 2.236093 1.453272 1.109883 0.292558 0.257726 0.643343 0.060174 
2.677944 1.171163 2.155044 1.587134 1.755040 1.071499 0.626860 1.574407 0.949892 0.585440 0.316170 0.019037 
2.996030 0.844186 1.806306 1.258643 1.578456 1.506573 0.721693 1.249331 1.165379 0.692725 0.348485 0.009979 
2.799253 0.984728 1.704105 1.337989 2.468173 1.610807 0.741782 1.001732 1.039481 0.587581 0.181989 0.012609 
2.749138 1.180748 1.719519 0.999476 1.557269 0.910854 1.122578 1.153408 0.816013 0.488298 0.248086 0.012043 
2.755428 0.694609 2.040892 1.247801 1.676290 1.157808 0.775556 1.620519 0.895113 0.630003 0.180839 -0.015628 
3.092092 0.766075 1.614868 0.924309 2.306099 1.101274 1.187101 0.734823 1.047740 0.828793 0.192770 0.005035 
2.802805 0.761885 1.910528 1.464472 2.136157 0.917361 0.632849 1.244036 0.716091 0.730706 0.331707 -0.002469 
2.737132 0.775736 1.667035 0.958104 1.678233 1.155680 1.888282 1.462216 0.541487 0.640251 0.265477 -0.007513 
2.754387 1.427564 1.806491 0.980127 1.609165 0.803732 1.248418 1.244730 1.016591 0.467974 0.197179 0.018612 
2.853742 1.362539 1.911293 0.875934 1.860308 1.392659 0.780299 1.321148 0.839555 0.659113 0.147572 0.007518 
2.549082 0.824866 2.127377 1.059831 1.915680 1.492515 1.208796 0.853805 0.891367 0.767851 0.196366 0.002825 
2.964566 1.517389 1.926521 1.100404 1.945740 1.079607 1.147472 1.409587 0.506336 0.294537 0.316273 0.039856 
2.839523 1.331351 2.093618 0.567212 1.754286 1.083640 0.621647 1.449702 0.710735 0.893813 0.279354 -0.011956 
2.810564 1.762774 2.282390 0.938778 1.533621 1.257003 1.569671 1.450317 0.594849 0.424329 0.187994 0.024978 
2.840325 1.375010 1.905432 1.665635 1.866871 1.046563 1.281235 1.374299 0.462529 0.363441 0.277292 0.040036 
2.757786 1.008983 2.130547 0.879521 1.413006 1.373421 1.541378 0.987724 0.952880 0.392691 0.258068 0.025508 
2.497334 0.977418 2.319179 1.104152 1.555080 1.510936 1.516054 1.426924 0.877170 0.579879 0.298825 0.007556 
1.073301 1.500117 0.760278 0.528489 0.636729 -0.261391 -0.130676 -0.513487 -0.287369 -0.101771 -0.062586 -0.080203 
1.472989 0.431225 0.794989 0.221502 -0.179903 -0.539928 0.191358 0.656619 0.196713 0.673834 0.182626 0.068862 
2.421135 1.297664 0.191246 0.531867 -0.757412 -1.477468 -0.727397 -0.277188 -0.383952 0.561057 0.029523 0.004508 
2.651978 1.091331 1.317296 -0.210005 -0.297714 -0.737797 0.217170 -0.618596 0.041567 0.370780 0.634222 0.082286 
1.357273 0.837857 1.108486 1.991498 1.701479 0.847627 0.205154 0.324452 -0.016266 -0.347240 0.123461 0.006706 
1.287120 0.958616 1.157002 1.984062 1.170563 1.119834 0.446506 0.382298 0.235376 0.016411 0.001213 0.071217 
0.969153 1.493207 1.201741 1.575170 0.636793 0.741563 1.190335 1.516799 0.224662 0.026722 0.001718 0.044932 
0.906542 1.554856 1.217014 1.432348 1.849880 0.597120 0.021945 0.576803 0.571648 0.235308 0.235765 -0.125136 
0.854713 0.963180 1.463354 0.448752 1.547201 1.795182 0.318609 0.632520 0.316977 0.260504 -0.135205 -0.074150 
1.219041 0.887180 1.813789 1.252694 0.799445 0.066782 -0.059616 0.749287 0.726325 -0.035430 0.021739 -0.048039 
0.649435 1.182881 2.196481 0.680019 1.173962 2.031995 -0.128820 0.914556 0.558256 0.186404 -0.093379 -0.027411 
0.854148 0.926936 1.866681 -0.378064 1.733850 1.803194 1.411591 0.691431 0.283411 0.432330 0.200993 -0.175689 
1.569653 1.471189 1.541951 0.780224 1.489651 -0.041656 0.377757 0.803498 0.965605 0.289403 -0.182006 0.025909 
5.258606 2.678641 0.541555 0.561977 1.066029 0.924517 0.793553 0.937398 0.465952 -0.030814 0.083993 0.028144 
3.680546 3.089372 2.419866 1.616731 1.077069 0.754525 0.519300 0.388399 0.286388 0.197455 0.154901 0.016040 
3.890361 3.517198 3.082562 2.363288 1.603165 1.108107 1.113534 0.789509 0.328983 0.061710 -0.001733 -0.010761 
3.263292 2.823074 2.664532 2.252304 1.943624 1.267593 0.924550 0.527963 0.240545 0.041717 0.020877 -0.008630 
3.232103 2.592803 3.036618 0.729675 1.182586 1.579041 1.653672 0.859564 0.898940 0.731903 0.353253 0.085141 
2.800874 1.321858 2.019471 1.504956 1.315256 1.658583 1.300366 0.951899 0.831968 0.328951 0.328748 0.039437 
2.592816 1.337907 2.002608 1.048647 1.643375 1.362857 1.189512 1.276470 0.541041 0.478047 0.315021 0.000969 
1.627584 1.010026 -3.800058 -1.194934 0.358416 0.325351 1.105020 -0.372204 -0.273895 0.686881 -0.104255 0.074830 
1.096492 1.571621 0.912885 0.928970 1.399790 0.453693 1.568847 0.962466 0.339102 -0.010091 -0.052081 -0.027182 
0.643464 0.544274 1.239577 1.670311 1.047453 2.062891 1.817628 1.516164 0.139883 -0.010926 -0.176765 0.022834 
0.776155 1.176866 0.743633 1.079123 1.411068 2.715199 1.502650 0.452316 0.682511 -0.045180 -0.097442 0.040018 
1.288128 0.670404 0.480687 1.559291 0.862478 2.212036 1.181816 1.033469 0.414977 0.020288 0.142571 -0.026843 
1.477154 -0.051619 0.787433 1.693498 1.511427 1.704017 0.992765 1.241733 0.479364 0.029301 -0.058523 0.013075 
2.116271 0.963269 0.842578 0.454265 0.982652 0.802627 0.324511 0.739579 0.518904 0.593582 0.260190 -0.013931 
-1.#IND00 -1.#IND00 -1.#IND00 -1.#IND00 -1.#IND00 -1.#IND00 -1.#IND00 -1.#IND00 -1.#IND00 -1.#IND00 -1.#IND00 -1.#IND00 
-1.#IND00 -1.#IND00 -1.#IND00 -1.#IND00 -1.#IND00 -1.#IND00 -1.#IND00 -1.#IND00 -1.#IND00 -1.#IND00 -1.#IND00 -1.#IND00 
