2.844773 0.363329 1.655065 0.095828 1.212614 1.023412 0.634168 0.519546 0.214097 0.072074 0.129576 0.013756 
3.356210 0.071380 2.168726 0.476669 1.995735 0.742135 1.805664 0.816192 -0.988404 0.078079 0.152993 0.019422 
3.592571 0.715819 2.203743 1.838842 2.508988 0.277237 1.295836 0.817715 -0.975896 0.042663 0.105909 0.028643 
4.025705 1.149465 1.806176 0.291731 0.637185 -0.768707 -0.450193 0.318449 0.484642 0.612909 0.293829 0.076021 
2.753896 1.006535 2.014030 1.260450 1.486952 0.792557 1.311924 1.128365 0.544577 0.777169 0.455425 0.003780 
3.747660 0.207531 2.949234 1.751249 1.665248 -0.840781 0.986633 0.346315 -0.622774 -0.241016 0.079380 0.065387 
4.225256 0.679851 2.089550 0.881641 0.148719 -0.119261 1.673046 0.283748 -0.483544 -0.013081 0.049789 0.015740 
3.788454 0.607937 2.480134 0.548532 1.092699 -0.370632 0.497412 1.075304 -0.191934 0.235701 0.340049 0.042366 
2.903288 0.958936 2.271377 1.136009 1.803138 0.988176 1.217633 0.665789 0.736904 0.250932 0.081295 0.039491 
3.210681 1.143170 2.334454 0.402362 0.727949 -0.876289 1.121550 1.929832 -0.156206 -0.010536 -0.020367 -0.000913 
2.893654 -0.473209 2.115081 0.731056 2.458380 -0.043024 1.362303 0.989823 0.437000 0.386871 0.154796 0.061966 
2.917709 0.281074 2.228246 0.417251 1.141116 0.643326 0.926813 1.328764 -0.007541 0.263507 0.324920 -0.003976 
2.840837 0.282347 2.434975 0.304760 1.640728 0.758952 1.764185 1.386139 0.818258 0.755060 0.161525 -0.013577 
2.901523 0.306083 1.805794 0.856097 2.090544 1.499585 1.291987 0.831492 0.342294 0.318706 -0.046466 0.014331 
2.708881 1.071992 1.633538 1.367860 1.951563 1.574018 1.164857 0.545508 0.810868 0.353853 0.152827 0.033114 
2.447190 1.039832 2.221942 1.316402 1.168030 1.137859 1.320844 0.953347 1.004761 0.730770 0.348579 0.003531 
2.633173 0.911410 1.781260 0.932424 2.176751 1.487208 1.184625 1.404243 0.369298 0.513871 0.355886 0.006395 
2.537501 1.069359 2.601879 1.482387 1.672419 1.251489 1.104842 0.919241 0.924009 0.735922 0.262137 0.022976 
2.504889 1.073850 2.277156 0.811108 1.581855 1.847101 1.837695 1.215361 0.147231 0.603805 0.275544 -0.001726 
2.688332 0.951925 2.177086 1.090861 2.187883 0.690157 2.043579 1.166935 0.415779 0.260126 0.184913 0.056251 
2.954948 0.972659 2.523050 1.127654 2.008321 1.414642 1.369509 1.467644 0.406046 0.402046 0.312290 0.032805 
1.064954 -0.425210 -1.280935 2.596771 -1.103620 1.604033 -0.074680 -0.280592 0.134381 0.479970 0.063421 -0.084599 
1.566375 0.801324 1.274020 -0.238880 -0.737610 0.479716 -0.554559 0.147653 -0.461001 -0.063192 -0.074378 -0.092064 
1.888755 0.233705 0.934747 -0.621159 0.301289 -0.998068 -0.461809 -0.469343 0.008747 0.480176 0.248729 0.009323 
2.409199 0.723778 0.583790 0.005201 -0.531970 -1.067886 -0.844373 -1.065569 0.220530 0.007990 -0.206708 -0.027104 
0.621164 1.448659 1.593145 2.015554 0.944111 1.309586 0.957412 0.563924 -0.010733 0.039973 0.092493 0.022038 
1.314092 0.876534 1.305349 0.851301 1.266292 1.458338 0.718474 0.136955 0.213409 0.520002 0.287492 -0.018711 
1.651652 1.126904 1.099019 1.299686 0.734889 1.315108 -0.098342 -0.097096 0.512574 -0.062645 -0.076429 0.043139 
1.096071 1.163740 2.029581 1.363961 0.830966 1.096150 0.587266 -0.072373 -0.520063 -0.074404 0.023842 -0.020462 
1.270255 1.111144 1.159210 1.123716 2.181718 1.395884 0.214645 0.569028 0.135711 -0.260289 -0.102186 -0.011560 
0.882108 1.698951 1.510894 1.000633 0.813365 0.344977 0.801567 0.666621 0.601044 0.081035 0.089683 -0.093124 
1.279185 1.088079 1.757793 0.661565 1.209563 0.657053 0.604110 -0.022232 0.402840 0.397023 -0.030203 -0.094783 
0.584164 1.757339 1.454378 1.364697 1.245155 0.816585 0.341623 0.473093 0.890172 0.369011 -0.153550 -0.047264 
1.198013 0.654239 2.130831 1.192691 1.423487 0.658430 1.186327 -0.141244 0.916554 0.181892 -0.012078 -0.013026 
5.013297 0.864072 1.793310 0.798258 0.407465 0.000899 0.267206 0.406091 0.953392 0.144780 0.336166 0.178078 
3.803116 3.282835 2.556195 1.661402 0.918901 0.617818 0.636274 0.540755 0.275568 0.075339 0.013269 -0.003368 
2.841197 2.440882 2.209257 1.735472 1.550186 1.187269 0.617665 0.167732 0.037318 -0.041547 -0.072351 -0.001424 
3.334305 2.463855 2.404251 1.178890 1.825002 1.641874 0.870668 0.869143 0.949440 0.078436 0.008290 0.024212 
3.055812 2.135206 2.179555 1.459454 1.898863 1.077684 0.852310 0.977460 0.271742 0.115810 0.133024 0.000355 
3.008145 2.359135 2.118900 1.798046 1.032062 1.445488 1.145946 1.068730 0.355387 0.436818 0.097898 0.012103 
2.816676 1.526140 1.794531 1.230324 0.948217 1.690938 0.823909 0.832319 0.681853 0.249240 0.325967 0.037060 
2.990967 1.223995 0.858540 1.564484 1.230194 -0.013615 0.791733 0.983456 0.260006 -0.065815 0.276463 0.051140 
1.391317 0.677584 0.706242 0.881598 1.065559 1.833134 1.322940 1.345178 0.589512 0.523377 0.051161 -0.148509 
0.972431 1.004956 0.591357 1.356255 1.559551 2.067149 1.287367 -0.098882 0.632279 0.414057 0.165598 -0.089374 
1.634089 0.458106 1.115226 2.146707 1.604584 0.213855 0.892839 0.345743 0.755634 0.782062 -0.208803 -0.046645 
1.250547 0.923052 0.946297 0.896581 1.782020 1.285042 0.738334 0.154533 1.245546 0.367169 0.062714 -0.048922 
1.557952 0.616822 0.502711 1.399370 0.853038 1.679974 1.075996 0.387833 0.949129 0.301421 -0.000113 -0.025892 
1.090918 0.983135 0.624874 1.291274 2.171614 0.771398 0.780052 1.112308 0.740997 0.275051 -0.080471 -0.015894 
-1.#IND00 -1.#IND00 -1.#IND00 -1.#IND00 -1.#IND00 -1.#IND00 -1.#IND00 -1.#IND00 -1.#IND00 -1.#IND00 -1.#IND00 -1.#IND00 
-1.#IND00 -1.#IND00 -1.#IND00 -1.#IND00 -1.#IND00 -1.#IND00 -1.#IND00 -1.#IND00 -1.#IND00 -1.#IND00 -1.#IND00 -1.#IND00 
