0.284468 0.029636 0.215558 0.484700 0.192903 0.048243 0.642474 -0.607078 0.476098 0.393243 0.118075 0.093039 
0.189871 -0.196723 0.241707 -0.380242 0.176478 0.032896 0.200535 -0.371244 0.380374 0.080924 0.258069 0.022786 
-0.184289 0.226119 0.189022 0.061018 0.166629 0.270497 0.204366 0.202734 -0.277978 0.031982 -0.110765 0.098978 
0.020193 0.098542 -0.002413 -0.451863 0.159340 -0.023108 -0.282371 0.058481 -0.037949 0.282856 -0.159813 0.011971 
0.072834 -0.175384 -0.195016 0.406461 0.237027 0.141172 0.331947 0.128679 0.205807 -0.230882 0.317939 -0.042163 
2.929480 0.485074 2.749900 -0.166241 1.191285 -0.802154 1.356622 1.436688 0.011811 -0.037014 -0.017657 0.056560 
3.540144 1.169513 2.339682 0.397827 0.396985 -0.184483 0.251360 0.292429 0.212824 0.509257 -0.138206 -0.020281 
2.812289 0.930195 1.336425 0.807441 1.518063 1.656956 0.899011 1.138339 0.952444 0.458523 0.118148 -0.019885 
2.747387 0.533533 1.954044 0.993035 1.490918 2.056008 1.088595 1.339090 0.540261 0.434204 0.197125 -0.002631 
2.967350 0.765901 1.868641 0.866936 1.842257 1.700852 1.529961 1.238664 0.460742 0.248973 0.033627 0.021935 
2.492076 0.623735 2.060334 0.762628 1.814645 1.329833 1.505344 1.687607 0.912290 0.303440 -0.026434 0.002664 
2.802906 0.851632 1.756040 1.067846 1.477468 1.300177 1.446497 0.945363 0.567174 0.489045 0.365686 0.010872 
2.595479 0.585713 1.887953 1.466256 1.837255 1.740255 0.780138 1.180905 0.996657 0.826331 0.238847 -0.022805 
2.836140 0.829877 2.055466 1.231959 1.964848 1.063118 1.948449 1.113000 0.515487 0.597264 0.184512 0.026907 
3.054844 0.913654 2.141967 0.471876 1.595960 1.403651 2.019680 0.963023 0.557435 0.077587 0.161662 0.050426 
3.034519 1.215844 1.756843 0.380992 1.569342 1.575911 0.445687 0.762017 0.294126 0.527512 0.131794 -0.001639 
2.921278 0.981061 1.997876 0.788623 2.253696 1.973705 1.975416 1.035536 0.093045 0.353379 0.248880 0.051282 
2.833301 1.029069 2.072940 1.117722 1.800943 1.280634 0.930943 1.323232 0.798007 0.297316 0.204474 0.023457 
2.503828 1.000459 1.826486 0.955722 1.422279 1.472846 0.958419 1.569903 0.648381 0.464970 0.016201 -0.005705 
2.567957 0.489040 1.812870 0.918894 1.847041 1.160187 1.094056 1.439768 1.019813 0.630669 0.302752 -0.028659 
3.531449 0.196257 1.900058 -0.328567 0.274266 0.254442 -0.061127 1.111497 0.572957 -0.195827 0.213997 0.047960 
0.705812 0.426712 1.169532 -0.011252 -0.247091 -1.107435 -1.032064 -0.333583 -0.049729 -0.318439 -0.270091 -0.091871 
1.634260 0.250887 0.628376 0.815763 -1.071104 -1.480446 -0.489556 0.430376 -0.046477 0.104703 -0.250923 -0.016815 
2.295532 0.360062 0.698772 0.432534 -1.094687 -0.887933 -0.034010 0.205318 -0.307666 0.579061 0.324481 -0.010671 
1.601715 0.837035 0.788903 2.653361 0.328095 0.213581 1.741343 1.298624 0.120146 0.516931 -0.624326 -0.001326 
0.928765 1.742508 1.397048 1.266092 1.854808 1.770956 0.573099 0.280848 0.639635 -0.099492 0.297247 -0.075515 
1.175511 1.748164 1.212367 1.496507 1.304040 -0.517517 0.298368 -0.056305 0.306939 0.307784 0.166056 -0.012460 
0.918183 1.788406 1.553406 1.874153 0.790032 0.997296 0.666691 -0.010620 0.778593 -0.091816 -0.141152 -0.031661 
1.351166 1.330158 1.330255 1.342559 0.414336 0.930999 1.141515 -0.828050 0.870266 -0.006144 0.143767 -0.095039 
0.738353 1.713989 1.695733 1.664113 1.016719 0.344829 0.566297 0.889544 0.748314 0.023061 0.172050 -0.082955 
0.710529 1.686949 0.630386 1.595939 1.337858 0.737321 1.010352 1.261782 0.418568 0.485055 -0.231720 -0.051236 
1.232612 1.314721 1.066899 1.124946 1.954125 0.699710 0.803206 0.686633 0.474758 0.284940 -0.148583 -0.028727 
2.378077 1.025360 1.225772 0.371379 0.794948 1.251290 0.587987 1.091854 0.418227 0.179281 -0.100100 -0.025855 
4.931168 3.618628 1.615618 0.378717 0.562268 1.017096 1.059833 0.641365 0.287018 0.206703 0.215322 0.068882 
3.652213 3.401547 2.847468 2.456820 2.022784 1.428106 1.006309 0.413113 0.078262 0.096053 0.147060 0.019959 
3.607089 2.770836 3.122263 2.635746 2.293781 1.336527 1.095493 1.141984 0.136317 0.070338 0.092226 0.009976 
2.926787 2.504241 2.296088 1.749833 1.545671 1.371164 0.909510 0.755757 0.398712 0.167552 0.102600 0.017001 
2.593762 1.997284 1.691583 1.693391 1.521184 0.890902 0.645504 0.485251 0.325024 0.211191 0.102284 -0.018313 
3.021945 1.454373 1.901818 1.339549 1.885389 1.092115 1.634931 0.872848 0.697583 0.853647 0.222058 0.030646 
2.788905 1.299721 1.859771 1.182012 1.416728 1.505029 1.311588 0.641270 0.695798 0.165902 0.128553 0.011687 
1.851879 0.245320 -0.557530 -0.430578 -0.585413 0.659093 0.195076 0.243415 0.143281 -0.515166 0.588938 -0.154259 
1.454699 1.061458 0.489030 0.945179 1.054313 1.271445 0.596844 1.319579 1.049354 0.213427 -0.127774 -0.090756 
1.043632 0.627585 1.018889 1.233775 1.145625 2.065435 1.025876 0.787848 1.139035 0.513637 -0.086826 -0.118519 
1.019735 0.809367 1.314114 1.005917 1.212378 0.654395 1.126825 0.750440 0.561402 0.512804 0.194832 -0.077184 
1.082873 1.207558 0.841206 1.148183 0.945171 2.043478 0.565219 1.243986 0.578091 0.647688 -0.008073 -0.049768 
1.545916 0.527970 0.761229 1.008947 1.608065 1.742131 0.818508 1.005000 0.218207 0.416182 0.226713 -0.057532 
1.362795 0.831419 0.601490 1.238368 2.741173 0.547806 0.832754 0.968090 0.409546 0.217065 -0.057789 0.015733 
2.293365 0.446370 0.732715 1.387278 1.095614 1.740424 1.248063 0.849249 0.756534 0.267786 0.025932 -0.030260 
-1.#IND00 -1.#IND00 -1.#IND00 -1.#IND00 -1.#IND00 -1.#IND00 -1.#IND00 -1.#IND00 -1.#IND00 -1.#IND00 -1.#IND00 -1.#IND00 
-1.#IND00 -1.#IND00 -1.#IND00 -1.#IND00 -1.#IND00 -1.#IND00 -1.#IND00 -1.#IND00 -1.#IND00 -1.#IND00 -1.#IND00 -1.#IND00 
