2.677895 0.522692 2.252568 0.695290 1.979917 0.980333 0.709238 1.286337 1.139595 0.726970 0.308049 -0.014326 
2.746828 0.621288 1.797835 0.866193 1.522222 1.741881 1.555800 1.608058 0.625137 0.218190 0.211547 0.015865 
2.678365 0.813464 1.865756 0.328001 2.321861 1.963409 1.159155 1.150954 0.418763 0.430112 0.168296 0.010199 
2.651774 1.035787 2.171314 0.971992 1.476469 0.716782 1.824458 1.418876 0.543643 0.678922 0.482539 0.005898 
2.810156 1.111287 1.999149 0.802390 1.929444 1.640463 0.697477 1.908792 0.697677 0.317944 0.491469 0.014684 
2.907607 0.752277 1.766500 0.659171 1.798319 1.523500 1.959503 1.475405 0.940900 0.496273 0.307765 0.018224 
2.733896 0.535261 1.987051 1.158807 2.575993 1.830162 1.855332 1.565451 0.676087 0.310787 0.017426 0.052735 
2.917339 0.737057 2.116867 1.080361 1.940278 1.434854 1.415714 1.132845 0.920209 0.575467 0.451332 0.036399 
2.913840 0.395087 1.723963 1.126839 2.425999 1.674703 1.820350 1.545771 0.688697 0.235962 0.237798 0.056156 
3.051130 0.391779 1.904436 0.428868 1.908902 0.582981 1.991195 0.836035 0.732493 0.395630 0.131282 0.055180 
2.993831 0.525488 1.776541 1.053865 0.963672 1.679356 1.505356 0.714022 0.321963 0.295369 0.013552 0.011637 
2.504242 -0.136469 2.046592 1.219293 1.903208 1.582502 2.135439 1.864946 0.469660 0.209276 0.334881 0.020271 
2.867233 0.471531 2.099221 0.193553 2.172828 1.375418 0.842958 1.318775 0.972007 0.446308 0.274899 0.005820 
2.790885 0.806141 1.501500 0.438154 2.226721 1.483173 1.525005 1.397355 0.291240 0.644994 0.332114 -0.004713 
2.793466 0.684894 1.762422 0.733555 2.040625 1.156680 0.974896 1.785795 1.016894 0.398434 0.086783 -0.009982 
2.606569 0.582319 1.923424 1.083534 2.343950 1.550543 1.702287 1.035981 0.987723 0.386773 0.038436 0.044040 
2.784566 0.643714 1.838567 0.833474 2.134615 2.280891 2.128655 1.637174 0.545445 0.215294 0.121076 0.046298 
2.835546 0.928643 1.927377 0.980039 2.214942 1.280869 1.578724 1.652993 0.805729 0.405543 0.235848 0.030389 
3.055196 0.491370 1.724124 1.003615 1.894949 1.295186 1.586281 1.318280 1.052358 0.360571 0.259198 0.039397 
1.044606 0.795506 0.340963 0.454287 -1.923262 0.366480 -0.902682 0.058100 -0.090969 -0.311861 0.014468 -0.099748 
1.047343 0.138827 0.928671 0.729217 -0.162510 -1.219510 0.145945 -0.209676 -0.058972 0.096294 0.212397 -0.007229 
2.341659 0.589670 0.977656 0.006225 -0.388766 -0.807551 -0.175296 -0.095211 -0.322296 0.348520 0.124913 -0.080960 
1.441936 0.900789 0.955414 0.053800 -1.354750 -0.750678 -0.971724 -0.392438 -0.714541 -0.275864 0.166729 -0.080698 
1.428188 1.205524 2.643028 2.141100 -0.213948 -0.344283 0.235658 0.636208 0.009967 0.102466 -0.214610 0.020761 
1.317201 1.196156 1.448301 0.826470 1.690056 0.517411 1.593964 -0.096976 0.099553 0.318280 0.358239 -0.074009 
0.876100 1.236613 1.853153 1.435570 1.106144 1.497342 0.715868 0.390134 0.313411 -0.098492 0.375449 -0.067946 
0.826217 2.038061 1.238909 0.247752 1.888486 0.756397 1.124824 0.050975 -0.169100 0.004149 -0.004026 -0.114804 
1.069290 1.911331 0.760843 0.587224 0.942249 1.219923 0.890581 0.182893 0.093799 -0.119608 -0.044624 -0.049264 
0.621654 1.223823 1.629173 0.532697 1.603732 0.960398 1.410739 0.486542 0.361973 0.141496 -0.144097 -0.071774 
0.702009 1.300464 1.312691 2.294051 0.502311 0.970555 0.418714 0.918563 0.404927 0.641071 -0.084622 -0.109705 
0.668657 1.062146 1.299970 2.171203 1.205150 1.120476 1.618823 0.740573 0.748311 -0.073910 -0.021035 -0.043237 
1.024973 1.140787 0.883429 1.386973 1.551095 0.357536 0.845339 1.064362 0.728134 0.410817 0.042574 -0.129383 
0.862575 1.689909 1.860776 0.481481 1.271076 1.192213 0.455648 0.544741 0.394992 0.535432 0.161335 -0.079707 
4.734161 2.361214 0.791037 0.940315 1.243463 0.863894 0.910776 0.801965 0.457584 0.045715 0.010328 0.002576 
2.935491 2.388489 2.027160 1.693199 1.170765 0.656248 0.341311 0.164434 0.281191 0.290774 0.176944 0.017357 
4.632084 3.754356 3.618468 3.043155 1.295948 0.204231 0.379738 0.321285 -0.100835 -0.166721 -0.024055 -0.011868 
2.950415 2.606826 2.550740 1.902057 1.663865 1.512035 0.367277 -0.049100 0.413274 0.212315 0.073785 0.008112 
3.208475 1.535976 2.347872 1.792287 2.039265 1.660793 1.397401 1.690601 1.080427 0.233261 -0.013323 0.050148 
3.268717 1.684467 2.704420 1.967618 2.971625 2.337084 1.766253 1.343154 0.790888 0.181498 -0.106773 0.065284 
3.116865 1.084512 1.774981 0.622570 1.812013 1.736908 1.353351 1.730426 1.114880 -0.078786 0.069876 0.028229 
0.934393 0.865001 -2.342445 -2.053325 -0.590897 0.362072 0.549943 -0.619100 0.031845 1.028423 -0.155925 -0.038902 
1.143057 1.236222 -0.078004 0.573748 1.702140 1.836834 0.096344 1.756800 1.051320 0.172856 -0.059604 -0.168884 
0.924049 0.392085 0.775038 1.787851 2.182218 1.576650 1.663806 0.590224 0.494334 0.462906 -0.126909 -0.041367 
1.072562 1.286987 0.150126 1.525782 1.199042 0.966025 1.018694 0.985030 0.585109 0.345041 0.149607 -0.061563 
0.982894 1.174727 1.065192 1.466656 1.212199 1.531457 -0.146987 1.015313 0.491831 0.520915 0.021134 -0.040221 
1.387091 1.645484 1.012906 1.048816 0.787755 1.895645 0.187275 -0.198888 0.515644 0.607571 -0.049803 0.026613 
1.059338 0.609077 0.881968 1.337167 1.507583 1.390100 1.759897 0.023765 1.036249 0.393305 0.190037 -0.119446 
2.093381 0.399273 1.261310 0.871328 1.322975 0.237328 1.638270 0.316559 1.173330 0.481862 -0.020432 -0.032322 
-1.#IND00 -1.#IND00 -1.#IND00 -1.#IND00 -1.#IND00 -1.#IND00 -1.#IND00 -1.#IND00 -1.#IND00 -1.#IND00 -1.#IND00 -1.#IND00 
-1.#IND00 -1.#IND00 -1.#IND00 -1.#IND00 -1.#IND00 -1.#IND00 -1.#IND00 -1.#IND00 -1.#IND00 -1.#IND00 -1.#IND00 -1.#IND00 
