3.190622 0.415425 2.297567 1.385804 1.767225 0.045882 1.256778 1.115971 0.742223 0.289261 0.252198 0.072641 
3.082944 0.262613 1.636989 0.404967 1.505659 1.033146 1.808728 0.928282 0.375103 0.222658 0.363450 0.051218 
2.804396 0.168165 2.220899 0.200087 1.620409 0.601088 1.686601 1.715346 0.611698 0.435906 0.327592 -0.001724 
2.918382 0.513032 2.021892 0.969200 2.339714 0.966164 1.382868 1.023932 0.579848 0.427591 0.495323 0.050666 
3.169144 0.236937 2.126687 0.940453 1.381257 0.974502 2.033219 0.975333 0.943351 0.358039 0.383420 0.068025 
2.641330 0.479624 2.541590 0.707663 1.851791 0.983940 1.544316 1.241936 0.474633 0.729260 0.452255 -0.014552 
3.071363 0.373044 2.117939 0.195178 1.636183 1.582912 1.385487 1.126156 0.673022 0.235583 0.417729 0.050701 
2.800036 0.499565 2.055486 0.854988 1.442424 0.947762 1.979208 1.672532 0.360941 0.479586 0.516514 0.003435 
2.636343 0.500777 2.331107 0.373936 0.854597 0.792857 1.710073 1.398804 0.596917 0.396987 0.536517 -0.011857 
2.521727 0.286463 2.306109 0.416669 2.173555 1.562805 0.726015 1.146850 0.597434 0.553963 0.393893 -0.024234 
2.870945 0.187863 1.982820 0.617271 1.637767 0.100904 1.383108 1.617193 0.158237 0.482715 0.183191 -0.002024 
2.728782 0.457756 2.090053 0.603855 1.554321 0.900395 1.853973 0.881189 0.619499 0.712897 0.393145 0.005109 
2.877754 0.541786 1.736707 -0.076191 1.780884 1.138448 2.365441 1.491202 0.403805 0.321322 0.581730 0.030233 
3.077177 0.665670 2.042798 0.417679 1.580749 1.000349 1.183732 0.936322 0.796831 0.601526 0.233339 0.023306 
2.782222 0.521172 2.081763 0.619965 2.119397 1.525616 1.428822 1.141836 0.434815 1.022169 0.510189 -0.029244 
3.011524 0.344565 2.354588 0.570355 2.017910 1.030176 1.647257 1.497109 0.313018 0.780667 0.530357 -0.004408 
2.593622 -0.047189 2.483386 0.964912 2.001965 0.869005 2.105536 1.780872 0.585982 0.335500 0.350125 0.026487 
2.698974 0.491845 2.282428 0.551822 1.068279 0.509972 1.161302 1.025421 0.117964 0.790927 0.348162 -0.023138 
2.886273 0.420926 2.241809 0.551704 0.751582 1.310338 1.941095 0.562237 0.420088 0.546880 0.561998 0.013619 
2.696121 0.682415 2.142016 0.543428 1.519496 0.844771 0.966915 1.555448 0.610383 0.200666 0.245083 0.012468 
2.490378 1.077411 1.514058 1.431545 1.847170 0.782425 1.267818 1.307170 0.772428 0.417770 0.602402 0.013244 
1.141344 -2.221941 1.522365 0.031971 -0.581937 -0.092930 -0.289705 -0.182336 0.015871 0.011296 -0.138358 -0.051353 
0.771897 0.316739 2.033545 -0.135198 -0.304406 -1.029324 -0.391721 -0.041607 0.094854 -0.038351 -0.194549 -0.042987 
1.382970 0.542634 1.178169 0.849484 -0.176064 -0.967911 -1.097898 0.054765 0.060108 0.063833 -0.131555 -0.126312 
0.917162 1.016920 2.002400 2.433035 1.051010 -0.706309 0.776950 0.637642 -0.291670 0.396875 -0.090116 0.011742 
1.092731 1.511837 1.785765 1.102250 1.132239 0.996139 0.579650 -0.155596 0.154311 0.422216 -0.006005 0.033254 
1.378242 0.785969 1.864374 1.126301 1.475810 1.399734 0.689472 0.586167 -0.160872 0.288752 -0.207590 0.045796 
1.257865 1.296766 1.844012 0.938989 1.244959 0.726142 -0.251192 0.978487 -0.631042 -0.126896 0.252856 -0.079294 
0.818315 1.466406 1.713684 1.990594 0.543369 0.757570 0.701894 0.149328 -0.005327 -0.087552 0.167248 -0.134871 
1.237870 1.557333 1.018597 1.417055 0.064145 1.752584 0.767897 0.305703 -0.221589 -0.077660 0.038014 -0.072461 
1.532954 1.240781 1.438258 1.336800 0.892012 0.536416 0.035842 0.237895 1.017086 0.306045 -0.082181 -0.099074 
1.362858 1.140496 0.937622 1.166515 0.931994 2.167754 1.005142 -0.226180 0.510457 0.009765 -0.144228 -0.047004 
0.759962 1.376834 2.155394 0.714318 0.881594 1.317177 0.432141 0.635496 0.935764 -0.041157 0.042867 -0.080802 
1.033646 0.842179 1.410660 0.363170 1.427804 2.024348 1.550900 0.276075 0.212923 0.698378 -0.174952 -0.108691 
2.062748 1.082736 0.847789 0.599191 0.845467 0.744667 0.619777 0.244581 0.542495 0.380051 0.082989 -0.036651 
2.888204 1.124565 0.862271 0.342144 1.163994 0.939660 0.623625 0.603035 0.259404 0.662226 0.063773 -0.039004 
5.230361 3.645977 1.499479 0.194867 1.101925 1.053663 0.831035 0.473064 0.331107 0.527281 0.190675 0.046159 
3.737447 3.191882 2.525120 1.847450 1.493571 1.298536 0.985203 0.613078 0.325139 0.081909 -0.107739 -0.024686 
2.988586 2.490764 2.157225 1.722359 1.228242 0.774184 0.438190 0.211544 0.085851 0.046175 0.017776 -0.017544 
3.716381 3.226818 2.751433 1.950353 1.524837 1.234882 1.192730 1.042771 0.655925 0.356862 -0.046280 -0.000510 
2.859123 1.626951 2.109850 1.427111 1.050214 1.535600 1.024800 1.140598 0.483827 0.709346 0.337782 0.024835 
2.566124 1.275398 1.938021 0.025833 1.722871 1.441913 1.607614 0.672679 0.300207 0.170655 0.148312 0.020116 
2.539838 1.098174 1.835896 1.041595 1.360571 1.546827 1.073217 0.998045 0.438717 0.670005 0.459189 -0.012008 
2.137830 1.273195 2.051021 1.103827 1.742258 1.274909 1.470930 1.097915 0.373304 0.701679 0.605542 -0.029898 
1.879284 0.167670 -1.625753 -0.978947 -0.509123 0.458918 2.381481 0.553775 -0.439646 1.230849 0.019439 -0.105755 
0.796289 0.667720 0.697030 0.788830 3.019408 1.445795 1.449071 0.648428 0.394115 0.062464 0.044436 -0.054473 
1.233784 0.707364 1.189374 1.168778 1.330209 1.379475 1.416715 0.669797 0.799386 0.336895 -0.249513 -0.012669 
1.279294 0.763317 1.031190 1.381687 1.006539 1.226549 1.343979 1.015171 0.281177 0.092301 0.246040 -0.027070 
-1.#IND00 -1.#IND00 -1.#IND00 -1.#IND00 -1.#IND00 -1.#IND00 -1.#IND00 -1.#IND00 -1.#IND00 -1.#IND00 -1.#IND00 -1.#IND00 
-1.#IND00 -1.#IND00 -1.#IND00 -1.#IND00 -1.#IND00 -1.#IND00 -1.#IND00 -1.#IND00 -1.#IND00 -1.#IND00 -1.#IND00 -1.#IND00 
