2.300278 -1.800409 1.652155 1.337535 3.710413 0.656532 1.467010 0.671297 0.594467 0.695050 0.159518 -0.002522 
3.071368 -0.483111 2.384357 1.016547 2.253844 0.930593 1.786501 1.132324 0.293212 0.359312 0.410496 0.065012 
2.782589 0.401416 2.447994 0.558406 1.337184 1.126808 1.365503 1.658684 0.359016 0.378457 0.542893 0.000749 
3.064122 0.168425 1.786582 0.406022 1.752770 1.566973 1.846306 1.425180 0.529445 0.210202 0.553142 0.047639 
2.834423 -0.042361 2.381025 0.564700 2.156797 1.363874 2.136436 1.984317 0.209925 0.553534 0.538619 -0.017178 
3.198238 0.261287 1.763640 0.331736 1.366219 1.638403 2.041316 1.202019 0.483987 0.498853 0.464849 0.027001 
2.827221 0.508747 1.951983 0.612759 2.022364 1.979387 1.825524 1.195305 0.448329 0.234010 0.541369 0.052063 
3.013289 0.261725 1.616315 1.910550 0.868352 0.989879 2.063189 0.652407 0.623427 0.412107 0.388541 0.024769 
2.788624 0.065247 2.141371 0.963301 2.465005 1.167100 1.679813 0.969529 0.474613 0.491945 0.480536 0.041321 
2.813810 0.178963 1.738364 0.849518 2.269949 0.174345 2.001335 1.263192 0.500068 0.437236 0.287919 0.043728 
2.816023 -0.030972 2.296505 0.551548 1.458784 0.820559 1.856480 0.785057 0.613385 0.734765 0.457924 -0.001421 
2.780541 0.594764 2.725007 0.571630 1.390325 1.363307 1.584152 0.876555 -0.003828 0.410483 0.401459 0.002758 
2.787941 0.433936 1.735832 0.649558 1.913144 0.918500 1.974791 1.422372 0.396931 0.598438 0.539930 0.005813 
2.751536 0.542461 1.929020 0.800959 1.263599 1.832116 1.879045 0.566612 0.548203 0.883340 0.399407 -0.013306 
2.813245 -0.097248 2.671060 0.842553 1.397761 1.047918 1.723818 1.431971 0.390461 0.881138 0.485385 -0.057992 
2.897494 0.638773 1.984232 0.501891 1.813647 1.750215 1.535605 0.860318 0.423697 1.042004 0.481490 -0.022795 
2.979944 0.685275 1.929506 0.990453 1.802134 0.616462 2.239411 1.495110 0.314417 0.693856 0.509016 0.026094 
2.955501 0.294172 1.782389 1.582807 1.767660 1.720293 2.146837 1.174482 0.271345 0.557934 0.620874 0.035719 
2.857270 0.183639 1.959048 1.402645 1.139886 1.256194 2.057267 0.927454 -0.083895 0.447898 0.496690 0.011895 
2.963756 0.263158 2.041524 0.561441 1.975601 1.565276 2.822571 1.116534 0.162984 0.748227 0.340382 0.010501 
3.520848 -1.176038 1.031016 0.167352 0.900159 -0.565725 2.477298 0.067389 -0.454820 0.241648 0.510490 0.187767 
0.980893 0.534170 0.958964 0.964665 -0.150041 0.584119 -0.161706 -1.073046 0.415199 0.196911 -0.261813 -0.089493 
1.542717 0.888964 0.539048 -0.366489 0.075431 -0.480360 -0.569460 -0.105621 -0.442192 0.427737 0.072597 -0.030112 
2.099993 0.851606 0.986008 0.889753 0.528609 -0.699320 0.036921 -0.743049 -1.110850 -0.070903 -0.029083 -0.039907 
1.551574 0.750249 0.990509 2.079551 1.293324 0.637531 0.502734 0.641726 0.422441 0.010669 -0.012208 -0.056282 
0.902724 1.127139 1.878350 1.915654 0.084863 1.061871 1.120132 0.483799 0.851070 0.366916 0.198197 -0.131833 
1.841392 0.465914 2.479908 0.868101 0.354438 1.052429 1.025653 0.768536 -0.254147 0.045331 -0.259386 -0.008621 
1.149538 1.677199 0.914905 1.309027 1.310496 0.766162 0.357320 -0.087710 -0.077666 0.080678 0.272340 -0.044297 
0.871752 1.487437 1.660200 0.273677 1.159108 1.014816 1.103378 0.449224 -0.025461 -0.362039 0.132780 -0.115807 
1.216881 1.129265 1.637661 0.204823 1.680556 0.783263 0.111837 0.823869 0.396878 0.379683 0.031371 -0.118717 
0.980160 1.535553 0.396787 1.576342 1.437285 0.841210 1.629041 1.059205 0.365155 0.424220 0.086107 -0.131426 
1.850875 1.073280 1.612814 0.707818 1.553262 -0.181103 1.398301 1.195923 0.780702 0.025942 -0.315192 -0.008298 
1.278639 1.486225 1.019166 1.171835 0.351257 1.730324 0.283796 0.792315 0.088714 0.518433 -0.006761 -0.061117 
0.774985 1.847187 1.597908 1.040700 1.137131 1.031663 0.842261 0.805734 0.136082 0.156076 -0.010457 -0.014826 
1.573699 1.243054 0.946007 0.530430 2.105233 2.046307 0.390055 0.098761 0.698503 0.113074 0.070672 -0.005221 
3.628140 0.607231 2.438710 -0.245201 0.187818 0.571245 1.510349 0.415047 0.339381 0.004948 0.322461 0.076798 
7.558131 4.028020 1.662104 0.545136 1.023648 0.757248 0.653211 0.335707 0.725431 0.438879 0.239167 0.068222 
4.605875 3.689799 3.948833 2.839185 1.061892 0.312140 1.030833 1.393832 0.514570 0.260137 0.187145 0.046367 
3.533403 2.828709 2.832158 2.119055 1.482865 1.017764 1.009094 0.995055 0.534183 0.385235 0.095452 0.032987 
2.814207 1.342202 2.602247 1.787967 1.424620 1.857486 2.025023 0.873595 0.244030 0.236158 0.306417 0.025317 
3.584796 1.720094 3.478343 2.710628 2.097759 1.678384 2.052615 1.396851 0.234348 0.527671 0.051848 0.010959 
3.031905 1.054708 2.132299 1.253386 1.642247 1.827534 1.851971 1.370686 0.054588 0.437713 0.531982 0.035216 
2.893470 -0.247962 2.206831 0.819053 1.805652 1.566477 1.883076 1.284685 0.117054 0.257902 0.456709 0.026599 
2.390568 0.585834 2.424558 1.745028 -0.068962 0.951409 1.324025 -0.190747 0.666295 0.778667 0.156394 -0.058264 
1.163214 0.521121 1.296574 1.140250 0.531430 1.745088 1.363400 0.644583 0.571183 0.023197 -0.170227 0.006055 
0.445907 0.212169 1.083971 2.315484 2.073045 1.642895 1.342481 1.038027 0.811194 0.020690 0.070289 -0.063256 
0.440199 0.725047 1.442032 1.587985 1.804707 1.929435 0.830293 1.502745 0.809919 0.288954 -0.040690 -0.030010 
0.904319 0.628197 0.900019 1.120826 1.918235 0.900756 1.672929 0.942318 0.685673 0.500699 -0.162550 -0.020776 
-1.#IND00 -1.#IND00 -1.#IND00 -1.#IND00 -1.#IND00 -1.#IND00 -1.#IND00 -1.#IND00 -1.#IND00 -1.#IND00 -1.#IND00 -1.#IND00 
-1.#IND00 -1.#IND00 -1.#IND00 -1.#IND00 -1.#IND00 -1.#IND00 -1.#IND00 -1.#IND00 -1.#IND00 -1.#IND00 -1.#IND00 -1.#IND00 
