2.811636 -0.132165 2.016888 0.258193 1.694353 1.642097 1.553249 1.126632 1.076566 0.399070 0.313241 0.011760 
2.712572 -0.357165 1.929551 1.094513 2.476410 1.449796 1.925739 1.686559 0.912371 -0.083884 0.563263 0.096552 
2.987215 -0.270514 2.074233 1.375695 1.305213 1.528020 1.774949 1.213407 0.963593 0.360488 0.344153 0.034398 
2.906364 0.028173 2.266598 1.228472 1.677789 0.659457 1.808026 1.507070 0.965725 0.267289 0.603206 0.073273 
2.716023 -0.390046 1.867596 1.022782 2.008955 1.230001 2.767854 1.508247 0.497480 0.317903 0.462815 0.027104 
2.808384 0.435138 2.161298 0.686888 1.267794 1.351583 1.103911 1.012823 -0.021077 0.441934 0.640651 0.011562 
3.025874 0.097354 2.425927 0.065352 1.384619 0.191288 1.851517 1.063648 0.166020 0.915578 0.553096 -0.002120 
2.568431 -0.651118 1.767539 0.219303 0.907454 -0.056438 1.152220 1.331957 1.108995 0.404533 0.275223 -0.009591 
2.731328 0.081970 2.031798 0.450522 1.325083 1.131095 1.758119 1.099277 0.734429 0.626131 0.621418 -0.015739 
3.040873 0.414898 2.778905 0.524214 1.290513 0.272483 1.461476 1.223058 0.847538 0.459087 0.457171 0.066146 
2.851109 0.169594 1.906357 0.577511 1.799787 1.581659 2.344046 1.842984 -0.139553 0.683721 0.430094 -0.046506 
2.896590 -0.090419 2.029579 0.327391 1.295618 1.779786 1.873614 1.336296 0.098586 0.463680 0.517012 -0.021543 
2.698997 -0.019386 2.076094 0.929892 2.488303 1.642951 1.821397 1.666006 0.168438 0.474698 0.496964 0.007574 
3.091789 0.132494 2.094703 0.793133 1.520468 1.113418 2.323180 1.380315 0.192481 0.717759 0.502683 -0.012145 
2.841228 0.493707 2.201972 1.373653 0.836234 1.714007 1.800007 0.991760 0.282162 0.986648 0.720492 -0.024763 
2.854024 0.119560 2.211501 0.247446 1.818664 0.960753 2.297207 1.624088 0.092971 0.937428 0.340370 -0.060279 
2.788641 0.023311 2.377909 1.224287 1.255271 1.342426 1.950940 0.806467 0.180068 1.020860 0.421360 -0.061858 
2.702751 0.191702 2.313285 0.637776 0.649991 0.862341 1.649398 1.637057 0.406071 0.643386 0.286370 -0.063890 
2.564917 0.177542 1.114219 0.565603 1.059637 0.780057 1.092358 1.121528 0.269081 0.758110 0.533084 -0.067204 
3.015238 0.011364 1.955494 0.618966 0.974859 0.700564 2.329503 0.659794 0.723085 0.594175 0.363303 0.018258 
2.480137 -0.059176 2.697838 -0.031701 1.015318 0.954741 1.945668 0.825372 0.790323 0.861805 0.281266 -0.033537 
0.966897 -0.609298 0.585248 2.678192 -0.840213 0.268718 -0.457431 0.276743 0.053665 0.226208 0.040349 -0.014658 
0.760796 0.150248 1.284071 0.429819 -0.655513 0.652737 0.215288 -0.626214 0.414585 0.644053 -0.080110 -0.127992 
1.837808 0.591101 0.644815 1.014725 -0.901156 -0.508638 -0.797373 0.093083 0.681935 0.028319 -0.133803 -0.010811 
2.282334 -0.326492 1.606884 1.703973 2.585119 0.278552 0.674035 1.080940 -0.398770 0.568492 -0.136906 -0.036685 
1.221848 1.287479 0.939390 1.687281 1.024103 0.691314 1.201834 0.001906 0.369976 -0.184374 0.133291 -0.049797 
0.742802 0.811485 1.211013 2.707021 1.551413 1.329501 0.896648 0.131667 0.693880 0.198940 0.133021 0.019808 
1.247118 1.203491 1.112800 1.548608 0.166485 0.611300 0.922416 0.966196 0.426305 -0.178473 0.210149 -0.034255 
1.334787 1.614469 1.281934 0.827827 1.634599 -0.221119 0.568220 0.984949 0.444323 -0.121673 0.071970 -0.022335 
1.359451 1.333685 1.475948 0.751725 0.753911 0.525064 0.489890 0.529484 0.574851 0.090835 0.058236 -0.075062 
1.355206 0.828426 1.630468 1.119715 0.290283 1.438189 0.857277 0.781802 0.792590 -0.094965 -0.169830 -0.023927 
1.689506 0.698871 1.538747 1.615774 1.184113 0.471167 1.041138 0.285388 0.783806 -0.062101 0.040625 -0.049192 
0.536204 1.681665 2.054319 0.399347 0.624849 1.472057 0.708930 0.582441 0.739081 0.523508 0.004415 -0.095170 
1.499742 1.575247 0.278377 0.543954 1.041214 0.121218 1.232316 1.652738 0.252620 0.358698 -0.065370 -0.053699 
2.216565 1.271780 0.938652 0.715110 1.143816 1.152641 0.948143 0.676566 0.102584 0.514528 0.053385 -0.029088 
4.774586 -0.244046 2.023335 0.930842 1.087479 0.568504 1.018709 0.784872 0.973153 -0.074052 -0.261216 0.036722 
3.806945 3.327464 2.493764 1.455942 0.801610 0.589966 0.690225 0.789075 0.688643 0.414033 0.146189 0.036540 
4.793698 2.833399 3.054023 1.609966 1.182077 0.863267 -0.050345 0.738753 0.412051 1.097201 0.325428 0.059945 
3.835267 2.826884 2.666772 1.467027 0.965745 0.442464 1.517697 1.017815 0.720192 0.536176 0.108833 0.015635 
2.534849 1.321792 2.015777 0.825139 1.584374 1.914211 1.348818 0.916426 0.254329 0.860622 0.480692 -0.008661 
3.358959 1.336381 2.714388 1.333072 1.414686 0.823432 1.597551 1.622686 -0.167378 0.292592 0.412462 -0.003430 
3.089535 0.750572 2.456896 2.100687 1.504684 1.557464 1.859398 0.912913 -0.006317 0.273812 0.443184 0.033255 
2.750270 0.585326 1.446826 0.985237 1.534845 1.295842 1.333034 0.644803 0.731087 0.307923 0.579331 0.013827 
2.413648 0.391731 -0.692286 -0.593813 1.943742 0.948273 1.063536 0.304179 0.660545 0.304698 0.038992 -0.095275 
1.166151 0.651793 0.483890 1.526001 1.808021 1.125414 1.773702 0.942958 0.158929 0.166233 0.073619 -0.041569 
0.810779 1.078758 0.857967 1.451416 2.029584 1.666567 0.782102 0.780836 1.005329 0.117118 0.245412 -0.096293 
1.170345 1.111949 0.738684 1.250099 1.128774 0.845689 1.448813 1.108939 -0.013555 0.507400 0.144373 -0.046695 
0.937257 1.361278 1.256023 1.470540 0.498004 1.399227 0.958630 0.873512 0.988382 0.380926 0.213392 -0.077665 
-1.#IND00 -1.#IND00 -1.#IND00 -1.#IND00 -1.#IND00 -1.#IND00 -1.#IND00 -1.#IND00 -1.#IND00 -1.#IND00 -1.#IND00 -1.#IND00 
-1.#IND00 -1.#IND00 -1.#IND00 -1.#IND00 -1.#IND00 -1.#IND00 -1.#IND00 -1.#IND00 -1.#IND00 -1.#IND00 -1.#IND00 -1.#IND00 
