2.193080 -0.317379 1.814638 -0.298729 1.870771 -0.185640 1.400588 0.904561 0.521350 0.448032 0.231641 0.024559 
2.327243 0.108443 2.042765 -0.027995 2.626777 -0.580138 1.299774 1.214813 1.239785 -0.060231 0.260755 0.111326 
2.868416 -0.285045 2.242335 -0.635755 1.810601 -0.008925 1.934937 1.061974 0.263059 0.272377 0.164679 0.093509 
2.938553 0.140544 2.617825 0.072636 2.020104 0.507591 0.839197 1.085359 0.441888 0.508771 0.446613 0.032260 
3.267816 0.048225 2.378589 0.668106 1.733407 1.469526 1.601138 1.177641 0.271639 0.585023 0.428390 0.012510 
3.235412 0.158671 1.431824 0.443048 1.830619 0.897227 1.384718 1.263990 0.226624 0.260938 0.435008 0.045087 
3.119797 0.747250 1.893868 0.324488 1.724671 0.589332 0.759645 1.005743 0.668646 0.641469 0.542962 0.028595 
3.110073 0.346084 2.300727 0.681599 2.160583 0.120670 1.454598 1.055865 0.807942 0.384215 0.607945 0.112867 
3.239802 0.116636 2.012849 0.547289 2.377703 -0.391745 1.412991 1.089141 0.181404 0.614745 0.128602 0.042290 
2.841016 0.384409 2.229626 0.651745 2.189487 0.414550 1.019628 0.834586 0.654905 0.697597 0.362008 0.020556 
3.118992 0.112390 1.665619 1.137697 1.657683 -0.163572 1.447850 1.287656 0.858345 0.292242 0.052349 0.033859 
2.691290 0.225737 2.764938 0.886868 1.799885 0.144401 1.313995 1.107674 0.692145 0.580069 0.239196 0.022000 
2.754460 -0.201987 1.640764 0.832913 1.613377 0.582076 2.107782 1.741269 0.663891 0.350823 0.337680 -0.003560 
3.069154 -0.011443 2.081656 0.180033 1.154027 1.516613 0.700854 0.610814 -0.063681 0.630135 0.534313 -0.022320 
2.979705 -0.019301 1.849474 0.626891 1.437841 1.392848 1.539585 0.727381 0.515583 -0.003014 0.414771 0.076833 
2.987018 0.021072 1.853466 1.434115 2.129014 0.704945 2.131634 1.933656 0.132549 0.918828 0.229904 -0.047900 
2.924445 0.333766 2.845258 0.669429 1.222833 1.407010 2.114686 0.997724 0.420302 0.876555 0.385230 -0.022459 
2.600540 -0.083345 2.313133 0.803640 1.336462 1.467627 1.818332 1.876141 0.823757 0.673704 0.272699 -0.064292 
2.886940 -0.041927 1.972698 0.996163 1.453986 1.538621 2.392396 0.753112 0.774280 0.898764 0.403138 -0.018370 
2.958888 0.556790 1.733944 0.432676 1.478515 1.176740 1.285159 0.774694 0.750634 0.707496 0.492889 0.010374 
3.040716 0.146864 2.204386 0.264700 1.597756 1.616649 2.588138 1.172046 0.215891 0.498185 0.570248 0.035882 
2.738787 0.025449 2.019618 0.200369 1.375423 1.030517 1.876619 0.906259 0.932772 0.664604 0.236044 -0.018597 
0.134518 0.164399 0.208662 -0.057792 0.254531 0.244441 0.262072 0.082477 -0.021755 0.030090 0.033361 0.006465 
0.994830 -0.227510 1.474814 0.729435 -0.292610 -0.439946 1.209949 -1.132222 -0.084886 -0.428032 0.041928 -0.080655 
1.028369 0.956229 0.488812 0.664998 0.037794 -0.263123 0.548629 0.382315 -0.274427 1.065377 0.181123 -0.025319 
0.815954 1.914114 1.601390 1.540030 1.696223 -0.256738 0.679096 0.555641 0.256257 -0.264216 0.073678 -0.065013 
1.310061 1.491071 1.066891 1.424366 1.475244 0.499507 0.478433 0.462124 0.157993 0.312512 0.221235 -0.043278 
2.025680 1.176184 1.243712 0.437568 1.265423 0.441314 0.633399 0.408571 0.835224 0.198637 -0.039739 -0.004875 
1.122865 2.692776 0.256731 1.945959 1.732025 -0.402249 0.401333 0.326479 0.271759 -0.186297 -0.116926 -0.015860 
1.626254 0.691332 1.271702 1.196077 0.499859 1.023308 -0.216939 0.615579 -0.397694 -0.479130 -0.102269 0.004031 
0.966938 1.646657 0.447734 1.747759 0.968703 0.748008 0.568708 0.015565 0.427920 -0.119199 -0.358495 -0.067457 
1.674837 1.631756 -0.080458 1.049579 1.700012 1.046454 1.175008 0.113711 0.240979 0.135364 -0.413468 -0.031697 
1.846657 0.930219 1.164556 0.796981 1.250242 1.290567 1.019632 0.618056 0.136078 0.345968 -0.248311 -0.061356 
1.498134 2.277842 1.212790 0.270875 0.615390 0.838816 1.127701 0.321274 -0.122499 0.551118 0.158307 -0.098234 
2.232561 1.102402 0.792796 0.749706 1.048502 0.687219 2.603614 0.121567 0.404142 0.264773 -0.029263 -0.061964 
3.687645 0.505218 1.154779 0.856003 0.418154 1.804116 0.948985 0.738488 0.868978 -0.344535 0.079323 0.054677 
4.496352 1.873222 0.828628 0.768344 0.969043 0.397191 0.684868 0.776972 0.287808 0.483034 0.401992 0.094221 
7.821564 2.610410 1.184726 1.742079 0.416281 -0.117189 -0.054377 0.440490 0.662875 0.476369 0.324670 0.146172 
5.423409 4.939458 4.010919 2.192921 1.032423 0.759881 0.911350 1.282379 0.753247 0.683245 0.309649 0.083444 
3.346572 2.612509 2.513002 1.476745 0.804046 0.140526 0.506367 0.621073 0.670210 0.814734 0.581200 0.105707 
3.143170 2.596562 2.890630 2.816228 2.420800 1.842203 1.886713 0.957565 0.355104 0.147410 0.146936 0.039917 
2.741086 1.861928 2.391149 1.821300 1.602768 1.150995 1.960950 1.022575 0.481262 0.494449 0.102080 0.022149 
2.366471 1.524344 1.154847 1.472306 1.215036 1.995081 2.102899 1.355666 0.775939 0.871749 0.562270 0.001681 
2.162482 1.182067 1.616205 1.424770 1.939863 1.167813 0.985545 1.279433 0.282808 0.793364 0.231857 -0.045299 
2.493204 -0.101012 -0.735983 0.279918 0.787532 0.096763 0.344523 1.494453 1.009962 0.283569 -0.081276 -0.077380 
1.304359 0.284018 0.763828 1.454451 2.107893 0.341057 1.371899 1.331657 0.852530 -0.177298 0.206634 -0.090379 
1.055215 1.016855 1.118146 1.503559 1.984715 1.269003 0.068488 0.821803 0.784020 0.389465 -0.199100 0.004781 
1.556729 0.711467 1.406066 1.868231 0.807084 1.421323 0.652771 0.729584 1.135964 0.274507 0.238870 -0.067325 
-1.#IND00 -1.#IND00 -1.#IND00 -1.#IND00 -1.#IND00 -1.#IND00 -1.#IND00 -1.#IND00 -1.#IND00 -1.#IND00 -1.#IND00 -1.#IND00 
-1.#IND00 -1.#IND00 -1.#IND00 -1.#IND00 -1.#IND00 -1.#IND00 -1.#IND00 -1.#IND00 -1.#IND00 -1.#IND00 -1.#IND00 -1.#IND00 
