2.993932 0.985294 2.028317 0.593549 1.161248 1.239850 1.249488 1.244650 0.368231 0.164939 -0.061503 -0.037589 
3.033250 0.846019 2.050968 0.866380 0.548587 -0.007395 -0.006339 0.672151 0.685189 0.584552 0.043388 -0.011834 
2.547143 0.812861 2.141819 0.310769 1.551074 0.426541 0.620656 -0.042256 0.653695 0.767636 0.326929 -0.013159 
3.043528 0.599722 1.014240 -0.501808 0.715401 -0.191757 0.904902 0.569666 0.469801 0.301682 0.302350 0.034041 
2.788325 -0.357055 2.190049 -0.273269 1.780993 -0.635190 1.330617 1.603283 0.113582 -0.106485 -0.236958 0.005929 
2.971596 0.797834 1.953562 0.020964 1.166125 -0.172452 1.547317 1.323785 -0.070922 -0.085909 -0.188839 -0.021594 
3.239410 0.248080 1.609047 -0.315342 -0.200899 -0.565888 0.038703 0.966384 0.698801 0.344455 -0.072437 -0.066645 
2.755701 0.947008 1.763274 0.130558 0.326493 -0.282970 0.330042 0.061396 -0.357266 -0.295922 0.016586 -0.057800 
2.875107 1.331051 2.393319 0.747942 1.324211 0.905402 0.881590 0.602825 0.007642 -0.192677 0.073117 0.011426 
3.237728 0.937253 1.196465 0.270041 0.678811 0.432543 0.012100 -0.183447 -0.415586 0.029129 -0.005698 -0.061342 
3.159335 1.459109 2.120202 0.230885 0.916862 0.348040 0.184192 -0.136501 -0.447195 -0.017725 -0.115560 -0.071772 
3.188289 1.021585 2.052560 0.798415 1.265570 0.279980 0.723630 -0.001972 -0.202505 -0.040081 -0.313689 -0.053274 
2.828166 0.931076 2.006893 -0.305899 0.670782 -0.158389 0.004808 0.343797 -0.115401 0.051968 0.046267 0.002180 
2.817391 1.207855 2.163892 0.286484 0.920179 -0.624414 -0.011315 0.008508 0.327703 0.146578 0.147391 0.018697 
3.011125 1.343850 2.327672 0.592159 1.426037 0.568665 0.769379 0.281555 -0.182526 -0.127351 -0.121147 -0.007731 
2.792338 0.584206 2.495772 0.094348 0.362807 -0.026211 0.987492 -0.446142 -0.006743 0.163953 -0.060085 -0.040537 
2.857048 1.071882 1.359981 0.918259 0.941814 0.616667 0.202467 0.498230 -0.168667 0.071370 -0.038493 -0.008822 
1.305261 -1.364369 0.229682 -0.176776 0.022629 0.008025 -0.047968 -0.053129 -0.001720 0.003452 -0.004414 -0.005587 
1.407236 -0.318648 0.516563 -0.204960 0.286769 -0.265705 0.573531 -0.301357 -0.000105 0.179888 0.023735 -0.080976 
1.722735 0.384401 0.696561 -0.330550 0.438055 -0.798694 0.456807 0.990985 1.056991 0.524033 -0.331489 -0.031019 
1.074275 1.834355 0.161534 1.873633 2.001067 -0.387585 0.483977 0.987834 0.616281 0.609830 0.293992 -0.084049 
1.240892 1.139165 0.865854 1.152003 0.907997 0.552248 0.816622 1.122657 0.527229 0.150992 0.133333 0.035870 
0.680026 1.664343 1.448803 1.858633 -0.140726 0.985475 1.034368 0.936421 0.731953 0.312437 -0.007861 -0.063539 
0.942315 1.137593 1.681086 1.223150 1.133300 2.178970 0.723177 -0.150082 0.828028 0.196617 0.125686 -0.079600 
0.852154 1.081476 1.419259 0.816287 2.291925 1.406957 1.318590 1.133738 0.519107 -0.015671 -0.056222 -0.053205 
0.741624 1.398355 1.559424 1.057233 1.016365 1.219919 0.840998 0.398781 1.120383 -0.048289 0.141071 -0.068624 
0.608739 1.142203 1.698767 1.349007 2.094770 1.082810 1.158121 0.655263 0.390702 0.365920 0.135678 -0.060975 
0.663583 1.078309 0.670276 1.268946 2.145121 1.515887 1.168330 1.379944 0.662344 0.319291 -0.132591 -0.047674 
1.171063 1.111980 1.418814 0.778947 1.695543 1.138403 0.773867 0.573136 0.421050 0.341293 0.039799 -0.073391 
1.305474 0.206034 1.613449 1.494721 1.690681 1.522836 1.267878 0.891346 0.512689 -0.097188 -0.076466 0.036480 
0.891101 0.974399 0.981152 0.983754 2.243771 1.149990 1.179467 0.858431 0.505661 0.510860 0.026533 -0.115884 
2.030575 0.459626 0.585278 1.933553 0.521853 1.061986 1.518496 0.787662 0.770589 0.097380 0.179062 -0.053769 
4.016715 1.056610 0.722719 0.977872 0.523071 0.675173 0.594025 1.145100 0.685077 -0.057374 0.096250 0.028819 
4.882892 -0.452432 0.271959 1.067708 1.445669 0.883916 1.703647 0.797498 0.246053 -0.122433 -0.006990 0.024206 
4.164401 3.038881 1.693550 0.797305 0.370112 0.296743 0.490398 0.590976 0.384639 0.127826 0.192346 0.033222 
4.324462 3.799946 2.790635 1.324631 0.246628 0.144005 0.516927 0.872150 0.905267 0.634329 0.219597 0.051104 
5.179161 4.077896 4.991979 4.184911 2.351517 -0.132056 0.889143 0.969184 0.274998 -0.159452 0.067196 0.063588 
4.058581 3.394449 4.152465 4.145650 2.639302 1.217678 0.946916 1.118614 0.269965 0.073219 0.239557 0.052686 
3.613112 2.830332 2.987510 3.189589 2.967398 2.244292 1.581692 0.829349 0.301343 0.124558 0.179692 0.036496 
2.673714 2.139999 1.857431 1.678865 1.466100 1.156374 0.785445 0.613128 0.492335 0.345962 0.146425 0.022599 
2.822013 2.172192 2.223288 2.043360 1.835955 1.439746 0.962705 1.221342 0.478228 0.402095 0.093924 0.040394 
3.107276 2.412646 2.589079 1.987952 1.652008 1.883055 1.691858 1.216026 0.768944 0.425635 0.135942 0.056770 
3.176597 1.527029 2.460898 3.216256 2.344440 0.731365 1.302884 1.876815 0.731257 0.006813 0.136517 0.103771 
2.909622 1.162623 2.229201 1.031504 0.678972 0.714796 0.582077 0.858654 0.616965 0.161739 0.168310 0.045887 
3.102283 1.028246 2.090016 0.756495 1.921408 1.570639 0.852344 0.909197 0.617548 0.513045 0.375915 0.023120 
2.920093 1.424126 1.222973 0.339920 2.005133 1.368535 0.740637 1.121020 0.458223 0.458950 0.218743 0.000649 
2.796803 0.885057 2.598740 0.600850 1.187889 0.586738 1.045447 0.888231 0.661010 0.305205 0.286047 0.044521 
2.686937 1.078540 1.514366 0.101919 1.374347 0.882007 0.775311 1.286941 0.134729 0.323880 0.164018 0.000311 
-1.#IND00 -1.#IND00 -1.#IND00 -1.#IND00 -1.#IND00 -1.#IND00 -1.#IND00 -1.#IND00 -1.#IND00 -1.#IND00 -1.#IND00 -1.#IND00 
-1.#IND00 -1.#IND00 -1.#IND00 -1.#IND00 -1.#IND00 -1.#IND00 -1.#IND00 -1.#IND00 -1.#IND00 -1.#IND00 -1.#IND00 -1.#IND00 
