3.319145 0.606430 0.713512 -0.140145 0.797605 0.334583 0.942957 1.297547 0.202024 0.309834 0.030297 -0.006559 
3.442263 0.320653 0.740102 -0.725101 0.869824 0.983433 0.282338 1.101902 0.205603 0.700608 -0.060729 -0.097623 
3.071605 0.434942 1.041665 -0.587285 1.348106 0.895443 1.037359 1.029813 -0.016280 0.049827 0.214045 0.023127 
3.724787 0.278192 1.198487 -0.684559 1.252170 1.309924 0.909489 1.062037 0.131655 0.353475 0.140660 -0.010429 
3.334977 0.184228 0.858972 -0.063994 2.551926 1.427761 1.490833 1.703103 0.333794 0.207896 0.222420 0.017078 
3.475013 0.286425 0.769535 -0.680818 0.857602 0.603334 0.832420 1.252861 0.211509 0.042460 -0.059251 -0.052191 
3.203706 -0.373887 1.040752 -0.682442 0.519277 0.730344 0.912086 1.095452 -0.240821 -0.199918 0.060813 0.039303 
3.174168 -0.208377 0.618090 -0.442728 0.693347 0.345779 0.968806 0.957040 0.095495 0.551885 0.133204 -0.036774 
3.659115 1.124800 0.719952 0.110346 1.411840 0.369521 0.872220 1.553929 0.871673 0.042545 0.265166 0.018394 
4.878605 3.159736 3.146652 2.552968 1.759399 1.571185 0.941441 0.713562 0.341535 -0.164124 0.128402 0.045722 
4.608045 3.872892 3.034499 1.678385 1.089235 0.361723 0.567606 0.573118 0.813804 0.593847 0.219147 0.073543 
3.849541 0.910901 2.236368 0.253555 1.915313 0.926972 1.466873 1.592257 0.777265 0.366706 0.225723 0.018459 
4.432423 1.716142 2.133979 1.024346 3.450461 2.291669 0.885326 1.680832 0.754051 0.168046 0.100857 0.007779 
4.003575 1.344789 1.921863 0.176808 1.605498 1.945414 2.133240 1.347999 0.719241 0.739209 0.075221 -0.010840 
3.230767 1.084958 1.081735 -0.023557 1.677754 1.226215 1.299794 1.392452 0.130793 0.588100 0.218873 -0.029808 
3.603554 1.085741 1.391144 0.143755 1.932349 1.776825 1.411874 1.038844 0.517173 0.134622 0.329900 0.055304 
3.619476 0.899877 1.425544 -0.641951 1.266195 0.910069 1.119848 1.382957 0.070204 0.707020 0.262375 -0.040576 
2.403042 -0.837268 0.583326 -1.617214 1.692354 3.923350 0.120676 0.490368 0.200300 0.184213 0.046274 -0.063718 
1.236610 -0.068838 0.329128 -0.047884 0.455234 0.536325 0.101253 -0.213557 -0.062821 -0.136212 0.039753 -0.050263 
1.720864 -0.321504 0.843367 0.184262 -0.226997 -1.593678 -0.025732 0.218778 0.031232 0.331252 -0.184467 -0.067843 
1.364359 1.170318 0.050206 -0.106837 1.393818 0.962600 0.242089 0.455540 0.988876 0.497812 0.171337 -0.063920 
1.545880 0.509064 -0.540681 0.337941 0.327862 0.539207 0.833852 1.196989 0.425260 0.613020 0.071156 -0.039432 
0.774437 1.186557 0.929073 0.871330 1.424306 0.495288 1.656166 0.926858 0.873052 0.217240 -0.028201 -0.145159 
1.107954 0.646289 1.272338 0.743147 0.933699 1.396719 1.610215 1.312693 0.080432 0.051121 -0.057806 -0.070825 
0.747122 1.384088 0.939896 1.430909 0.135845 1.956684 1.353408 1.670805 0.430233 0.210911 0.024736 -0.139503 
0.639126 1.193960 0.649226 0.762694 1.785552 1.229740 1.694270 1.424099 0.591456 0.009487 -0.110274 -0.090970 
0.824265 1.846957 1.496055 0.881182 0.753565 0.725672 0.850650 1.208971 0.361463 0.399598 -0.016104 -0.049874 
0.724381 1.568839 1.020416 2.157273 1.445663 0.772067 0.796294 0.311596 1.115818 0.368181 -0.136818 -0.047757 
0.732546 0.446827 1.410170 2.598630 1.244143 1.230250 0.387171 1.378582 0.998608 0.077592 0.026738 -0.109004 
0.675195 0.774906 1.458489 2.008197 1.747018 0.555372 2.330393 0.947593 0.187683 0.391609 -0.102050 -0.004385 
1.075613 0.871032 1.717186 1.728229 1.032238 1.608867 1.058626 0.831472 0.530926 0.132562 -0.167013 0.029616 
1.388940 0.783173 1.386316 1.167507 1.405476 1.316204 1.486784 0.833806 0.659051 0.494385 0.014168 -0.081773 
3.722706 0.243500 1.281126 0.815474 0.421460 1.636223 0.027028 1.035270 0.760852 0.591068 -0.072574 -0.057138 
3.879368 1.667221 0.529526 0.498897 0.883109 1.026455 0.767904 0.472633 0.044907 0.158229 0.180341 0.030518 
3.822998 1.726201 0.227272 0.377080 1.228830 0.997246 1.143516 0.644066 -0.078430 0.105212 0.129133 0.028482 
4.837443 4.040017 2.612435 1.187979 0.238630 -0.131726 -0.006730 0.278759 0.469788 0.237391 0.061459 0.015425 
4.039085 3.684077 2.933252 1.890232 0.639037 0.223366 0.365654 0.465757 0.428777 0.384757 0.343860 0.095724 
5.681385 4.082897 4.681354 3.684011 2.079007 0.585650 1.623827 0.445328 -0.157778 0.014507 0.121519 0.029282 
4.043573 2.199808 2.111060 1.883386 2.616384 2.040970 2.130922 2.114327 0.815198 0.620410 0.161631 0.084902 
2.668449 2.072673 1.746514 1.572749 1.501243 1.241642 0.877286 0.630941 0.203853 0.124053 0.102858 0.025298 
2.595167 1.915262 1.646820 1.317431 1.036700 1.006343 0.749408 0.404940 0.308931 0.156574 0.060136 0.025755 
3.603616 1.297732 1.870218 0.597816 1.704644 1.924396 1.808407 1.415829 0.594951 0.440679 0.497875 0.091525 
3.316579 1.360503 1.240108 0.524079 2.213765 1.357758 0.870210 0.931690 0.774917 0.199468 0.072669 0.017693 
3.396272 0.409213 1.145528 -0.094643 1.660436 1.035735 1.646903 0.903106 0.282617 0.157240 0.385313 0.090155 
3.440629 0.262070 1.153884 -0.844367 1.223691 1.757130 1.374321 1.148421 0.079688 0.269829 -0.002894 -0.018146 
3.302690 0.407762 0.911907 -0.941574 0.395480 0.479290 1.061678 0.930303 0.689436 0.493356 0.213616 0.047452 
3.423048 0.391068 0.561361 -0.476199 1.275010 1.063960 0.440517 1.108083 0.287111 0.106080 0.282886 0.047867 
3.134249 0.456801 1.136143 -0.650212 1.429497 1.059580 1.011742 0.776759 0.261303 0.320699 0.075738 -0.002393 
-1.#IND00 -1.#IND00 -1.#IND00 -1.#IND00 -1.#IND00 -1.#IND00 -1.#IND00 -1.#IND00 -1.#IND00 -1.#IND00 -1.#IND00 -1.#IND00 
-1.#IND00 -1.#IND00 -1.#IND00 -1.#IND00 -1.#IND00 -1.#IND00 -1.#IND00 -1.#IND00 -1.#IND00 -1.#IND00 -1.#IND00 -1.#IND00 
