3.313470 0.503035 1.574477 -0.193919 1.280803 0.573359 1.306144 1.200262 0.761641 0.586304 0.234282 0.001643 
3.304043 0.091865 0.753798 -0.432482 0.672069 0.787226 0.033682 0.505796 0.121721 0.120534 0.038150 0.018307 
3.399066 0.248116 0.544133 -0.390938 1.137022 0.743732 0.762179 0.819036 0.372857 0.207413 0.120760 0.033297 
3.038051 0.057394 0.516082 -0.552676 1.221777 1.202111 0.207694 1.386867 0.377371 -0.050109 0.020909 0.008724 
3.117215 0.215058 0.419024 -0.142863 0.470762 0.845623 0.021843 0.062886 0.524187 0.322355 -0.089106 -0.017680 
3.341967 0.342184 0.210414 -1.574638 1.781338 1.190774 0.765322 0.754917 0.514475 0.313475 0.187605 0.016851 
3.127138 0.032159 0.008830 -1.204621 0.491195 1.035977 1.275371 0.696404 0.332853 0.322244 -0.032177 0.014309 
3.002637 0.447814 1.032989 -0.593728 1.128150 0.216969 0.358483 1.358405 0.349294 0.308740 -0.023252 -0.022877 
3.417637 0.238667 0.989047 -0.983536 2.180984 1.179630 1.376059 1.124997 0.821786 0.146367 0.040302 0.026884 
3.490234 0.097899 0.602721 -1.108256 1.164444 1.543576 0.415980 0.747473 0.158068 0.495061 0.157321 -0.016550 
3.062335 0.255957 0.584857 -0.570587 1.204140 0.285078 1.003943 0.799664 0.465654 0.362784 0.100475 -0.010161 
3.336448 -0.021751 0.511391 -0.255780 1.208691 0.865807 1.234320 1.305180 0.424222 0.154214 0.249840 -0.023241 
3.075500 0.109347 0.548854 -1.461642 0.762276 0.662263 0.190327 0.742841 0.139547 0.393166 -0.033285 -0.042951 
3.292920 0.393166 0.861984 -0.402938 1.278332 1.274600 1.292217 0.982962 0.598521 0.492503 -0.047180 -0.064968 
3.764582 0.523163 0.844174 -0.493996 1.351345 0.812306 0.463199 1.144020 0.163459 0.145673 0.122625 -0.045835 
3.449670 0.742927 1.135903 -0.163140 1.616292 0.153663 0.131468 0.896447 0.228092 0.266939 0.182958 0.003418 
3.310772 0.431096 0.732023 -0.462374 1.358003 1.061174 0.673988 0.839448 0.383933 0.366428 0.131206 -0.007273 
3.226192 0.479889 0.658869 0.050339 1.061424 1.345289 0.907376 0.996355 0.304820 0.130934 0.039184 0.003522 
1.337296 0.030429 0.289147 -0.220926 -0.235611 -0.428428 0.047034 -0.079410 -0.106053 0.088445 -0.218840 -0.005561 
1.825718 0.794360 0.970922 -0.837707 -0.215468 -0.354118 0.006800 -0.194088 0.377677 0.444674 -0.174217 0.003210 
1.736579 0.192853 -1.109912 -0.680783 0.507425 0.883231 -1.056193 -0.914358 1.094992 0.593314 0.253810 0.023198 
1.016594 0.580480 0.307310 -1.022247 -0.271828 -0.007309 1.586407 0.304990 0.965267 0.457356 0.076595 -0.246439 
1.600649 1.090567 -0.035201 -0.666771 0.993696 1.001996 0.648149 0.846087 -0.185971 0.616355 0.089458 0.008217 
1.074945 1.153784 0.490895 1.417550 0.992586 1.554621 1.333209 0.810637 0.258070 0.737285 0.028506 -0.110648 
0.849698 1.209640 1.760198 0.831390 1.542397 1.060890 0.778987 1.457697 0.325265 -0.066976 -0.095778 -0.015110 
0.597623 1.171228 1.010443 2.490656 2.314070 1.523057 0.781084 0.449742 0.663327 0.406707 -0.128021 -0.018671 
0.796628 1.365705 1.304864 1.197496 1.561184 1.470239 0.764402 0.916043 0.432937 -0.238201 0.107504 -0.011661 
0.639580 0.743220 1.815890 1.519693 1.082916 1.788440 1.358585 1.111168 0.612914 0.105543 0.074391 -0.030454 
0.805583 0.829988 1.388182 1.711554 1.375620 1.452662 0.544802 1.373659 0.617414 0.540344 -0.089079 -0.038325 
0.997745 0.962590 1.407400 1.291666 1.975180 0.916926 0.782988 1.432449 0.465676 0.189463 0.124383 -0.035945 
0.662431 1.113604 1.282298 1.355441 1.564355 1.004392 1.844062 0.733891 0.704597 0.382754 0.174188 -0.083360 
0.775512 1.188046 1.485514 1.397198 0.559771 0.772432 1.867652 1.357296 0.470884 0.267888 0.096359 -0.058015 
2.161728 0.687362 0.624959 2.061541 0.115638 2.134074 -0.044547 0.606063 0.753913 -0.059258 0.309828 -0.003705 
2.722432 -0.060148 1.999764 1.231750 0.785264 0.688877 0.324242 0.997193 0.492745 0.748151 0.331382 -0.089563 
2.603452 0.911143 0.911900 2.316399 0.537454 1.518876 0.548163 -0.069699 0.224461 0.831438 -0.103962 -0.033726 
4.887937 2.988147 0.645254 -0.169173 0.368979 0.963880 0.986666 0.479813 0.161095 0.225929 0.268603 0.090012 
5.253447 3.007921 0.465926 0.143488 1.160869 1.295080 0.545928 0.157641 0.308521 0.371882 0.317124 0.085037 
4.278840 3.942248 3.276414 2.445254 1.875253 0.878142 0.467028 0.276752 0.250493 0.186404 0.157966 0.045537 
4.851434 3.251825 4.073261 3.628276 2.526136 0.516404 0.746833 1.498445 -0.595183 -0.283578 0.102008 0.005257 
2.929823 2.485598 2.293092 2.065449 1.790706 1.491695 1.096917 0.726174 0.448721 0.252660 0.112695 0.033864 
2.541667 1.961549 1.674324 1.419516 1.166140 0.934169 0.694594 0.484410 0.281957 0.127896 0.033639 0.006573 
2.973247 2.200972 2.075632 1.924034 1.625854 1.475178 1.125642 0.906123 0.543504 0.340540 0.177829 0.041597 
3.233936 1.387562 0.826324 0.927983 1.620919 1.555446 1.267147 1.309787 0.789611 0.236893 0.324254 0.024832 
3.541019 1.297471 0.879074 0.668419 0.884643 1.451781 1.397688 1.373426 0.653127 0.143273 0.382387 0.049885 
3.355451 0.516334 0.515452 0.364708 1.140186 1.755815 1.269040 0.877121 0.336331 -0.076803 0.201860 0.065393 
3.361450 0.267981 1.242972 -0.571340 1.988864 0.751635 1.260503 1.282633 0.395421 0.565618 0.217130 -0.008870 
3.033988 0.635884 1.065490 0.652405 1.742797 1.146317 0.840243 1.269357 0.862158 0.231518 0.159790 0.011731 
3.747138 0.463836 0.738122 -0.284630 1.478839 0.840416 1.276818 0.523206 0.487986 0.395450 0.177954 0.055488 
-1.#IND00 -1.#IND00 -1.#IND00 -1.#IND00 -1.#IND00 -1.#IND00 -1.#IND00 -1.#IND00 -1.#IND00 -1.#IND00 -1.#IND00 -1.#IND00 
-1.#IND00 -1.#IND00 -1.#IND00 -1.#IND00 -1.#IND00 -1.#IND00 -1.#IND00 -1.#IND00 -1.#IND00 -1.#IND00 -1.#IND00 -1.#IND00 
