3.391934 -0.017508 0.987548 -0.456274 1.430875 1.490081 0.586752 0.727236 0.207131 0.243068 0.044464 -0.017579 
3.387112 0.244462 0.703014 -0.710424 1.849697 0.923542 0.761710 0.894619 -0.061464 0.398422 0.272246 0.014788 
3.432490 0.330602 0.612364 -0.723231 1.063440 0.989986 0.096818 0.376215 0.031800 0.066133 0.170399 0.053292 
3.382656 0.462101 1.012005 -0.332415 1.678656 0.839932 0.723194 0.727314 0.508093 0.306518 0.171050 0.009174 
3.443345 0.384090 1.047921 -0.903975 1.236105 0.973189 0.754334 1.229335 0.499589 -0.061796 0.259518 0.050399 
3.238349 0.252881 0.711213 -0.663558 0.855236 -0.251317 0.422900 0.718479 0.525174 -0.015739 0.152717 0.043631 
3.224520 0.241410 0.868208 0.011277 1.050523 1.255563 1.395714 1.233352 0.206500 -0.000730 0.164753 -0.006370 
3.171337 0.502387 0.963086 -0.304900 1.078130 1.219482 1.084140 1.455542 0.264877 0.169059 0.221340 -0.024714 
3.110573 0.516015 1.864789 -0.696712 1.233546 1.308459 1.141717 0.881378 0.341024 0.180383 0.072989 0.009390 
3.442122 0.237866 0.882078 -0.468264 0.871345 1.338341 0.987937 0.730275 0.511074 0.220864 0.170198 -0.010191 
3.367505 0.868318 1.049796 -0.422333 1.207873 1.052201 0.383248 1.076076 0.769874 0.298369 0.115251 -0.026549 
3.245783 0.725318 0.621296 -0.493137 1.671806 1.322252 1.064554 0.760939 0.530861 0.456728 -0.116602 -0.021255 
3.468042 -0.136586 0.540699 -0.359206 0.908418 1.268361 1.120019 0.607063 0.609838 0.022097 -0.110215 0.002606 
3.312815 0.208235 0.665540 -0.657514 0.838676 0.617009 0.702527 0.699371 0.774637 -0.104967 0.031952 0.009811 
3.212646 0.203251 0.767833 -0.046565 1.719265 1.520711 0.485451 0.804589 0.555267 0.139191 0.216642 0.003833 
3.472199 0.124883 0.881509 -1.200122 0.697831 0.587298 0.769458 0.970439 0.186164 0.309615 0.191553 -0.016735 
3.081231 0.492016 0.549199 -1.038726 1.340812 0.752223 0.584028 0.870899 0.273394 0.263381 0.112693 -0.013035 
3.468183 0.305895 0.680273 -1.361042 0.907092 -0.013954 0.911652 1.411670 0.257306 0.242650 -0.052892 -0.030443 
1.516203 -0.123841 0.951547 -0.460722 0.274879 0.393169 0.119818 -0.614045 0.151840 -0.141871 0.151853 0.034594 
1.292459 -0.172521 0.065333 -0.881684 -0.204433 0.663665 -0.506302 -0.065116 0.377863 0.691516 -0.164341 -0.099910 
1.363752 0.512307 1.097057 0.813627 2.087253 -0.008248 0.740333 0.342422 0.499232 0.358726 0.190626 -0.101577 
1.196653 0.725166 1.229338 0.412822 0.996925 -0.051232 1.219067 1.145022 1.305412 0.560253 0.033094 -0.008418 
1.288370 1.435258 0.462651 0.556167 0.685050 0.954132 2.116542 0.691815 0.313667 0.727817 0.121999 -0.080079 
0.835679 1.117783 1.242079 1.480481 0.636281 1.982985 0.620105 0.574867 0.783545 -0.021853 0.068402 -0.068910 
0.544591 0.834685 1.592853 1.981811 1.242621 1.043190 1.320725 1.074180 0.551200 0.183402 -0.165373 -0.047730 
0.368201 0.912223 1.710061 1.576114 1.863635 2.446143 0.859775 0.611583 0.547410 0.156814 0.053912 -0.034107 
0.606293 0.754473 1.215350 1.498289 1.839019 1.736658 1.463598 0.535071 0.566268 0.192661 0.092125 -0.061174 
0.882097 0.926918 1.933155 2.092237 0.893834 1.364148 0.850732 0.957408 0.350997 0.456950 -0.079943 -0.009658 
0.501504 1.199691 1.131735 1.466404 1.359483 1.782760 0.905322 1.455263 0.449533 0.517910 0.071243 -0.115347 
1.007430 0.473025 1.045945 2.269446 1.224777 1.510673 1.178222 0.489361 0.755105 0.258890 -0.039225 -0.054330 
1.555600 1.184570 0.965756 0.920272 1.603045 0.964363 0.273059 1.115908 0.863520 0.161488 0.403661 -0.130283 
1.640775 0.449930 1.915735 1.081722 1.490723 1.542090 0.817449 0.586712 0.525929 0.070159 0.031139 0.001226 
2.147333 0.787896 1.039042 0.535059 1.929710 1.219031 0.812974 0.030965 1.049855 0.376216 -0.000728 -0.027538 
4.624370 2.108612 0.795868 0.775889 0.598607 0.477350 0.639241 0.431493 0.045154 0.039962 0.205515 0.076256 
6.563392 1.438967 -0.930637 1.241326 1.911178 0.587688 0.336844 0.653054 0.646076 0.002920 -0.077224 0.029264 
5.429555 4.247881 1.886981 -0.161334 -0.641836 0.224556 0.997758 1.029272 0.494862 0.058072 0.103055 0.004697 
3.798414 3.545433 3.278089 2.758887 1.922537 1.313015 0.767875 0.445840 0.198916 0.075719 0.125980 0.016964 
5.739114 3.089120 4.291592 3.886665 2.474414 0.781323 0.868532 1.099553 -0.351557 -0.352736 0.124157 0.044550 
5.235333 3.421164 3.580591 2.810870 3.322498 1.656354 1.444360 1.367205 0.174792 -0.214836 0.169746 0.065987 
3.976452 2.585514 2.646072 2.735381 3.295344 2.419788 1.831593 2.206623 0.803642 -0.041690 0.163282 0.096568 
3.213040 2.189183 1.823788 1.448061 1.979225 1.921270 1.435142 1.152469 0.634328 0.420778 0.171686 0.056503 
3.352712 2.195642 1.900837 1.459006 2.193426 1.966233 1.847187 1.395827 0.939437 0.329425 -0.031774 0.038531 
3.179501 2.051945 2.086820 1.953571 2.017943 1.734961 1.730089 1.996524 1.135040 0.377959 -0.091654 0.054827 
3.300279 0.539579 1.307191 0.047900 1.173174 1.039530 0.491611 1.096571 0.406763 0.383067 0.248613 0.014609 
3.267446 0.899573 0.883117 -0.700146 1.664590 0.672252 0.556858 1.196394 0.290254 0.423772 0.175016 0.012630 
3.268302 0.381024 0.896049 -0.181360 1.010327 1.229105 1.366600 0.758901 0.381890 0.209198 0.129783 0.028317 
3.289418 0.611818 1.115154 -0.284307 1.003537 1.482761 1.531836 0.723344 0.290991 0.407126 0.017628 -0.021403 
3.435797 0.179948 1.284287 -0.781268 1.004662 0.983006 0.357956 1.171303 0.120862 -0.229093 0.059046 0.020940 
-1.#IND00 -1.#IND00 -1.#IND00 -1.#IND00 -1.#IND00 -1.#IND00 -1.#IND00 -1.#IND00 -1.#IND00 -1.#IND00 -1.#IND00 -1.#IND00 
-1.#IND00 -1.#IND00 -1.#IND00 -1.#IND00 -1.#IND00 -1.#IND00 -1.#IND00 -1.#IND00 -1.#IND00 -1.#IND00 -1.#IND00 -1.#IND00 
