3.054437 0.641728 1.644957 -0.257697 0.600429 0.421369 1.019879 0.653813 0.527785 -0.089046 0.067007 -0.016652 
3.032533 0.645028 1.720642 0.222823 1.583166 0.238291 1.398758 0.984174 0.505572 0.240147 -0.138561 0.000562 
2.616239 1.369660 2.294734 0.491819 1.288782 0.427582 0.703664 1.260194 0.321013 0.327753 -0.055337 -0.041076 
2.968644 1.113869 1.561687 0.717985 1.018818 0.297035 0.418101 1.157449 0.215673 0.450657 0.017279 -0.053595 
3.007814 0.686939 1.914149 0.064910 1.167062 0.893115 0.938924 0.815237 0.477287 0.471700 0.240723 -0.021939 
3.037849 0.346672 1.597349 0.115466 1.890011 0.816850 1.019421 0.669167 0.387371 0.513613 0.261844 -0.017787 
2.971526 1.068281 1.526175 0.587728 0.562624 0.707262 1.176332 1.201269 0.450103 0.263746 0.108520 -0.036541 
2.978782 1.554736 1.656520 0.329345 1.011473 1.479464 0.941302 0.672191 0.580187 0.259904 0.221458 -0.001559 
3.240324 1.758793 2.005590 0.925728 1.863709 1.449496 1.777225 1.610754 0.636370 0.201388 0.218429 0.046676 
3.293254 1.648138 1.760328 0.617572 1.144685 0.956442 1.943319 0.650013 0.414090 0.406943 0.304446 0.044819 
2.769083 0.620592 2.398640 0.656957 0.375282 1.348274 0.694595 1.119580 0.817017 0.271892 0.038865 -0.003386 
2.857804 1.131289 1.695085 -0.006526 1.834773 0.605330 1.275169 0.687032 0.299150 0.141253 0.161704 0.038022 
2.223834 -0.510183 2.925117 0.245714 1.688861 1.380623 1.514981 1.558977 0.950628 0.483206 0.012884 -0.047415 
2.313980 -0.385138 4.174071 -0.842712 1.133084 1.083397 1.486793 1.299191 0.732597 0.236331 0.206573 0.048418 
0.206062 -1.598385 0.022860 1.351725 -1.675042 0.050757 -0.306199 -1.179627 -0.041631 -0.304718 0.018651 -0.029298 
2.258469 -1.851081 2.595665 1.305489 0.651808 -0.622089 1.315037 0.624281 0.381198 0.315125 -0.059366 0.008674 
2.861257 -0.150118 2.123799 -0.239795 0.228160 0.622257 1.293946 1.033388 0.706940 0.197491 -0.124192 -0.020020 
1.140280 -0.706756 1.387478 -0.168131 -0.585149 0.792818 -0.830359 -0.714848 -0.529976 0.043972 -0.462924 -0.210036 
0.936445 0.504896 1.245180 -0.134507 0.600881 -0.932659 0.719685 0.960217 0.403955 0.365808 0.011766 -0.114963 
1.576123 0.309274 -0.639277 -0.347369 0.877223 -0.628431 -0.551324 0.390001 0.315334 0.303027 -0.022251 -0.021369 
1.577331 0.125122 -0.013624 0.369574 -0.652398 -0.214369 0.350075 0.040809 1.053123 0.472753 0.255313 -0.030409 
1.344711 1.186298 -0.013176 -0.478020 -0.374714 0.948155 0.549280 0.745214 0.247518 0.497621 0.091467 0.117303 
0.922013 1.414029 1.442699 0.742041 1.429972 1.344310 0.983623 1.059411 0.579152 -0.065364 0.107905 -0.078591 
0.808449 1.106039 1.455951 1.779701 0.589641 1.676289 0.610849 0.665579 0.511188 0.151565 0.020627 -0.057855 
0.844972 0.980871 1.305882 0.647337 1.901102 2.353890 0.765745 0.742695 0.936289 0.145357 -0.114376 -0.040859 
0.741034 0.986680 1.085116 1.112438 2.156564 1.516253 1.377698 0.734568 0.205701 0.203591 0.176610 -0.077196 
0.483267 1.019962 1.453837 2.162548 0.478880 2.071055 1.658779 0.501674 0.924734 0.424047 -0.043132 -0.084458 
0.735514 0.980379 0.991622 1.523908 2.016634 1.597528 1.205632 0.078004 0.668411 0.409564 -0.082601 -0.033886 
0.974140 1.049688 1.063093 1.855862 1.323713 1.142759 0.960477 0.965744 0.714057 -0.013130 0.087615 -0.088740 
0.863806 0.686379 1.311728 1.508608 1.451134 1.129038 1.668706 1.163260 0.609710 0.114933 -0.073731 -0.065896 
1.094495 1.228588 0.814704 1.042934 1.625700 1.007356 1.165011 0.871931 0.443394 0.221956 0.111128 -0.077526 
1.230645 0.517641 1.539636 1.040322 1.401959 1.602169 1.168158 1.223681 0.271888 0.438338 -0.064288 -0.064250 
2.357539 0.343224 0.966813 1.091179 1.332882 1.615914 1.412149 0.565657 -0.262381 0.602836 0.019953 -0.027780 
3.320612 0.065199 0.879474 1.281461 1.061146 0.327697 1.067552 0.669479 0.506127 0.660524 0.180759 -0.067900 
4.303197 -0.110633 1.014226 0.912255 0.888718 1.528123 1.218410 0.388790 0.600866 0.583286 -0.220796 -0.136458 
6.218591 4.133841 1.339734 -0.411625 0.261933 1.415788 1.157077 0.391591 0.119031 -0.110896 -0.032672 0.024413 
7.000702 4.550133 2.809909 0.544953 -0.179380 -1.141976 0.370189 1.708658 0.480946 0.483945 0.311464 0.082074 
4.700280 4.101443 3.905648 2.643728 1.439392 1.008441 1.391224 1.546586 0.867857 0.278789 0.123126 0.014632 
3.819476 3.220427 3.661752 3.750589 2.220169 2.360375 2.010243 1.416351 0.679906 0.152414 0.190124 0.053226 
2.845291 2.347896 2.349433 1.569443 1.612785 2.024385 1.337495 1.099635 0.752954 0.359867 0.121878 0.051808 
4.168449 3.150588 3.846159 3.395516 2.618285 2.284078 1.920195 1.338007 0.648445 0.346862 0.165546 0.050194 
3.000647 1.801635 1.882781 1.096127 1.425182 1.941175 1.685481 1.169109 0.632134 0.443762 0.255901 0.037728 
3.349041 1.657747 2.692621 0.133474 2.193059 2.001230 1.904905 0.904826 0.390302 0.390822 0.280451 0.074787 
3.168499 1.027007 2.480537 0.536791 1.441890 1.284284 1.428194 1.688451 0.515102 0.388127 0.143614 0.000470 
3.098090 0.704451 1.593566 -0.012979 0.576098 0.846277 1.335940 0.901046 0.481845 0.087929 0.080316 0.012396 
2.866943 1.121130 1.817546 0.090786 1.067421 1.357088 1.749631 0.994772 0.625712 0.206781 -0.003887 0.004788 
2.969166 1.124565 1.927232 0.681809 0.963716 1.814490 0.594642 0.521926 0.827865 0.148910 0.345023 0.050784 
3.061992 0.983161 1.935395 -0.093395 2.148966 1.774867 0.994142 1.193461 0.443216 0.091517 -0.035763 -0.000627 
-1.#IND00 -1.#IND00 -1.#IND00 -1.#IND00 -1.#IND00 -1.#IND00 -1.#IND00 -1.#IND00 -1.#IND00 -1.#IND00 -1.#IND00 -1.#IND00 
-1.#IND00 -1.#IND00 -1.#IND00 -1.#IND00 -1.#IND00 -1.#IND00 -1.#IND00 -1.#IND00 -1.#IND00 -1.#IND00 -1.#IND00 -1.#IND00 
