2.881117 0.507673 1.332250 -0.649072 0.941987 0.241512 0.624279 1.008127 0.007611 -0.186217 0.057000 0.036554 
3.028486 0.867761 2.142337 -0.446220 0.433642 0.656371 0.749404 0.766362 0.574449 0.519535 0.188278 0.006142 
2.852886 0.919046 1.009722 -0.565394 0.593793 0.504826 0.628753 0.624247 0.210441 0.226616 0.163052 0.027558 
2.786892 0.680573 1.177900 -0.272736 0.918718 0.915328 0.386340 0.534650 0.072924 0.524276 0.225481 -0.044296 
2.726468 0.511581 1.912011 -0.591232 0.629407 0.879182 1.466249 1.272982 0.405948 0.048048 0.087969 -0.025022 
2.966941 0.671015 1.554056 -0.258328 1.216345 1.107082 0.950378 1.030012 -0.038806 0.185141 0.213831 -0.013767 
2.765795 0.663073 1.022120 -0.241469 0.424309 0.977534 0.733988 1.188632 0.129520 0.366672 -0.019343 -0.009005 
2.840421 0.856702 1.638547 -0.837396 1.817581 1.098431 0.869754 1.373248 0.447807 0.114429 0.048365 -0.021184 
3.066662 0.989063 2.098496 -0.100522 1.001067 0.619812 0.888780 0.962603 0.715641 0.578519 0.167227 0.008988 
3.014217 0.493508 1.320950 -0.445565 1.445962 1.209643 0.554341 1.304685 0.399625 0.247977 0.102160 -0.020109 
3.192668 0.739371 0.658197 -0.224655 0.968274 1.027660 0.630624 0.882399 0.287608 0.200544 0.300942 0.037797 
2.829658 0.655241 1.047538 -0.502761 1.173302 0.672731 1.437901 1.126538 0.261349 0.093280 0.300359 0.005676 
2.911828 1.121784 1.276867 -0.266815 0.951605 0.932215 1.059138 1.094495 0.444412 0.155755 0.120658 0.005038 
3.098840 0.864840 1.776925 -0.063631 0.849674 0.636241 1.326799 1.264316 0.574417 0.243230 0.030925 -0.007363 
2.958274 0.747381 0.803267 0.463287 0.891105 1.357296 0.761701 1.038024 0.735500 0.161757 0.032597 -0.001212 
2.857754 0.585902 1.565300 -0.054303 0.560810 1.161137 0.622618 0.820067 0.172408 0.271855 0.212852 -0.014528 
2.503841 0.290053 0.908822 -0.889972 0.779521 0.625273 -0.130291 0.212762 0.565830 0.196271 0.058352 0.048608 
1.468133 0.488139 0.648382 -0.227798 -0.284129 0.671215 0.596389 0.265259 0.207202 0.547456 -0.156669 -0.010350 
1.272970 -0.283483 -0.015018 -0.679485 -0.999510 0.193956 0.341570 0.619416 0.428256 0.328967 0.058926 -0.113492 
1.225561 -0.278145 -0.603879 0.159281 1.912126 -0.019300 0.322782 1.323848 0.012575 0.077808 -0.436385 -0.113110 
1.520490 -0.048815 -1.127889 -0.414474 0.686961 1.158710 0.272591 0.572402 0.015690 -0.147024 -0.246305 0.002965 
1.333391 1.189551 0.179586 0.352843 -0.427915 1.589043 0.706601 0.294001 -0.403334 0.550234 -0.033857 -0.082383 
0.804388 0.617150 1.312396 1.637304 1.912512 0.989285 1.679927 1.149310 0.257277 0.091580 0.003630 -0.056371 
0.597525 1.267116 1.046954 0.969273 1.871408 1.450129 1.296339 1.011700 0.692097 0.337804 -0.189713 -0.077372 
0.708900 1.296072 1.663993 1.111337 1.469206 1.480342 0.609391 0.975980 0.403290 0.640448 -0.089876 -0.068727 
0.528143 0.911112 1.057981 1.658438 1.741901 1.324525 1.274343 1.233150 0.298645 0.319243 -0.008395 -0.061042 
-0.051818 0.912762 2.346701 1.382866 1.383628 0.884013 2.530637 1.542408 0.760487 0.304655 -0.084019 -0.030237 
0.541160 1.459577 1.620726 1.605977 1.482410 0.650290 1.670879 1.378930 -0.078850 0.510628 0.163390 -0.066413 
0.645647 1.270956 1.659511 1.368680 1.426379 1.115143 1.020153 0.597696 0.402807 0.639514 -0.071184 -0.039532 
0.695603 0.851180 1.396010 1.430455 1.226177 1.725674 1.151355 1.215485 0.307388 -0.091027 -0.002343 -0.052532 
0.720071 1.004125 0.799179 2.128162 1.348557 0.738458 1.240339 1.513802 0.370584 0.154068 -0.151384 -0.028478 
2.989140 1.095184 2.315188 1.507065 -0.097128 1.573284 0.853585 1.164389 0.472851 -0.120576 0.179686 0.037020 
3.653475 0.933687 1.048939 0.135653 1.222122 0.381671 0.823673 0.908065 0.793150 -0.089875 0.311698 0.075229 
4.249606 0.011948 0.953024 1.186934 1.041894 1.239084 1.746756 0.044932 0.738858 0.024008 0.146279 0.078766 
4.015479 3.634508 3.036327 2.183278 1.279155 0.578541 0.229743 0.233729 0.288175 0.238941 0.115011 0.047016 
5.933435 3.513845 3.876742 3.744013 2.271081 -0.022643 1.288000 1.885772 -0.114002 -0.158332 0.187865 0.099850 
5.115966 4.778043 3.483098 1.585736 0.157552 -0.230589 0.193527 0.792355 0.484591 0.211082 0.313121 0.074337 
4.186079 3.815399 3.246660 2.121583 1.036813 0.262438 0.303050 0.545638 0.513759 0.493811 0.321114 0.109696 
3.965324 3.562097 3.579621 3.281586 2.606885 1.707491 1.255635 1.122841 0.362236 0.105290 0.183546 0.032889 
3.730894 2.739376 2.723148 2.870603 3.099635 2.106543 2.619220 2.278433 0.730193 0.118308 0.041879 0.090822 
2.608308 2.061950 1.853434 1.658834 1.355782 1.351387 0.905658 0.424935 0.321302 0.248988 0.124805 0.038478 
2.595904 2.202100 1.919451 1.744973 1.377379 1.206661 1.117220 0.897084 0.445718 0.332091 0.172357 0.040329 
2.957309 1.246005 2.275314 1.304661 1.488643 1.250880 1.367701 1.761869 0.977114 0.301104 0.211050 0.046912 
3.139541 0.834638 1.818760 -0.602519 1.419833 1.758453 2.069124 0.827155 0.152528 0.395715 0.335518 0.074819 
3.025960 1.253236 2.032829 0.395960 1.259573 1.020312 0.969191 1.004567 0.360633 0.496570 0.408764 0.021860 
2.983760 0.781550 1.692084 0.184523 1.667994 1.826263 1.681994 0.857936 0.602974 0.342959 0.259127 0.039027 
3.068586 0.993491 2.223563 0.280752 1.274949 1.174066 0.644717 1.641793 0.553171 0.329830 0.173992 -0.011109 
3.034603 1.322098 1.708022 0.182661 1.431935 1.144794 0.534484 1.263171 0.564217 0.512614 0.382043 0.020381 
-1.#IND00 -1.#IND00 -1.#IND00 -1.#IND00 -1.#IND00 -1.#IND00 -1.#IND00 -1.#IND00 -1.#IND00 -1.#IND00 -1.#IND00 -1.#IND00 
-1.#IND00 -1.#IND00 -1.#IND00 -1.#IND00 -1.#IND00 -1.#IND00 -1.#IND00 -1.#IND00 -1.#IND00 -1.#IND00 -1.#IND00 -1.#IND00 
