2.980805 0.900971 1.356717 -0.635139 0.974459 1.169606 0.580179 1.512785 0.407428 -0.072562 0.014191 -0.047740 
2.945360 0.879242 1.320407 -0.518637 0.220393 0.427778 0.563433 1.021079 0.094766 0.086242 0.201442 0.003236 
2.641469 0.803058 1.259144 -0.180975 0.506987 0.357763 0.801786 1.194418 0.038623 0.373816 0.084023 -0.009804 
3.136120 0.350938 1.639683 0.131787 1.309308 0.952166 1.750648 1.245128 0.498536 0.237831 0.197589 -0.004078 
2.905130 0.972121 1.495812 -0.409238 1.518008 1.201693 1.029176 0.844093 -0.228376 0.109520 0.228361 -0.000278 
3.094946 1.144716 1.161026 -0.162681 1.615595 0.563640 0.829775 1.335099 0.420019 0.251560 0.286025 0.009285 
3.161358 0.368075 1.572135 -0.622728 0.566269 0.148282 1.405726 0.940586 0.536224 0.113206 0.025830 0.022495 
2.850572 0.901262 1.530185 0.272704 1.564127 0.589091 0.574180 0.900129 0.542555 0.504563 0.569197 0.009821 
3.051987 0.838972 0.970262 -0.725145 1.358577 0.836653 0.354344 0.929347 0.169887 0.472182 0.486951 0.047067 
3.163363 0.943727 0.984851 -0.005195 1.136920 1.466198 1.208165 0.911340 0.258239 0.344205 0.079932 -0.007606 
2.965389 0.987719 0.991892 0.075834 0.660360 1.244309 1.671548 1.404758 0.589416 0.066457 0.266144 -0.034672 
2.881151 0.471831 1.534141 -0.489747 1.157427 0.845809 1.142245 0.950495 0.409194 -0.013157 0.178692 -0.003736 
3.166940 0.196292 1.591492 -0.821182 0.948507 0.204201 0.723845 1.369588 0.369865 0.045684 0.344411 0.028145 
2.716246 0.782656 1.227067 -0.490151 0.646466 0.486608 1.041812 0.894343 0.372457 0.185125 -0.078720 0.006588 
2.926660 0.602662 1.151895 -0.401886 0.609156 0.804988 0.952244 0.856000 -0.054118 0.021096 0.044300 -0.039517 
2.703127 0.999268 1.071650 -0.663700 0.941673 0.278836 0.098572 0.819945 0.286550 0.074887 0.049996 -0.029290 
1.037372 -0.109734 0.553940 0.864284 -0.328797 -0.908944 0.211991 0.112820 -0.385226 0.142332 0.085580 -0.077698 
0.966968 0.191387 0.713492 -0.435100 -0.307441 -0.730945 0.510745 0.195877 -0.402564 0.813851 -0.000833 -0.012045 
0.954001 -0.748986 -0.975412 -0.947503 0.855569 0.376224 0.700957 0.459504 0.069312 0.442334 -0.398535 -0.156961 
1.791158 0.006870 -0.840722 -1.263656 0.123653 -0.233782 0.412985 1.286157 0.727400 0.247175 0.072242 -0.072743 
0.783507 -0.253637 -1.994383 -1.657661 -1.255893 -0.531301 -0.190495 0.107826 -0.082265 0.112033 -0.108807 -0.037487 
0.838117 1.561411 0.230469 1.567937 1.476180 0.897552 1.138367 1.194772 0.972291 -0.103675 -0.382446 -0.030190 
0.750158 1.141877 0.604803 1.260392 2.514852 1.277598 1.859895 0.013657 0.659138 0.040827 -0.134895 0.012725 
0.564736 1.136810 1.787643 1.256684 0.855455 2.086253 2.078105 0.547455 0.134579 0.359161 -0.050122 -0.035503 
0.888170 1.254413 0.933206 0.930820 1.570275 1.105808 1.565647 0.900320 0.557754 0.346355 0.013846 -0.085872 
1.167414 0.952757 1.643779 0.762043 1.530434 0.942980 0.969701 0.771497 0.761894 0.304393 0.053006 -0.046526 
1.124426 0.689938 1.368601 0.906601 1.950644 0.613153 1.389487 1.355389 0.653260 0.318008 0.011825 -0.092454 
0.844140 1.522841 0.857807 1.933260 0.851667 0.854091 0.431033 0.761611 0.470767 0.493602 -0.013226 -0.086800 
0.592273 1.085114 1.238071 1.387835 1.674520 1.689161 0.810587 0.727650 0.752096 0.409708 0.039139 -0.129935 
1.411860 0.957729 1.004937 1.346219 0.991826 0.754958 1.725953 0.745879 0.416436 0.220663 0.139060 -0.085520 
2.849302 -0.254558 1.362472 1.056184 1.320656 1.225619 1.045948 0.870108 0.310778 0.402007 0.140818 -0.053664 
3.725725 -0.545282 1.328803 1.331641 1.421498 0.482495 1.260256 0.404531 0.550409 0.421387 0.172970 -0.003315 
4.447377 2.006409 -0.196148 -0.110483 1.335826 1.485683 0.686237 0.746757 0.867216 0.374260 0.227984 -0.013087 
3.720457 2.936181 1.863474 0.879966 0.482396 0.593529 0.739203 0.609002 0.274342 -0.017962 -0.099021 -0.011203 
3.161188 2.648648 2.304726 1.849874 1.302564 0.923990 0.666343 0.505075 0.376302 0.263835 0.246579 0.038657 
5.473627 5.141994 4.465629 2.728363 1.634478 0.449175 0.020188 0.438989 0.561161 0.482261 0.236144 0.105660 
4.952775 3.772716 3.894049 3.812743 1.630966 -0.052299 0.394435 0.961246 0.120978 -0.222236 0.118402 0.075159 
3.353098 2.507081 2.535309 2.543111 2.563550 2.130738 1.807080 1.273357 0.662883 0.419772 0.304914 0.104384 
3.841295 3.044218 3.264332 2.243337 2.116227 1.247891 1.851013 2.076235 0.858244 0.606973 0.040394 0.046715 
3.114022 2.074265 2.218088 1.646516 1.974843 1.481393 1.540263 1.043997 0.357800 0.676006 0.358091 0.074109 
3.604304 2.175257 1.750535 0.658785 1.500152 2.034421 1.158959 1.779574 1.311979 0.602655 0.030520 0.004417 
2.742941 1.237150 1.403825 0.174220 2.301471 1.238557 1.435736 1.260844 0.422390 0.359775 0.142794 0.036020 
3.293831 0.603836 1.739512 0.479663 0.453764 0.759768 0.969935 0.412310 0.239991 0.414059 -0.119024 0.023254 
2.982661 0.520112 1.691077 -0.244085 0.316018 0.355878 0.194000 1.011642 0.072686 0.123844 0.121607 0.022395 
3.139540 0.974737 1.457835 0.211148 0.832760 0.457230 0.807955 0.828664 0.475346 0.267426 -0.020701 0.014464 
3.175736 0.659432 1.710953 -0.304338 1.365568 0.653061 0.736822 0.478449 0.883490 0.169158 -0.057741 0.051096 
3.221651 1.375610 1.143759 -0.413312 1.419158 0.804570 1.132448 1.183825 0.084646 0.201945 0.151922 0.005801 
3.077112 0.889595 1.248642 -0.364926 0.476074 1.171537 0.944028 0.372084 0.240601 0.347123 0.246824 0.027902 
-1.#IND00 -1.#IND00 -1.#IND00 -1.#IND00 -1.#IND00 -1.#IND00 -1.#IND00 -1.#IND00 -1.#IND00 -1.#IND00 -1.#IND00 -1.#IND00 
-1.#IND00 -1.#IND00 -1.#IND00 -1.#IND00 -1.#IND00 -1.#IND00 -1.#IND00 -1.#IND00 -1.#IND00 -1.#IND00 -1.#IND00 -1.#IND00 
