3.056257 0.681221 1.255177 0.032525 0.916779 0.460910 1.141094 0.776906 0.098376 0.373996 0.095088 0.003235 
2.984105 0.463006 1.417332 -0.618585 0.804479 0.464212 0.322190 0.504232 0.327331 0.198007 0.032312 0.022727 
3.034720 0.766919 1.050044 -0.520398 0.048338 0.809959 0.689639 0.863964 0.598122 0.376548 0.154948 -0.006251 
3.077977 0.511416 1.049634 -0.596716 1.537245 0.988150 1.238449 1.173397 0.607233 0.000369 0.236997 0.037421 
2.880777 0.008393 1.491277 0.428260 0.861867 0.163299 1.432061 1.535709 0.284484 0.083440 0.006703 -0.019825 
3.009324 0.286660 0.796747 -0.628690 0.754461 0.933847 -0.194945 0.451457 0.012524 0.377967 0.052515 0.014079 
2.747472 0.979227 1.071865 -0.825985 0.936947 1.656938 0.605129 0.915925 0.388911 0.068324 0.136378 0.011911 
2.903529 0.972228 1.182281 -0.426365 1.185414 0.956710 1.456352 1.001339 0.313637 0.465266 0.241063 0.006510 
2.996266 0.209116 1.159999 -0.367584 1.042417 1.020169 1.054598 0.947807 0.279749 0.440120 0.114008 0.001853 
3.131708 0.811167 0.875948 0.107001 -0.069220 1.118197 1.708663 1.304990 0.466821 -0.081109 -0.033148 -0.011604 
3.026816 0.472304 1.326906 0.037805 0.618567 0.667118 1.165753 0.543274 0.730361 0.456428 0.404745 0.006475 
3.257003 0.841957 1.038110 0.126430 1.637098 1.204433 0.755763 1.088781 0.593006 0.270510 0.278768 0.004752 
3.092585 0.486807 0.934876 -0.144390 1.038650 0.331188 0.589709 1.322714 0.025832 0.259049 0.329067 -0.000578 
2.976317 0.771673 0.807078 -0.269177 1.491268 0.473821 0.715903 0.878196 0.135747 0.291996 0.367406 0.015111 
2.784904 0.563103 1.419088 0.147005 0.943288 0.846953 1.258077 1.031006 0.425178 0.407676 0.138330 -0.034346 
3.029145 0.593443 1.456376 -0.001993 1.653129 0.925233 1.291672 1.160015 0.438480 0.299178 0.235193 0.010622 
2.912049 0.036430 1.062191 -0.844411 0.029255 0.460497 0.645133 0.537812 0.227641 -0.188200 0.175322 0.087030 
1.352596 -0.012827 0.952000 -0.013720 0.808836 0.104699 -0.541164 0.035355 0.092342 0.002302 -0.158114 -0.052417 
0.478257 -0.871804 1.131108 1.038568 -0.425769 -0.481892 0.797332 1.365120 0.107780 -0.088220 0.418081 -0.095419 
1.456687 -1.118689 -1.886688 0.366798 -0.194841 1.161637 -0.065834 0.569656 0.656731 0.200950 -0.137776 -0.143677 
1.470275 0.244803 -0.389679 -1.150403 0.625974 0.343131 0.617663 0.493046 0.473141 0.263622 -0.079888 -0.047414 
2.235310 -0.172794 0.309702 0.428913 1.701992 0.967788 0.776561 1.003354 0.601516 -0.003142 0.152321 -0.050269 
1.030496 0.845223 1.019152 0.740032 0.538495 2.057220 1.603709 0.811501 0.340379 0.145050 -0.052540 -0.091995 
0.658815 1.570253 0.221627 1.490621 1.431996 1.479258 1.498072 1.517692 0.233154 0.177104 -0.082200 -0.050683 
1.019801 1.298201 0.604829 0.474672 1.641366 0.493877 1.474702 1.219994 0.778326 0.275863 -0.192672 -0.086694 
0.726994 0.782043 0.859410 1.477543 1.595333 1.540212 1.751857 0.746184 0.680386 0.103981 -0.033533 -0.060930 
0.707465 1.178378 1.758442 0.297436 0.984491 2.340595 1.499897 1.031599 0.582611 -0.188635 0.111200 -0.042135 
0.419970 0.832690 1.828703 1.343660 0.823991 2.183248 1.410234 1.286377 1.019565 0.139956 -0.058903 -0.058458 
0.659393 1.265025 2.127092 0.791769 1.390119 0.718438 0.627106 1.101473 0.978612 0.132257 0.082844 -0.039488 
0.671746 1.039837 1.486466 0.730393 1.457830 1.970238 1.281533 0.563634 0.696235 -0.015248 0.081033 -0.026982 
0.954001 1.113545 1.835700 1.436756 0.331781 0.904510 1.690758 1.120400 0.854455 0.184728 0.020023 -0.083543 
0.679635 0.723426 1.697896 1.590752 2.069475 1.657666 0.400408 0.849573 0.544919 0.572587 -0.102719 -0.067060 
1.827996 0.445511 1.279205 0.729148 2.156830 0.438428 1.189978 1.112468 0.606577 0.161263 0.017047 -0.026455 
3.907382 0.368867 0.796732 0.971114 1.377440 0.543590 1.253977 0.882693 -0.120907 0.132548 0.214818 0.038397 
3.639001 0.473619 0.391207 1.262240 0.757129 0.818387 0.521528 0.409979 0.286902 0.650481 -0.001869 -0.056891 
5.830233 4.771772 2.771243 0.618271 -0.312901 -0.247116 0.253620 0.914648 0.773642 0.090074 0.277459 0.063099 
6.121838 5.399708 3.672615 1.293062 0.651249 -0.018481 0.169467 0.656070 0.452207 0.047367 0.204131 0.056168 
5.974893 5.542141 3.959647 1.182587 -0.401879 -0.607488 0.076788 0.857855 0.750496 0.086131 0.349322 0.050984 
4.232872 3.994418 3.776161 2.941746 1.709396 0.708489 0.574506 0.231846 0.290240 0.331715 0.139601 0.062183 
3.372398 3.134135 2.917411 2.615779 2.330365 1.827031 1.371502 1.001829 0.624482 0.354687 0.176656 0.062110 
4.173788 3.200562 4.103999 3.217846 2.929159 1.650390 2.083383 3.056274 0.711291 -0.019360 0.411791 0.112542 
3.396893 3.070451 2.986206 2.902412 2.805167 2.063125 1.776323 1.156466 0.631102 0.426899 0.122357 0.064916 
2.808256 2.267579 2.262930 2.135925 1.819021 1.937148 1.266145 0.871697 0.678371 0.686472 0.438317 0.086258 
3.088922 1.083601 1.601313 0.119350 1.511438 1.491391 0.888205 0.874277 0.066012 0.541287 0.349640 0.034165 
3.325258 1.052859 1.198615 0.245621 1.545391 1.329606 1.022246 1.790118 0.806659 0.273621 -0.111890 -0.022898 
3.077606 0.808384 1.184114 -0.436293 0.423824 1.718826 1.071130 1.369251 0.122748 0.004651 0.136949 0.019492 
3.121057 0.778847 1.580761 -0.462496 0.351122 0.836966 1.293282 1.429092 0.209618 0.167531 0.157094 0.005561 
2.993392 0.816063 1.446585 -0.205909 0.488686 0.632138 1.212385 1.390050 0.911538 0.118691 0.099519 0.022754 
-1.#IND00 -1.#IND00 -1.#IND00 -1.#IND00 -1.#IND00 -1.#IND00 -1.#IND00 -1.#IND00 -1.#IND00 -1.#IND00 -1.#IND00 -1.#IND00 
-1.#IND00 -1.#IND00 -1.#IND00 -1.#IND00 -1.#IND00 -1.#IND00 -1.#IND00 -1.#IND00 -1.#IND00 -1.#IND00 -1.#IND00 -1.#IND00 
