3.144377 -0.129176 1.105227 -1.044765 0.781426 0.932423 0.044421 0.528041 0.052291 0.189701 0.187748 0.008109 
3.212169 0.376406 1.121734 -0.405336 1.139686 0.849895 1.186999 0.212537 0.502215 0.415797 0.047114 0.017375 
3.223465 -0.109604 0.516590 0.004403 1.055755 1.521104 0.510672 1.066229 0.531479 -0.052948 0.007513 -0.044894 
3.048736 0.388450 0.154406 -0.363313 0.867246 0.183031 1.204965 0.711706 0.047433 -0.191751 0.144840 0.053626 
3.171894 0.041877 0.922815 -0.643507 1.163152 0.845418 0.778117 0.891677 0.459457 0.570138 0.093738 -0.020705 
3.460587 -0.019934 0.685687 -1.362916 0.991006 0.542891 0.841564 1.113928 0.311279 0.269265 0.108045 -0.034835 
2.900211 0.128140 0.686300 -0.979974 1.188317 0.874524 0.320436 0.823885 0.402427 -0.095730 0.067569 -0.008754 
3.375484 0.251830 1.068878 -0.463626 1.053711 0.800293 1.157467 1.045210 0.370612 0.195131 0.231612 0.038253 
3.259302 1.149610 1.300664 -1.173581 0.419700 1.060142 1.003395 0.445977 0.135278 0.161863 0.021905 0.025960 
3.200795 0.912921 0.793540 -0.247848 1.529720 1.058139 0.357225 1.036149 0.572563 0.199160 0.273421 0.017446 
3.129421 0.813636 1.011272 -0.407774 1.199152 1.229590 0.255831 0.708421 0.495778 0.166393 0.268430 0.020907 
3.206193 -0.218030 0.892956 -1.084414 1.254387 0.920490 0.915416 0.844081 0.329768 -0.152217 -0.097813 0.008366 
3.268528 0.503589 1.067969 -0.500340 1.243254 0.810817 1.249448 1.064482 -0.338542 0.057504 0.264056 0.047169 
3.554960 0.415211 0.933739 -0.867431 1.164819 0.285393 1.299556 0.944463 0.263551 0.345865 0.241779 0.049455 
2.879542 0.223555 0.640472 -1.361131 1.086237 0.981762 0.170295 0.344392 0.181117 0.187791 0.041025 0.027105 
3.037363 0.493600 1.004549 -0.020225 0.735254 0.860810 1.472180 0.669916 0.455426 0.296160 -0.202069 -0.042211 
3.228379 0.519248 1.297644 -1.100820 1.454704 0.028493 0.754047 0.098350 0.119217 0.325929 -0.053051 0.063092 
3.158869 0.687641 1.554139 -1.197076 0.949411 -0.896790 0.916261 0.630187 0.103169 0.281682 0.002734 0.061821 
2.792609 1.070867 1.878509 -2.421125 2.085766 -1.185428 0.453995 -0.099755 -0.258935 0.619070 -0.229320 0.152121 
2.001742 0.774663 2.554928 -2.996451 1.386626 -0.666564 -0.275420 0.697621 0.387460 -0.326576 -0.217388 0.148386 
0.455157 0.715123 4.383491 -1.542970 1.532889 -0.984361 -1.912755 0.360350 -0.105089 -0.411198 0.351774 0.068572 
0.499902 0.993709 3.018102 -2.111228 0.534605 -1.672043 -0.952513 0.815213 -0.361795 -0.496077 0.212399 0.103342 
-0.070007 0.522554 1.437901 -2.476899 1.745973 -0.840582 -0.690090 0.887506 -0.318208 -0.333978 0.146984 0.017022 
0.575285 1.195375 1.406301 -1.317682 1.266644 -2.319083 -0.398869 -0.492003 -0.585177 0.321457 -0.076757 0.080726 
1.097753 1.033269 2.521829 0.530353 1.231239 0.046173 0.916578 0.212658 0.250694 0.194314 -0.196366 -0.009901 
0.642306 1.286112 2.180492 0.723974 1.062974 1.458697 0.961612 0.173962 0.118895 -0.249317 -0.143142 -0.019132 
0.960223 1.128694 1.296635 1.024635 2.058921 0.981921 0.483253 0.427104 -0.606968 -0.090128 -0.028826 -0.065503 
1.334715 1.255224 1.418894 1.464898 1.701924 0.496967 0.382946 -0.278577 -0.325383 -0.098385 -0.110572 -0.066957 
0.507075 1.489115 2.029036 1.596997 2.091454 0.986687 0.286020 -0.466964 0.149952 -0.167331 -0.031052 -0.039078 
1.273006 0.852237 1.898347 1.480575 1.904554 0.267354 0.623437 0.234235 -0.318175 -0.109556 -0.032291 -0.045596 
0.941639 1.445084 1.340812 2.039353 1.747073 0.398457 0.290932 0.266694 0.055417 -0.024820 0.043640 -0.088944 
0.829252 1.219351 0.927459 2.254230 0.767453 0.739727 0.982923 0.793716 0.631479 -0.066020 -0.167179 -0.063310 
0.862570 1.794894 1.982061 0.548903 1.059456 1.708574 0.381643 0.392144 0.283177 -0.241385 -0.150492 -0.033596 
0.895486 1.328370 2.056453 2.219807 1.107813 1.108829 0.068540 -0.082938 0.242607 -0.154522 -0.391296 0.028429 
1.266785 1.224105 1.395029 0.950751 1.395484 0.825111 0.774705 0.698960 0.515491 -0.222415 -0.151284 -0.053569 
0.801227 1.857507 1.195887 1.022739 1.424834 1.167874 0.146123 0.719213 0.276490 -0.003082 0.019703 -0.087799 
1.583307 1.493861 0.624200 1.968425 0.906170 0.278070 0.664029 -0.746786 0.014759 0.105469 0.313070 -0.043020 
1.753939 1.504345 1.195199 0.115061 0.777898 -0.103151 0.109817 -0.226520 0.299469 -0.024651 -0.117570 0.022127 
3.261224 0.413141 1.357367 0.137518 0.884625 1.084375 1.027566 0.234337 -0.250774 0.046388 -0.089742 0.009382 
2.943570 -0.012679 1.018578 2.765742 0.650706 -1.139505 1.949179 0.402011 0.504547 0.406934 0.008546 -0.047170 
3.949109 2.711188 1.474351 0.393121 0.777186 1.552293 0.861544 0.254755 -0.171246 -0.211960 0.037580 0.031603 
5.273618 3.682810 3.862433 4.046294 1.283327 0.358221 0.945355 0.231083 0.345380 0.439497 0.159080 0.039037 
3.424998 1.336594 1.750984 -0.078946 1.376087 0.877195 0.813098 1.014752 0.633304 0.341535 -0.007318 -0.019720 
3.644870 0.873427 1.958097 0.277904 2.384068 1.237106 1.449715 0.980596 0.432934 0.671650 0.060985 0.000839 
3.746900 0.746715 1.081670 0.294316 1.905103 1.683591 1.899316 0.846742 0.404031 0.410114 0.043221 0.005810 
3.222171 0.868460 1.043454 -0.198763 1.955143 1.739989 0.589110 1.182662 0.902274 0.293923 0.263092 -0.002330 
3.593337 0.408568 0.963255 -0.910253 0.822493 0.067804 -0.235665 1.205275 0.057330 0.337601 0.221464 -0.032581 
3.236952 0.534981 1.495904 -0.346787 1.742854 0.659621 1.172466 1.076305 0.464089 0.370192 0.458077 0.027649 
-1.#IND00 -1.#IND00 -1.#IND00 -1.#IND00 -1.#IND00 -1.#IND00 -1.#IND00 -1.#IND00 -1.#IND00 -1.#IND00 -1.#IND00 -1.#IND00 
-1.#IND00 -1.#IND00 -1.#IND00 -1.#IND00 -1.#IND00 -1.#IND00 -1.#IND00 -1.#IND00 -1.#IND00 -1.#IND00 -1.#IND00 -1.#IND00 
