3.397692 0.170525 1.183911 -0.284375 1.247747 2.235810 1.218992 1.160711 0.723876 0.395518 0.116653 -0.035115 
3.186292 0.862691 1.095029 -0.952556 1.570387 1.451767 0.992495 0.770234 0.366941 0.125001 0.073552 0.000505 
6.683055 0.260357 0.867688 -1.673341 0.688180 0.645521 -1.007767 -0.559578 0.296839 0.331689 0.052878 -0.015034 
3.207072 0.241320 0.512957 -0.457406 0.693856 0.316888 0.361021 0.920748 0.117063 0.182770 -0.092387 -0.061139 
3.435317 0.536485 0.835659 -0.579237 2.015387 1.035231 1.105663 1.621674 0.596782 -0.152165 0.254951 0.010483 
3.347053 0.510096 0.919710 -0.686805 0.820989 0.584119 -0.011873 0.659546 0.315393 0.138580 0.272383 0.029421 
3.025525 0.145316 0.886299 -0.615613 0.660048 0.702812 0.250727 0.661186 0.187054 0.179234 0.202551 -0.005903 
3.062219 0.273282 2.117188 -0.073059 1.142772 1.347574 0.632302 1.139425 0.758055 0.565866 0.343693 -0.024042 
3.579073 0.292715 0.692261 -0.781576 0.938459 1.108444 0.181591 0.708137 0.370119 0.536743 0.279757 0.017918 
3.183254 0.709593 1.457992 -0.743609 0.976383 0.196402 0.875662 0.948236 -0.152885 -0.079740 0.278956 0.052754 
3.135270 0.833548 1.188755 -0.377740 0.756604 1.037647 0.908603 0.908474 -0.313550 0.500733 0.430938 0.019777 
2.927837 0.123423 0.868397 -0.464370 1.123143 0.578254 0.127628 0.445513 0.010986 0.153079 0.115943 -0.010654 
3.023278 0.067051 0.904530 -0.680390 0.679859 0.196730 1.168631 0.527636 0.360210 -0.090522 -0.349182 -0.007935 
3.010211 0.484009 0.683179 -0.785999 0.999049 0.481320 1.390055 1.058475 0.537485 0.131282 0.303501 0.017255 
3.124834 0.061811 0.695234 -0.849565 0.599917 0.715521 0.747306 0.599788 -0.341748 -0.020194 0.042656 -0.024396 
3.136204 1.111681 0.920652 -0.517540 0.635206 0.515409 0.027958 0.672042 0.248123 0.105318 0.012529 0.019552 
3.188936 0.827881 1.017401 -0.737437 1.406962 1.219371 0.222231 0.621339 0.559522 -0.048074 0.254370 0.048963 
3.600808 0.875989 1.618765 -0.523795 1.366223 -0.307686 0.439000 -0.104390 0.118514 0.393524 0.098761 0.063937 
2.750185 1.062305 1.105473 -1.857025 1.884210 -2.125794 0.964293 -0.199596 -0.617735 0.575642 -0.180904 0.145043 
0.729716 1.641776 1.345102 -1.349831 0.338235 -1.831017 -0.147195 -0.246036 -0.121622 1.015899 -0.132561 0.329000 
-0.123715 1.155492 0.546693 -0.544978 1.247961 -1.745472 0.486458 0.203647 -1.029153 0.926017 -0.040217 0.157271 
-0.262862 0.603391 0.139495 -2.013129 1.164641 -2.331487 -0.003473 -0.597022 -0.720328 0.675706 -0.211255 0.032065 
-0.491129 0.918861 0.763418 -1.739984 1.006025 -1.978697 0.095155 0.207299 -0.553207 0.476206 -0.196909 0.058422 
0.067946 0.825033 0.494994 -2.184816 0.787815 -2.213843 -0.800782 -0.123438 -0.317734 0.461855 -0.370806 0.005215 
1.394899 1.265956 1.504322 0.668365 0.955330 -0.156254 0.195256 -0.278074 0.108407 0.177523 -0.143664 0.050698 
0.772424 1.491287 1.876919 1.369061 0.723218 -0.121981 0.611396 0.873559 0.448235 0.109467 0.240560 -0.100654 
1.052405 1.214723 1.699063 2.049443 1.224433 1.156154 0.414809 -0.294846 -0.242231 0.072286 -0.178813 0.000048 
1.170173 1.222631 1.659246 1.528527 0.566324 1.096285 0.618505 -0.174420 0.128140 0.217912 -0.027899 -0.094370 
1.061606 1.420030 2.235676 1.570921 0.903143 0.390249 -0.249057 -0.777214 -0.395275 0.318342 -0.156551 -0.084959 
1.029041 1.857617 1.503054 1.275562 1.012724 0.931718 0.519415 -0.118105 -0.634021 0.387172 -0.136855 -0.031399 
0.760551 1.622410 1.176285 2.019255 1.272590 0.795865 0.858121 0.316302 -0.244878 -0.295759 0.189500 -0.062165 
0.760023 1.687722 1.895838 1.419644 1.002067 0.561344 0.392043 0.657687 0.331555 0.137399 -0.069384 -0.048042 
0.899115 1.408051 1.319993 1.359761 1.409031 1.084020 0.943802 -0.045384 0.202460 0.057650 0.085576 -0.086982 
0.748133 1.909252 0.493377 2.230147 2.508781 0.383285 0.269931 0.476174 -0.312160 -0.139415 -0.126379 -0.006884 
0.946345 1.372768 1.786557 1.437452 1.582213 0.438009 1.150153 -0.243993 -0.105257 0.304097 0.131635 -0.099984 
1.216782 0.894562 1.622322 1.614012 0.690801 0.991375 0.813334 0.452227 -0.317979 -0.186793 -0.128306 -0.022268 
1.192344 0.893347 1.258223 2.336664 1.613225 0.759704 0.860251 -0.248296 0.638622 -0.069608 -0.114502 0.025390 
2.063181 1.373725 1.196111 0.800155 1.326459 0.333480 0.072105 0.027371 -0.111544 0.429734 0.172945 -0.017809 
2.871027 0.614818 0.813704 1.262802 0.328444 1.318534 -0.244167 0.195110 1.265494 -0.043822 0.143252 0.020788 
5.666292 0.546971 0.272001 1.490164 0.479870 0.570144 0.103909 0.089399 0.498643 0.222466 0.234430 0.124733 
3.990719 1.864949 1.242889 1.402720 1.348602 0.614611 -0.899843 -0.491267 0.130764 0.099523 0.615312 0.141077 
5.240337 3.333525 2.072190 0.562399 0.331020 0.152328 0.414447 0.378041 -0.029267 -0.429878 0.157132 0.091994 
3.919723 2.052573 2.479978 1.625705 1.430479 1.688983 1.918516 2.022517 0.798883 0.429599 0.051228 0.019902 
3.511881 1.785752 2.025518 0.639812 1.726121 2.348601 0.991311 1.544030 0.782390 0.197648 0.273939 0.047316 
3.445723 0.834301 1.532910 0.500121 0.747854 1.864710 1.229955 0.560633 0.637164 0.348833 0.214449 0.042464 
3.703422 0.798835 1.150983 -0.973140 2.188164 0.807101 0.826132 0.638154 0.743760 0.088011 0.092573 0.047528 
3.284844 0.737440 1.119971 -0.356601 0.651004 0.447926 0.914778 1.032304 0.039941 0.076235 0.128939 0.003954 
3.164935 0.577471 0.965183 -0.928557 0.684065 0.734185 0.050477 0.734233 0.167594 0.252884 0.263015 0.010935 
-1.#IND00 -1.#IND00 -1.#IND00 -1.#IND00 -1.#IND00 -1.#IND00 -1.#IND00 -1.#IND00 -1.#IND00 -1.#IND00 -1.#IND00 -1.#IND00 
-1.#IND00 -1.#IND00 -1.#IND00 -1.#IND00 -1.#IND00 -1.#IND00 -1.#IND00 -1.#IND00 -1.#IND00 -1.#IND00 -1.#IND00 -1.#IND00 
