3.639526 1.134502 1.070333 -0.014079 1.461571 1.083801 1.087871 1.397730 0.883557 0.193370 0.073653 -0.014795 
3.176969 0.580157 0.909436 -0.474913 1.642357 1.876529 0.975774 1.545675 0.358505 0.291775 0.170067 -0.058116 
3.525246 0.577128 0.486827 -0.507847 0.944057 0.831315 1.334682 1.132738 0.130041 0.440005 0.038598 -0.030906 
3.599179 0.818093 1.638873 -1.053726 1.229120 1.137854 0.720708 0.984650 0.245861 0.315463 0.177978 -0.010351 
3.398542 0.092373 1.225188 -1.186733 1.128096 0.793460 0.814992 0.954693 0.132830 0.006443 0.051398 -0.032348 
3.289485 0.419173 1.290900 -0.375049 1.105727 1.405155 0.950642 1.048864 -0.173816 0.443567 0.282929 -0.031401 
3.221240 0.545633 0.688481 -0.197018 1.423100 0.720841 0.290931 0.130447 0.393531 0.419444 0.091404 -0.001832 
2.901629 0.081649 0.634437 -0.186309 0.861796 0.833103 0.101472 0.541294 0.357077 0.428985 0.007103 0.014306 
2.998858 0.512458 1.102714 -0.775967 0.658345 0.603243 0.417306 0.951476 0.381957 0.120007 0.205889 0.060221 
3.596286 0.303006 1.373145 -0.420195 1.021317 1.390645 0.490082 1.218390 0.600394 0.124174 0.064858 -0.007971 
3.609702 0.602597 1.233574 -0.440515 0.851995 0.843353 0.219869 0.010681 0.188934 0.207518 0.278448 0.077250 
3.980561 1.198248 0.960542 -0.730478 0.611300 -0.294188 0.300752 0.105321 0.292866 -0.017499 -0.018758 0.026419 
3.760255 1.092210 0.522487 -0.252383 1.203481 -1.178855 1.225980 -0.445215 0.074784 0.493518 -0.165914 0.054486 
1.025378 2.406599 0.956718 -1.952179 1.159099 -2.585256 -0.514302 -0.547280 -0.235220 0.029452 0.036473 -0.014376 
0.954089 2.072653 0.272217 -2.272534 -0.095893 -1.360631 0.168919 -0.396044 -0.496355 0.249567 -0.440206 0.154929 
0.184807 0.390927 -0.008557 -2.369545 0.832522 -1.804861 0.108593 0.194743 -1.349540 0.522303 -0.176321 0.072608 
-0.265135 0.408083 -0.025782 -2.832266 0.700981 -2.380045 -0.555252 -0.019344 -0.944157 0.345912 -0.082151 -0.002055 
0.047740 0.799064 0.355736 -1.837425 1.324047 -2.580801 -0.820434 -0.245612 -0.712867 0.646490 -0.112080 -0.010012 
0.374631 1.102355 1.646796 -2.622039 1.081919 -1.469237 -1.673352 -0.279746 -0.440939 0.683015 -0.316719 0.040245 
1.011077 0.113129 2.234969 1.574699 2.054710 0.770070 1.113929 0.865268 0.054132 0.065134 0.124790 -0.044917 
0.715832 1.529373 2.171863 1.906351 1.391514 0.989699 0.725364 -0.111398 0.249436 0.236933 0.020374 -0.082008 
1.233364 0.966995 1.804462 1.206491 0.655314 1.040460 0.112067 0.853846 0.026928 -0.120794 -0.089431 -0.030205 
0.800683 1.252811 2.094216 2.101269 1.746736 -0.077757 0.540564 -0.486066 -0.513829 0.051143 -0.016974 -0.090806 
0.951924 1.515366 1.515303 1.503395 2.019497 -0.175496 -0.077797 -0.317183 -0.080156 -0.139772 0.002289 -0.068359 
1.130534 1.328771 1.070582 1.389174 1.106867 0.811458 1.098175 -0.284586 -0.069226 -0.045483 0.050341 -0.091271 
0.997690 1.443685 0.752688 1.833826 1.322144 1.475030 0.939423 0.130952 0.279744 -0.183707 -0.157785 -0.031999 
0.817229 1.395183 1.272179 1.959629 1.177704 1.343054 0.674098 0.409861 0.138350 -0.430948 0.095509 -0.059788 
1.198552 1.161868 1.812214 0.847381 0.670151 1.292587 1.194852 0.073365 0.337117 -0.126832 -0.195758 -0.060543 
1.444740 0.840441 1.376268 1.755733 0.870466 1.614372 0.125901 0.565382 -0.363862 -0.154176 0.079981 -0.044375 
1.201929 1.185189 1.917718 0.967754 1.190717 0.776059 0.848328 0.500687 0.572606 -0.331296 -0.157864 0.034348 
1.356419 1.259786 1.059561 0.903147 1.279320 1.084910 0.274311 0.979897 0.614222 -0.116085 0.078367 -0.017220 
1.381588 1.430920 0.644380 1.201009 0.807491 1.215003 -0.444532 0.303129 0.198918 0.395793 0.036761 0.024644 
1.646112 1.277718 1.320576 1.219215 1.041682 0.910656 -0.099454 0.180878 0.232359 0.246686 0.301664 -0.002177 
5.455756 -0.932902 1.295621 0.878892 1.403788 1.651491 1.005815 0.437706 0.241394 0.001846 -0.009809 0.027022 
6.454009 2.611783 1.094691 0.749685 0.749327 0.348177 0.601752 1.188415 0.267924 0.257696 0.302186 0.132592 
5.339779 3.740547 2.969906 1.250653 0.702165 0.383413 0.829009 0.807342 0.336022 0.138717 0.385073 0.138342 
4.180544 1.679135 2.098430 0.947408 1.678178 1.706367 1.377969 0.725758 0.859329 0.481827 0.164245 0.046048 
3.290008 1.878057 1.915629 1.785545 2.546863 1.695771 1.363676 1.475766 0.645126 -0.100232 0.074042 0.053506 
3.192630 2.438840 1.862138 1.404017 2.199804 2.340343 1.415858 0.806334 0.447763 0.564907 0.183876 0.066165 
3.736819 1.298170 1.806590 0.568678 1.566018 1.838880 1.660392 1.593012 0.760205 0.166450 0.249058 0.055519 
3.658188 0.954589 1.098409 0.129010 1.842170 2.091113 1.061076 0.778913 0.436084 0.112084 0.670191 0.134101 
3.003550 0.990065 0.969251 0.817462 1.505637 1.295990 1.508764 1.383201 0.818495 0.515688 0.254751 -0.012316 
3.172320 0.782976 0.781836 -0.078634 1.659111 1.015895 1.451223 1.126518 0.252147 0.104149 0.077414 0.019632 
3.467916 0.577508 1.155359 -0.162041 1.742508 1.029721 1.328548 0.951352 0.348148 0.321331 0.248080 0.033928 
3.409178 0.612144 0.688628 -0.604705 1.192322 0.958348 0.253537 1.196657 0.224487 0.001237 0.286338 -0.005030 
3.387810 0.398247 1.281035 -0.956819 1.183769 0.642435 0.395935 0.723062 0.052255 0.256025 0.170359 0.011620 
3.378012 0.942593 1.079205 -0.044979 2.135683 0.502680 1.296204 1.401321 0.461291 0.177067 0.254814 0.037724 
3.547039 0.684799 0.820596 -0.150641 1.186868 1.638839 0.511791 0.878979 0.191608 0.202372 0.173843 -0.004259 
-1.#IND00 -1.#IND00 -1.#IND00 -1.#IND00 -1.#IND00 -1.#IND00 -1.#IND00 -1.#IND00 -1.#IND00 -1.#IND00 -1.#IND00 -1.#IND00 
-1.#IND00 -1.#IND00 -1.#IND00 -1.#IND00 -1.#IND00 -1.#IND00 -1.#IND00 -1.#IND00 -1.#IND00 -1.#IND00 -1.#IND00 -1.#IND00 
