3.345196 0.467329 0.133042 -0.989573 1.202551 0.166100 0.439756 1.073094 -0.102008 0.318198 0.211399 0.030655 
3.195497 0.753464 1.053278 -0.835737 0.596213 0.660623 0.377462 0.787440 0.637700 -0.032334 -0.218959 -0.022706 
3.095700 0.314018 0.316715 -1.640430 0.472036 1.059947 0.293525 1.190625 0.342039 -0.123366 0.109634 -0.007754 
3.292163 0.191605 0.501014 -0.246487 1.313480 1.227636 1.703537 1.012157 0.306766 0.038260 0.105160 0.024334 
3.324985 0.188689 1.286123 -0.272139 0.516626 0.844632 0.991299 0.735589 0.143905 0.235770 0.148281 0.038303 
3.447136 0.769672 0.628625 0.359929 0.840264 0.912204 0.844268 1.080024 0.061949 0.021567 0.258097 0.056045 
3.408681 0.383539 0.890041 -1.104952 0.886163 1.203384 0.779070 1.169458 0.006015 0.322354 0.278807 -0.013654 
3.191298 0.349675 1.005941 -0.807943 1.187624 1.197781 0.977213 1.115311 0.618816 0.204091 0.062033 -0.027303 
3.116761 0.734490 0.561208 -1.185597 1.065313 1.489217 0.473943 0.703541 0.306632 -0.093141 -0.040540 -0.041203 
3.600989 0.224742 0.807566 -0.683625 1.132073 0.406853 0.904282 0.440947 0.473881 0.736662 -0.025843 -0.045554 
3.647358 0.343595 0.509507 -0.410111 1.241584 0.748879 0.502393 0.609005 0.420641 0.170457 0.059938 0.032612 
3.264748 0.880857 1.090164 -0.090146 1.241055 1.291446 0.358829 1.122949 0.387787 0.218464 0.257870 0.005902 
3.392049 0.919778 1.445987 -0.550375 0.815812 0.177819 0.624109 0.728377 0.280080 0.342538 0.086759 0.010995 
3.375086 1.269698 1.016785 -0.677300 0.462700 0.564502 0.325037 0.636870 -0.030392 0.046721 -0.014754 -0.002803 
3.458135 0.522121 0.547144 -1.260026 0.456334 0.467571 -0.616232 0.099659 -0.012221 0.167512 0.175332 0.003656 
3.322594 0.983384 0.410653 -1.335151 1.161806 -1.154480 1.870079 -0.043360 -0.664645 0.654455 -0.147022 0.031480 
2.640995 0.573509 2.236275 -2.298067 2.535179 -1.130107 0.554084 0.395887 -0.318323 0.527646 -0.261528 0.093655 
1.269567 2.564753 1.711065 -2.351771 1.680996 -1.104459 -0.264754 -0.215939 -0.262513 0.611945 -0.021095 0.106960 
0.039414 1.008696 2.067158 -2.132714 0.475337 -0.237387 -1.057317 0.843442 -0.628820 0.524778 0.582614 0.183640 
-0.144101 0.381247 2.273705 -2.539678 1.329584 0.019704 -1.612168 0.292858 -0.158673 0.972766 0.725180 0.124389 
-0.123388 0.447249 1.534910 -2.559269 1.533040 -0.474304 -2.048553 0.556828 -1.028181 -0.148217 0.195728 -0.029572 
-0.225747 0.555758 1.210154 -1.637200 0.628893 -0.376179 -0.452881 1.562036 -1.139661 0.204237 0.173302 -0.114969 
0.366739 0.697888 0.785286 -1.284288 0.302039 -1.348537 -0.658994 0.520667 -0.764976 0.324981 -0.148252 0.110164 
1.710238 1.428533 0.688513 1.825670 -1.187124 0.446913 -0.790582 -0.679355 0.074412 0.530504 -0.417215 -0.006877 
1.314233 1.101473 0.532809 1.602937 0.923837 0.845976 0.799216 0.918889 0.129742 -0.008755 0.021521 -0.059619 
0.692959 1.627401 2.177763 2.319299 1.656283 -0.066388 -0.036809 0.340049 0.118694 -0.434198 -0.310534 0.049081 
0.876632 1.719931 1.057728 1.582685 1.294100 0.399037 0.350748 0.200492 -0.679035 0.232687 -0.181582 -0.029824 
0.870059 1.565699 1.563681 1.428834 2.224629 0.379884 0.296716 -0.715289 0.660596 -0.297848 -0.141210 -0.013247 
0.961778 2.010953 0.863686 1.945934 1.712010 -0.061865 1.102164 0.428521 -0.084585 -0.112454 -0.126031 -0.008901 
0.718381 1.108757 1.428987 1.357427 1.275807 1.706496 1.427165 -0.144667 0.118782 -0.137305 -0.285340 0.026431 
0.802081 1.260995 1.684627 1.513187 1.767952 0.822679 0.869173 -0.299360 0.134535 -0.162913 -0.120623 -0.020536 
0.828803 1.670656 1.196241 1.878709 1.509534 0.843752 0.690590 0.001089 -0.053077 -0.106996 -0.118381 -0.039602 
0.912198 1.247066 1.367889 1.908502 0.724326 1.188141 0.603636 0.350746 0.276390 0.156571 -0.043189 -0.093754 
0.726790 1.308247 1.230749 1.459965 1.584414 1.437695 0.581316 0.624726 0.065926 -0.070515 0.067106 -0.107118 
0.833551 1.406552 1.322869 1.347812 1.050458 1.137355 0.178085 0.542583 0.260587 0.316200 0.001605 -0.080144 
1.368572 1.176493 1.972198 2.113678 -0.082509 1.189840 0.180579 0.781697 0.730582 0.265875 -0.150720 0.041300 
2.007764 1.307400 0.743614 1.064602 2.280249 0.570844 -0.092689 0.229933 0.230847 0.162099 0.014127 0.000767 
1.958429 1.320614 1.139353 0.275530 0.819287 0.666058 -0.760646 0.434529 0.500810 0.295585 0.240642 -0.000316 
6.779437 2.160939 1.126218 0.455845 1.754394 0.144828 -0.255323 -0.166640 -0.128248 0.237270 0.161665 0.041534 
6.121800 2.955708 3.208198 1.227530 0.030898 0.931893 0.416517 1.226478 0.020109 0.411728 0.419306 0.090524 
5.521160 3.257325 3.863877 2.246350 2.367191 1.750760 -0.051117 0.696629 -0.145972 -0.176035 0.239772 0.064145 
3.529404 1.154762 1.131744 0.517872 2.367059 1.486104 0.832911 1.399357 0.637568 -0.160115 -0.123356 -0.013664 
3.088440 1.195141 1.363320 0.641805 1.409350 0.852830 0.879140 0.975990 0.164221 0.284099 0.140678 -0.033087 
3.118074 1.699579 1.777414 0.598794 1.414082 0.567195 1.115665 1.468404 0.589934 0.612005 0.354184 0.013366 
3.706768 0.694091 1.488606 0.332362 2.726203 1.395266 1.499070 1.931816 0.354098 0.339462 0.610326 0.089114 
3.481883 0.737914 1.346018 0.260052 2.697257 1.041691 1.289779 1.847590 0.430140 0.169074 0.129679 0.019320 
3.489556 0.459674 0.767635 -0.048520 1.493634 1.722540 1.108125 1.231048 0.132941 0.059678 0.290780 0.032708 
3.597576 0.540346 1.319464 -0.645187 0.933302 0.612846 0.767532 1.067759 -0.373248 0.480430 0.109787 -0.078771 
-1.#IND00 -1.#IND00 -1.#IND00 -1.#IND00 -1.#IND00 -1.#IND00 -1.#IND00 -1.#IND00 -1.#IND00 -1.#IND00 -1.#IND00 -1.#IND00 
-1.#IND00 -1.#IND00 -1.#IND00 -1.#IND00 -1.#IND00 -1.#IND00 -1.#IND00 -1.#IND00 -1.#IND00 -1.#IND00 -1.#IND00 -1.#IND00 
