0.049135 0.149734 -0.509856 -0.049121 -0.113689 -0.215314 0.056054 0.154065 -0.245433 0.148774 -0.019040 0.033233 
-0.056971 0.443456 0.066473 0.106488 -0.272804 0.765261 -0.183585 0.045810 0.274939 0.139665 0.064737 0.012914 
-0.079788 0.308318 0.067309 0.238817 -0.644050 -0.348480 -0.361238 -0.233605 0.622354 0.215195 0.005187 -0.089319 
0.285011 0.033092 0.219139 0.485279 0.191418 0.046875 0.645736 -0.606823 0.473296 0.393506 0.119309 0.092419 
0.191423 -0.196712 0.239684 -0.380982 0.177697 0.033930 0.202248 -0.373056 0.382148 0.082359 0.259587 0.023569 
-0.185656 0.218728 0.185787 0.059052 0.161501 0.268468 0.194870 0.196579 -0.285915 0.028835 -0.114439 0.098537 
0.020615 0.101770 -0.002597 -0.445336 0.167345 -0.018681 -0.281098 0.064305 -0.032865 0.282824 -0.159565 0.011962 
0.071550 -0.176038 -0.196966 0.403799 0.236456 0.133155 0.331964 0.124337 0.204581 -0.230977 0.318409 -0.041930 
3.136350 0.228226 1.158278 -0.418702 1.502565 0.403791 0.137971 0.497454 -0.095682 0.204485 0.136348 0.008061 
3.367253 0.470387 1.180895 -0.725820 1.290643 1.540082 0.908170 0.905404 0.661477 0.466229 0.301529 -0.010612 
3.187964 0.618209 1.000758 -0.338342 1.111555 0.560896 0.720183 1.318505 0.089020 0.262524 0.401561 -0.013079 
3.224172 0.687684 0.880509 -0.691224 1.813756 0.843807 0.534114 0.774532 0.226192 0.020516 0.241590 0.017848 
3.135647 0.409613 1.325781 -0.523704 0.846827 0.807721 1.113930 1.005888 0.429697 0.296821 0.199003 0.008994 
3.077539 0.835667 0.956004 0.256706 1.443226 1.454766 0.657939 0.849658 0.214544 0.432951 0.122295 0.000558 
3.185969 1.020410 1.203725 -0.679245 1.597390 0.910330 0.384621 0.927520 0.412451 0.307772 0.255024 0.004015 
3.127308 0.480390 0.947461 -0.574961 0.584574 0.230230 0.157693 1.115614 -0.253270 -0.113914 -0.105687 -0.012303 
3.194173 1.132642 0.716277 -0.710876 0.806530 -0.151303 0.311630 0.376767 -0.368800 0.529060 0.004276 -0.014917 
2.642017 0.881042 1.362835 -2.592538 2.328158 -0.923696 -0.275506 0.704531 -0.711623 0.324512 -0.062793 -0.004581 
0.642368 1.781924 1.830866 -1.951034 -0.229087 -0.648484 -0.658859 0.322729 -0.371151 0.558919 0.072786 0.094136 
0.105928 1.367124 1.748315 -1.917958 0.487444 0.116260 -0.500505 0.165394 -0.291297 0.326636 0.193974 0.276075 
0.355294 0.553378 1.892213 -2.957352 0.025887 -0.710505 -1.169356 0.631623 0.044022 -0.132744 0.058690 0.092328 
0.355765 0.897239 1.724914 -3.530995 0.235241 -0.515946 -1.701983 -0.187891 0.453170 -0.099970 0.007544 -0.031958 
0.312764 0.484607 1.232605 -2.461775 0.483637 -2.047741 -0.431275 0.445729 -0.706841 0.129565 0.211846 -0.113130 
0.999095 0.118233 0.800151 -2.779347 0.972068 -1.574524 -1.522032 -0.188415 -0.675219 0.207426 -0.317004 -0.029093 
1.112734 1.437969 1.645322 1.209372 0.835284 0.692517 0.668406 -0.360805 0.658468 0.547382 -0.202831 -0.023857 
1.064883 1.108785 1.254654 1.044526 1.611317 0.859169 1.135336 0.982766 -0.142846 -0.265311 0.009573 -0.047668 
0.861046 1.768511 1.726488 1.514680 1.610233 0.485648 0.672764 -0.261050 -0.385883 -0.094584 -0.128462 -0.021970 
0.862059 1.091175 1.568694 2.034511 1.522615 0.529009 0.562941 -0.149768 -0.384296 -0.188166 -0.143466 -0.006017 
1.212610 1.321641 1.712196 1.825787 1.134045 0.891752 0.116706 0.442162 -0.472405 -0.394449 -0.167565 0.017474 
1.333567 1.484146 1.331833 1.350318 0.475861 1.028737 0.561693 -0.199248 0.214684 0.036063 -0.353657 0.019725 
1.179219 1.689073 1.675355 1.289880 0.985420 0.751147 0.865603 0.227257 0.136573 -0.085503 0.083663 -0.077134 
0.712679 1.296596 2.149164 1.649497 1.777162 0.588988 0.470800 0.896269 0.337908 0.000034 -0.286868 0.004709 
0.636660 1.360762 1.723453 2.108570 1.397619 1.286368 0.373797 0.609735 0.263095 -0.043168 -0.048636 -0.050513 
0.692711 1.125097 1.502278 2.132465 1.415703 0.904540 0.893301 0.690574 0.094000 -0.279151 -0.063322 -0.014337 
0.663269 1.454864 1.607425 2.123606 0.895401 1.429683 0.275214 0.595915 -0.022336 -0.377289 -0.028374 0.000403 
1.146632 1.088997 1.628002 1.335163 0.840281 1.134462 0.591244 0.181236 0.370815 -0.239718 -0.016106 -0.064608 
0.669598 1.083322 1.313731 1.327048 1.646553 1.813191 0.988902 0.572350 0.410485 0.156765 -0.268357 -0.010948 
1.087469 1.017351 1.236848 1.963493 1.615536 0.686060 1.358376 0.583303 0.184931 0.057628 0.136236 -0.032190 
1.320713 1.695467 1.693772 1.401728 0.116456 -0.023519 -0.456060 -0.352564 -0.489938 0.409211 -0.108585 0.070040 
1.599542 1.099324 1.290035 0.004546 -0.588859 -1.210014 0.594887 0.500363 0.754058 0.137651 0.100259 0.125932 
3.926181 1.306115 1.257285 0.161466 0.141898 0.169330 0.354735 0.914645 0.389893 -0.158827 0.143242 0.051466 
3.817712 0.625024 1.512999 0.082297 0.117588 0.999302 0.647659 -0.242668 -0.245763 0.359553 0.235671 0.037711 
6.166901 2.887397 1.408617 -0.929916 0.815545 0.943169 1.019684 0.633996 0.757600 -0.026304 0.059775 0.073962 
4.066549 2.567401 2.505956 0.731085 1.784460 0.815756 0.343953 0.978045 0.369498 0.491790 0.489479 0.089369 
3.191592 1.140128 0.846836 0.568608 0.778014 0.579824 0.412550 0.868166 0.389944 0.135921 0.015602 -0.031724 
3.254272 0.804097 1.325785 -0.645553 1.795790 1.094651 0.837418 0.664870 0.527247 0.398525 0.084149 -0.007486 
3.373710 1.003695 1.268988 0.286242 1.059108 0.737004 0.757796 1.056561 0.326884 0.298943 0.272393 0.017502 
3.392116 0.813676 1.482671 0.265295 0.541387 0.762960 0.631265 0.815380 0.164120 0.316209 0.151565 -0.011968 
-1.#IND00 -1.#IND00 -1.#IND00 -1.#IND00 -1.#IND00 -1.#IND00 -1.#IND00 -1.#IND00 -1.#IND00 -1.#IND00 -1.#IND00 -1.#IND00 
-1.#IND00 -1.#IND00 -1.#IND00 -1.#IND00 -1.#IND00 -1.#IND00 -1.#IND00 -1.#IND00 -1.#IND00 -1.#IND00 -1.#IND00 -1.#IND00 
