0.190001 -0.197437 0.240043 -0.381670 0.174979 0.031336 0.199114 -0.373164 0.379972 0.080585 0.258118 0.022644 
-0.180580 0.229872 0.196243 0.069571 0.175406 0.281527 0.213021 0.211720 -0.271282 0.038003 -0.107040 0.100757 
0.017462 0.095795 -0.008046 -0.456250 0.154964 -0.028676 -0.289823 0.053159 -0.041562 0.278755 -0.162271 0.010971 
3.504046 0.190686 0.658004 -0.365837 0.495870 -0.170947 0.551140 0.935175 0.407090 -0.058412 -0.029696 -0.010591 
2.965607 -0.164062 0.658420 -0.551589 0.930182 -0.008772 0.599775 0.947501 0.056920 0.087617 0.040783 0.014440 
3.451505 0.170492 0.627032 -0.192164 1.033425 0.961761 0.582646 0.745475 0.228059 -0.222431 0.092552 0.022377 
3.426141 0.664881 0.895603 -0.636950 1.026703 0.904628 0.575526 1.204336 0.248554 0.011646 0.090382 0.008216 
3.179603 0.370757 0.678117 -0.649139 0.551129 0.876651 0.780719 1.099114 0.059244 0.297087 0.117821 -0.035169 
3.331467 0.230121 0.855100 -0.427228 1.205969 0.686557 0.664380 1.361044 0.452864 0.041244 0.281528 0.004680 
3.384766 0.753006 1.088199 -0.708862 0.913612 0.347663 1.491776 0.972209 0.499216 0.317700 0.091708 0.016219 
3.438080 0.322125 1.045493 -0.252482 1.063036 0.842465 1.110855 0.964310 0.324880 0.308494 0.079902 -0.016847 
3.138133 1.017180 1.049995 -0.341289 0.482909 0.762123 0.095847 0.928209 0.534557 0.096872 0.164216 0.016520 
3.088369 0.415071 0.952660 -0.259033 1.280576 0.748525 1.365752 1.138791 0.198674 0.136785 -0.099958 -0.017483 
3.279347 0.182443 0.497591 -1.102912 0.561215 0.903980 0.094290 0.564684 0.352587 -0.341865 0.105420 0.068815 
3.189954 0.389684 0.803712 -1.035882 1.587648 1.706958 0.548808 1.029979 -0.059635 0.083918 0.013380 -0.034737 
3.327457 0.220086 1.589206 -0.871843 1.003077 0.991134 0.110208 0.781047 0.533176 0.152554 0.092482 0.002812 
2.911136 0.222494 1.298688 -1.167942 0.919804 -0.093890 0.433357 0.283180 0.374178 0.190247 0.008389 0.054573 
3.244404 0.773807 1.043937 -1.153715 1.392566 -0.819254 0.474667 -0.607696 0.007239 0.295390 -0.118565 0.086470 
2.727009 1.314976 1.561198 -1.283343 1.688783 -2.642762 1.366060 0.340013 0.141651 0.515536 -0.217135 0.175812 
2.163580 1.149247 1.594321 -2.482466 3.838911 -1.130896 0.423802 0.857841 -0.023178 0.308300 -0.137483 0.074901 
0.127306 0.316620 1.309625 -0.406525 2.825515 -1.199313 -1.268390 0.134108 -0.091579 1.660642 0.129186 0.072073 
0.411480 1.352963 1.075370 -2.208567 2.313901 -1.580718 0.009815 0.724405 -0.491212 0.702446 0.231670 0.105478 
-0.042484 0.779957 1.279831 -2.242291 1.855105 -2.488829 -0.166731 0.967144 -0.505977 0.616684 0.114962 -0.000649 
-0.242206 0.005250 1.198118 -2.267021 1.021634 -1.532186 -0.402421 0.207511 -0.950997 0.004491 0.260638 0.027416 
1.275074 0.953384 0.963054 1.117878 2.225538 -1.600609 0.809501 -1.016181 -1.018463 0.174548 0.349810 0.019563 
0.899342 1.450211 2.158052 0.829440 1.866592 1.017329 0.250218 -0.282902 -0.169652 0.545801 -0.255080 -0.031852 
1.520485 0.975310 1.065860 1.775051 0.845885 0.809099 0.723649 -0.269980 0.272139 -0.263634 -0.254446 -0.005809 
0.791036 1.203221 2.004326 1.030302 2.435867 0.793642 -0.264038 -0.233833 0.053693 -0.080840 -0.134951 -0.077334 
1.205293 0.821108 2.330141 1.240871 1.061867 0.951723 0.125006 -0.183316 -0.062453 0.274753 -0.050638 -0.110989 
1.369754 0.760624 1.287428 1.698726 1.215767 1.397486 -0.167950 0.448263 -0.089442 0.065635 -0.067920 -0.048511 
1.000345 0.906019 1.850477 1.954555 1.442837 0.669236 0.408844 -0.035430 -0.281184 -0.085138 -0.000304 -0.033871 
0.833246 0.889176 2.067935 1.871756 0.758747 0.666094 0.970326 0.064123 0.410344 -0.266138 -0.033656 -0.056371 
0.592768 1.520304 1.587533 2.134393 0.867483 1.682423 0.142770 0.427343 -0.025674 -0.098002 0.007957 -0.040720 
1.079301 1.182593 1.428227 0.446341 1.375368 1.230154 0.501943 0.757044 0.002954 0.090201 -0.069051 -0.049168 
1.295108 0.799692 1.807464 1.533931 0.885208 0.250676 0.837630 1.251954 -0.229064 0.069786 0.008858 -0.092486 
1.258401 1.167653 2.408340 1.278839 0.362041 0.409145 -0.391110 -0.371036 -0.268503 -0.062748 -0.100029 -0.005531 
2.284504 1.331925 1.332036 0.775183 0.496157 0.695695 -0.191486 0.028291 0.252270 -0.158550 0.120894 -0.012087 
3.301141 1.229791 0.540240 1.042406 -0.304264 0.241563 -0.017544 -0.011842 0.211781 -0.125357 0.041855 0.036277 
4.080715 1.025677 0.468102 0.868105 0.886284 1.309285 0.921880 -0.133076 0.165367 0.730532 0.334050 0.022939 
3.593958 1.861787 1.178520 1.042043 0.562290 -0.041931 -0.082689 0.161972 0.341537 0.251424 0.306045 0.071907 
4.687778 3.235136 3.055368 0.780823 0.557108 -0.447691 0.120187 0.274371 -0.078041 0.205080 0.298172 0.089199 
5.225177 3.160444 3.141820 2.761249 2.437382 1.021503 0.392552 0.723285 -0.027354 0.134262 0.238538 0.078755 
4.028609 1.437802 2.278238 0.570302 1.138189 1.754057 1.183825 1.071713 0.826572 0.515032 0.226103 0.034686 
3.807267 0.882239 1.871252 0.138181 2.176544 1.717221 1.417590 1.553256 0.884262 0.305731 -0.044612 -0.021748 
3.804800 1.002932 1.273747 0.031279 1.998961 1.231874 0.846895 1.559564 0.514031 0.442969 0.218217 -0.001931 
3.717032 0.812781 1.367171 -0.036531 1.477851 1.091611 1.008572 0.902283 0.552148 0.262676 0.290384 0.035324 
3.351030 0.900551 1.364012 0.232989 1.703300 0.403053 0.817369 1.095302 0.522256 0.516898 0.219742 0.002400 
3.457972 0.608085 1.967404 -0.076488 2.170026 0.895809 0.944010 1.162597 0.282575 0.240656 0.272190 0.036128 
-1.#IND00 -1.#IND00 -1.#IND00 -1.#IND00 -1.#IND00 -1.#IND00 -1.#IND00 -1.#IND00 -1.#IND00 -1.#IND00 -1.#IND00 -1.#IND00 
-1.#IND00 -1.#IND00 -1.#IND00 -1.#IND00 -1.#IND00 -1.#IND00 -1.#IND00 -1.#IND00 -1.#IND00 -1.#IND00 -1.#IND00 -1.#IND00 
