3.083661 0.562834 1.171194 -0.547883 0.850004 1.891576 0.654255 0.837649 0.496963 -0.012369 0.129691 0.028318 
2.932387 0.222219 1.365671 -0.700477 1.794157 0.523295 0.370215 0.296655 -0.014179 -0.002219 0.384922 0.089024 
3.075079 0.171607 1.104791 -0.369094 1.252466 0.991606 1.491967 1.018434 0.503222 0.380890 0.335037 -0.005735 
2.923331 0.065910 0.734462 -0.874729 0.716924 0.489179 0.290467 0.587374 -0.285220 0.121414 0.144979 0.006920 
3.194746 0.241742 0.591645 0.202631 1.200258 0.918097 0.825563 1.193285 0.465775 -0.008591 -0.138754 0.012686 
3.296290 0.065989 -0.057636 -0.206978 1.476408 0.986724 1.157006 0.551829 0.496009 0.404574 0.035670 -0.060330 
3.464009 0.377317 0.870265 0.039152 2.109049 1.725754 1.024565 0.761144 1.150148 0.536531 0.033626 -0.029347 
3.250376 0.588691 1.414402 -0.864627 1.660563 1.335442 1.251184 0.699070 -0.002194 0.123319 0.082925 0.046865 
3.322229 0.585501 1.145004 -0.068232 1.055508 1.078308 0.292205 0.688613 0.239599 0.577663 0.055616 -0.027153 
3.348565 0.497316 1.376237 -0.332759 1.306756 0.937271 0.781069 0.905820 0.072257 0.097820 0.233752 0.003056 
3.529878 0.749541 0.538296 -0.767451 1.696370 0.968615 1.136945 1.329171 0.160863 0.213130 0.092872 -0.000795 
3.479390 0.918725 1.094777 -0.458378 1.114242 1.806590 0.910763 1.011372 0.188448 0.582108 0.052784 -0.054873 
3.230465 0.568506 1.126875 -0.640897 0.860325 0.705641 0.396386 0.939044 0.192631 0.385017 0.163740 -0.018480 
3.353266 0.593949 1.171419 -0.857352 1.358111 0.885059 0.504698 0.012534 0.541529 0.161340 0.185659 0.067050 
3.563888 0.863678 1.399776 -1.215047 0.815711 -0.379030 0.536493 0.327590 0.048175 -0.102861 0.058276 0.116996 
3.058855 2.129821 -0.232597 -1.324248 1.195512 -1.729359 0.391652 -0.910700 0.119124 0.234300 -0.187553 0.097253 
1.216902 1.925825 -0.360831 -2.368660 0.033124 -2.455111 -1.116452 0.450433 0.121855 0.332839 -0.256567 0.171040 
0.045788 1.153476 0.878899 -1.552770 1.470965 -2.377670 -0.365066 -0.265754 -0.661956 0.785004 0.026615 0.132771 
0.162696 1.161545 0.588451 -2.315081 0.995976 -1.812087 -0.199996 0.240811 -0.735139 -0.000533 -0.184636 0.119956 
-0.003706 0.530755 0.342300 -2.847124 -0.048106 -2.337221 -0.227688 0.129042 -0.676577 0.068005 -0.142546 0.111623 
0.749572 0.958524 1.243817 -0.845295 0.647718 -1.986433 0.057313 -0.745799 -0.661858 0.098604 -0.210507 0.109438 
1.408398 0.851618 1.863800 -0.355295 2.274868 2.019304 0.158129 0.850750 0.054619 0.329594 -0.217535 -0.036611 
1.131834 0.871620 1.050465 1.486906 2.247178 0.859766 0.452930 0.810085 -0.126692 -0.141940 -0.252001 0.002767 
0.919394 1.396184 1.686667 0.920173 2.129344 0.689313 -0.134273 0.086706 -0.306613 -0.177677 -0.200353 -0.039693 
0.911021 1.670960 1.648258 1.698644 1.437678 -0.074452 0.114424 0.461647 0.127955 -0.175996 -0.351105 0.029425 
1.156200 0.911669 1.340826 1.063243 2.189483 0.562969 1.322224 0.276063 0.209155 0.095221 -0.214385 -0.040902 
0.924548 1.504877 1.513223 1.405826 1.330462 0.945593 0.231509 0.355471 -0.269378 -0.084163 -0.101725 -0.061188 
0.946855 1.210961 1.281350 1.135390 0.333322 1.270836 1.271020 0.970763 0.245508 -0.348266 -0.159094 -0.099946 
0.781549 1.314470 1.776055 1.218916 1.509808 1.303776 0.429157 0.064862 -0.015638 -0.131495 0.002891 -0.070952 
0.814635 1.280150 1.290249 1.851490 1.707349 0.700399 0.462386 0.259428 -0.217236 -0.136227 0.013262 -0.101746 
0.673914 0.845186 1.968112 1.713459 1.486016 0.852856 1.207014 0.240811 0.356487 0.063538 -0.057921 -0.092841 
0.932244 0.826940 1.689322 0.923063 1.260405 1.584991 1.131414 0.551244 0.342001 -0.268554 0.146152 -0.055010 
0.976285 1.407292 1.703635 1.237484 1.516874 -0.775014 0.101554 -1.359757 -0.376439 -0.811858 -0.003058 0.061480 
1.646988 1.878979 1.023576 0.369346 0.189903 0.112034 -0.806579 -0.689753 -0.068837 0.510658 0.198578 0.042142 
3.667395 0.189733 1.046220 0.930213 1.221972 -0.739438 1.316115 0.309684 0.014654 0.438838 -0.112045 -0.008938 
4.418542 0.582526 1.350507 1.163971 0.451854 0.463418 0.118766 0.409031 -0.057817 0.340399 0.156747 -0.005452 
3.178922 0.415525 1.388272 1.607503 -0.385673 -0.252425 -0.630617 -0.218680 0.064255 0.694262 0.272834 0.067199 
4.250801 2.450468 1.095823 0.984126 1.044181 0.464508 -0.222302 -0.445538 0.005658 0.043561 0.342303 0.102319 
4.941505 1.883513 2.013528 1.199136 1.631864 0.933089 0.922660 0.440622 -0.007526 0.134783 0.155446 0.050225 
5.293427 2.685590 4.143514 1.811468 2.669622 0.638475 2.424489 1.169677 -0.042001 0.553300 -0.025929 -0.011816 
4.334019 1.844455 2.759424 0.673899 1.522250 1.294833 0.356500 0.945347 0.326166 0.321910 0.329538 0.040914 
3.655929 1.122897 1.258401 0.364508 1.709730 1.604718 1.439304 0.986520 0.249634 0.104196 0.158969 0.011317 
3.309537 0.737052 1.378219 0.181194 1.368558 1.229920 0.586318 0.752573 -0.193804 -0.249507 0.246794 0.010913 
3.419140 0.908705 0.940387 0.221363 1.672245 1.445001 1.484602 1.249089 0.432322 0.253624 0.197684 0.018203 
3.524329 0.531848 0.886719 -0.735336 0.934972 0.898109 0.901943 0.325644 0.609769 0.516115 0.217540 0.031982 
3.409546 0.542112 1.361927 -0.823202 1.148640 0.875463 1.195255 1.090950 0.542953 0.028205 0.130422 0.021092 
3.213340 0.238355 0.433082 0.016958 1.126703 1.173747 1.049586 1.074800 0.246113 0.145610 -0.015293 -0.014298 
2.932515 0.499973 0.702936 -0.201118 0.415075 0.400179 -0.024551 0.595446 0.464255 -0.303253 0.247675 0.073679 
-1.#IND00 -1.#IND00 -1.#IND00 -1.#IND00 -1.#IND00 -1.#IND00 -1.#IND00 -1.#IND00 -1.#IND00 -1.#IND00 -1.#IND00 -1.#IND00 
-1.#IND00 -1.#IND00 -1.#IND00 -1.#IND00 -1.#IND00 -1.#IND00 -1.#IND00 -1.#IND00 -1.#IND00 -1.#IND00 -1.#IND00 -1.#IND00 
