3.081395 0.610899 0.989796 -0.628435 0.984557 1.321996 0.576950 1.012787 0.532686 -0.272283 0.225476 0.032533 
3.336442 0.993298 1.095058 -0.183366 1.487270 1.287028 1.022377 1.184351 0.236155 0.152158 0.231994 0.014232 
3.418219 0.844597 0.807728 0.174778 0.799596 0.558821 1.211603 0.621064 0.255668 0.566036 0.106042 -0.004251 
3.328766 0.453623 1.045139 -0.326305 1.115500 0.798927 0.449129 1.263404 -0.203570 -0.027140 0.184267 0.025604 
3.332945 0.144741 1.375315 -0.083290 1.271618 1.554995 1.097723 1.110461 0.736213 0.113587 0.248692 0.029334 
3.547584 0.668981 1.546342 -0.320632 1.376654 1.023744 1.069799 1.268560 0.819040 -0.043789 0.169732 0.048188 
3.420006 0.301342 1.334131 0.002142 1.636234 1.457364 2.099961 1.204099 0.350763 0.098192 0.238352 0.047513 
3.298581 0.357457 1.031628 -0.569121 1.396136 1.348797 0.672692 0.871674 0.242955 0.222601 0.101812 -0.022018 
3.550214 0.766633 0.864992 0.383765 1.104246 1.254802 0.833639 0.744261 0.566043 0.391424 0.300848 0.015367 
3.378754 0.834739 1.640042 -0.513482 0.166153 0.887429 0.949831 0.736790 0.205265 0.467125 0.069868 -0.045762 
3.483216 0.618710 1.302067 0.425756 1.873215 0.587102 0.938220 1.212415 0.599253 0.127774 0.187606 0.029463 
3.453743 0.594796 1.384938 -0.478356 2.111265 0.905059 1.249069 0.466052 0.259440 0.375189 0.057687 0.019026 
3.657639 1.036312 1.503991 -0.094258 1.009168 0.408993 0.785393 0.203862 -0.137517 0.474729 0.341210 0.063408 
2.962344 1.865546 0.353979 -1.191843 2.399023 -1.573619 1.385672 -0.312553 0.365146 0.188151 -0.273071 0.125821 
0.986567 0.680499 -0.609414 -0.755189 1.087366 -0.399160 -0.340218 2.427931 -0.025626 0.911372 0.016332 -0.107232 
0.562179 1.292693 1.813088 -2.558886 0.818492 -0.551875 -1.603818 1.824345 -0.594289 0.432283 0.242861 0.122781 
-0.800790 0.111877 2.325493 -1.765588 3.147098 1.321656 -0.562779 1.989839 -0.460026 -0.066952 0.394119 0.129238 
-0.164651 0.356796 3.036745 -2.655356 0.580231 -1.036553 -0.821226 1.600698 -0.226191 0.248687 0.609223 0.241230 
0.508842 0.505026 1.232701 -3.110253 0.982638 -1.370159 -1.705276 1.001588 0.023848 0.120280 0.260912 0.041881 
-0.135602 0.044180 0.554511 -2.476995 0.448709 -1.639291 -1.475881 1.383260 -0.364716 0.148808 0.111276 -0.094943 
0.125660 0.267899 0.741763 -2.193252 1.335013 -1.551885 -1.234103 0.282804 -0.872888 0.125063 -0.262730 -0.081834 
0.908593 1.246113 1.815045 2.105921 0.551971 0.898987 0.660802 -0.058018 0.474937 -0.106117 0.113939 -0.081600 
0.918002 1.298965 1.962633 0.910163 1.778000 1.361286 0.301514 -0.171422 -0.303191 -0.096545 -0.034013 -0.044934 
0.665422 1.139966 2.675237 0.729554 2.308731 1.060321 0.148617 -0.092434 -0.069300 -0.274864 -0.363707 0.067121 
0.986209 1.327812 1.739974 0.813431 1.689556 0.779874 0.522600 0.464991 0.096873 0.028638 -0.337462 -0.005050 
0.817898 1.512862 1.179876 1.364994 0.714841 1.333722 0.371412 0.460702 0.057461 0.004673 -0.037675 -0.091070 
1.067669 1.194104 0.641631 0.921350 1.676946 1.245730 1.074001 -0.074009 0.321578 0.153848 -0.267063 -0.082683 
0.868546 1.761577 1.789202 1.166886 1.419078 0.646465 0.085841 0.097560 0.499853 -0.469138 -0.205304 -0.014322 
1.218984 0.785531 1.577172 1.741262 1.414145 0.319964 0.815144 0.102559 -0.268435 -0.102456 -0.203360 -0.024619 
1.297964 1.398871 1.016500 1.478160 1.074268 -0.107298 0.889235 0.668170 0.366909 0.224949 -0.081010 -0.074554 
0.837353 1.613199 1.029488 1.739340 0.976264 2.048417 0.186147 0.080741 0.119960 0.217100 -0.012533 -0.042855 
1.035859 1.944155 1.539783 0.924835 1.509351 0.477298 0.051664 0.407037 -0.380632 -0.213374 -0.061367 0.009420 
1.757826 1.513397 2.124818 0.211113 0.588998 -0.284201 0.327859 0.247421 0.033519 -0.073438 -0.104481 0.038539 
1.360331 1.353268 1.004258 2.087342 1.608355 0.042504 -0.501246 0.486836 0.121923 0.096557 0.033264 0.022624 
2.265988 1.226096 1.040873 0.694211 1.526594 -0.973170 0.513329 -0.129517 0.147887 0.008874 -0.023333 0.044753 
2.230125 1.385277 0.415285 0.760172 0.454964 0.581675 0.962423 0.355415 0.601987 0.314474 -0.044839 -0.015668 
5.520804 -0.033670 0.543553 0.970145 0.080813 -0.013559 -0.178011 0.356107 0.494503 0.127273 0.075751 0.074500 
3.109649 1.672227 0.636518 0.114136 -0.033490 -0.183380 -0.339647 -0.236773 0.132179 0.633125 0.129919 0.100590 
4.004659 1.305588 1.578007 0.343200 1.661719 0.818559 1.304007 0.687726 0.195216 0.193423 0.069808 0.022816 
3.881144 0.949293 2.089635 0.020709 2.247844 2.291385 0.637096 1.315049 0.701015 0.224604 0.346629 0.038885 
3.791350 1.075158 1.911403 0.455203 1.451571 1.489764 0.948483 1.944760 0.784964 0.297277 0.220693 -0.004141 
3.475184 0.692475 1.137055 0.166807 1.243760 0.628382 0.432403 0.265534 -0.150306 0.038416 -0.015160 0.016026 
3.115946 0.301098 0.701571 -0.672454 1.164620 0.464434 0.717053 0.660057 0.491513 0.293343 0.077739 0.014822 
3.408932 0.279345 0.953507 -0.835654 1.733171 1.587390 1.235300 0.844075 0.393488 0.019257 0.080555 0.033755 
3.256838 0.013415 1.157290 -0.248880 0.705789 0.745011 0.788523 0.764465 -0.186707 0.146341 -0.143909 -0.006326 
3.327093 0.331345 0.600634 -0.378938 1.591391 0.436246 0.036884 0.872983 0.225876 0.584584 0.173705 -0.055547 
3.275754 0.179742 0.814258 0.336247 1.221687 1.270042 0.851986 0.680851 -0.101006 0.150372 0.076791 0.029394 
2.805522 0.096467 1.285556 -0.028910 1.053746 0.533881 0.355438 0.417690 0.472467 0.280850 0.312011 0.055012 
-1.#IND00 -1.#IND00 -1.#IND00 -1.#IND00 -1.#IND00 -1.#IND00 -1.#IND00 -1.#IND00 -1.#IND00 -1.#IND00 -1.#IND00 -1.#IND00 
-1.#IND00 -1.#IND00 -1.#IND00 -1.#IND00 -1.#IND00 -1.#IND00 -1.#IND00 -1.#IND00 -1.#IND00 -1.#IND00 -1.#IND00 -1.#IND00 
