3.356809 0.230882 1.192170 0.135020 0.683253 1.559372 0.844702 1.101311 0.624347 0.329552 0.040053 -0.029743 
3.537314 0.473230 1.062074 -0.777862 0.870227 1.199112 0.700881 0.917579 -0.016939 0.117248 0.163380 0.009346 
3.211639 0.518689 0.529768 -1.027588 0.348452 1.074761 0.375043 0.893838 -0.021785 -0.094004 0.185873 0.029073 
3.391705 0.777488 0.715900 -0.174135 1.211755 0.512657 0.864089 0.731000 0.265255 -0.043936 -0.134000 0.009871 
3.320665 0.054106 0.745589 -1.576146 1.026096 0.705524 0.967783 0.988508 0.252741 -0.113110 0.149628 0.054920 
2.962695 0.492768 0.784313 -0.227734 1.330341 0.384723 0.744347 0.646205 0.029226 0.069259 0.111813 0.001392 
3.375043 0.787828 0.772928 -0.533470 1.156052 1.221186 1.208636 0.741005 0.143860 -0.018353 0.287074 0.075952 
3.337995 0.831999 1.274645 -0.199181 1.480905 1.671739 1.007237 1.010998 0.530057 0.058687 0.187344 0.024981 
3.496524 0.433112 0.796728 -0.352766 0.446374 0.127405 0.611627 -0.134677 0.014288 0.028269 0.182074 0.027108 
3.505576 0.831668 1.309851 -0.564192 1.185061 0.796197 0.050195 0.728513 0.278672 -0.033872 0.128869 0.012966 
3.498344 0.887837 0.843203 0.316267 1.566545 0.478748 1.402728 0.697904 -0.018787 0.602681 0.308747 0.026069 
3.153155 0.551289 0.739765 0.625191 1.530579 0.974894 1.260061 1.516487 0.372338 0.077623 0.047548 0.009040 
3.424269 0.676637 0.763561 -1.335309 1.440463 0.355133 0.658123 0.756535 0.331123 0.050406 0.015966 0.019662 
3.500715 0.841572 1.559127 -0.353142 1.278396 1.520841 0.340476 1.090918 0.653988 0.249960 0.164506 -0.029112 
3.473026 0.428818 0.217185 -0.320125 0.696473 0.649431 0.256290 0.472100 0.006765 -0.141429 -0.128212 0.001789 
3.331794 -0.343705 0.246501 -0.721098 1.570551 -0.716818 -0.385670 -0.185253 0.401404 0.186713 -0.073168 0.072598 
1.472611 0.093041 1.399496 -1.774830 1.075479 -1.044078 -0.317595 -0.568155 1.201234 0.167108 0.183688 0.222325 
1.826615 -0.147568 0.397725 0.112685 0.935624 -1.160956 0.506928 -0.097891 -0.016889 0.214014 -0.179965 0.062514 
1.993123 -0.007502 1.024310 -0.175574 0.066049 -0.764976 0.373098 0.050454 -0.714637 -0.171692 -0.126584 0.019374 
1.910149 -0.218778 -0.186984 -0.710054 -1.126141 -2.011690 -0.114677 -0.313389 -0.795821 0.201646 0.026760 0.003717 
1.826191 0.658834 -0.022226 -0.566723 -0.532166 -1.647791 -0.959986 -0.610822 -0.307589 -0.119187 -0.096947 0.005067 
2.023656 0.552546 0.350387 -0.108211 -0.903328 -1.006830 -0.272342 -1.172542 -0.130876 -0.446424 0.009907 -0.007962 
2.006085 0.647952 0.590855 2.191396 1.847954 0.004818 -1.014428 -0.441596 -0.884987 -0.764682 0.311162 -0.037331 
1.250666 1.285146 1.414704 1.651350 0.634944 -0.151956 -0.654719 -0.533998 -0.938336 -0.007255 -0.436677 -0.008510 
0.936677 1.652376 1.296954 0.861694 0.589572 -0.508386 -0.658177 -1.090961 -0.596383 -0.724381 -0.103851 -0.036728 
1.350850 1.160031 1.397415 0.344476 0.194118 -0.819183 0.006618 -0.548464 -0.872251 -0.456341 -0.055106 -0.073223 
1.538214 1.745495 0.447920 1.001437 0.006859 -0.631622 -0.635288 -0.385266 0.264126 -0.033692 -0.265690 -0.005259 
1.281003 1.618239 0.842037 0.560732 0.299428 0.315663 -0.373856 0.085097 0.029426 0.295307 -0.181714 -0.049575 
0.780063 0.896696 0.663504 1.139178 0.924565 1.826888 0.827787 0.850178 0.757930 0.358335 -0.026701 -0.127976 
1.075764 0.692541 0.860442 1.142469 1.199425 1.011889 1.491777 0.868480 1.361590 0.067783 -0.266343 -0.069033 
1.069972 0.627287 0.822959 2.483724 0.927913 1.534833 0.692813 1.127242 0.937181 0.173812 0.120596 -0.085399 
0.799700 0.819724 1.373536 0.942663 1.610941 1.375761 2.059562 0.860328 0.603825 0.282666 -0.147933 -0.023684 
0.929129 1.087797 1.028283 0.887169 1.108278 1.124610 1.574105 1.241967 0.274186 0.401093 0.034701 -0.106100 
0.855157 1.239439 0.937265 1.895020 1.264365 1.215473 1.470313 0.501889 0.759362 0.266051 0.096112 -0.110794 
1.016895 2.014073 0.766989 2.240575 1.693341 -0.517766 0.822996 1.012911 0.563112 0.450950 0.564167 -0.141969 
5.360582 0.022005 1.105450 1.296711 0.898184 0.658347 1.714068 -0.955729 0.493008 0.410281 -0.031501 0.036278 
5.559856 3.220187 0.326503 -0.312728 0.936757 1.363266 0.687011 0.146225 -0.065057 -0.318657 0.019007 0.038271 
5.484979 3.064285 0.487292 0.238241 1.131769 1.185642 0.450117 -0.038256 0.070293 0.130017 0.274481 0.104127 
3.942533 3.243235 2.111441 0.999547 0.415703 0.340772 0.495865 0.590549 0.480547 0.255945 0.019796 0.003833 
3.017560 2.585128 2.346812 1.973053 1.420407 0.966919 0.581840 0.320136 0.253623 0.250882 0.251916 0.031473 
3.588644 3.192145 3.011166 2.747052 2.138918 1.639607 1.191188 0.577848 0.471113 0.367809 0.204132 0.052186 
2.825574 2.311664 2.166756 1.961722 1.890548 1.553234 1.239196 1.020457 0.751216 0.531162 0.207274 0.066466 
4.143311 2.919504 2.879847 2.523544 2.448425 1.376680 1.636729 1.714704 0.413079 0.322742 0.189426 0.066674 
3.562904 1.600207 1.629126 1.376730 1.760264 2.060343 1.797069 1.532155 0.555209 0.322802 0.377171 0.083949 
3.467356 1.018718 0.578791 -0.052154 1.635747 1.944468 1.244584 0.869108 0.405001 0.265484 0.110923 0.017125 
3.219001 0.841073 0.944621 -0.497620 0.931020 0.381854 0.948141 1.609528 -0.202643 0.288825 0.293890 0.044985 
3.527324 0.590151 1.098583 -0.428682 1.453511 1.324228 0.859998 1.080299 0.592420 0.408240 0.171758 -0.007665 
2.867925 0.838043 1.220740 -0.443554 1.759120 1.770109 1.064154 1.159470 0.382691 0.529347 0.143360 -0.024241 
-1.#IND00 -1.#IND00 -1.#IND00 -1.#IND00 -1.#IND00 -1.#IND00 -1.#IND00 -1.#IND00 -1.#IND00 -1.#IND00 -1.#IND00 -1.#IND00 
-1.#IND00 -1.#IND00 -1.#IND00 -1.#IND00 -1.#IND00 -1.#IND00 -1.#IND00 -1.#IND00 -1.#IND00 -1.#IND00 -1.#IND00 -1.#IND00 
