4.018236 0.708976 1.134982 -0.820526 0.833303 0.176309 -0.314964 0.565333 0.141345 -0.026713 0.091708 0.016671 
3.866581 0.927723 1.773492 -0.159153 0.510009 0.682435 -0.366462 -0.392931 -0.142011 0.955920 0.316886 0.009230 
3.994922 1.064050 1.069665 -0.218778 1.392809 0.224177 0.138888 1.076317 0.160161 0.317833 0.199281 0.016947 
3.675423 0.557407 0.985335 0.012304 1.334789 0.021537 -0.140711 0.588372 0.651952 0.010067 -0.064892 0.015504 
3.532878 0.995579 1.342726 -0.691835 0.486525 -0.071948 0.208567 0.021908 0.048282 -0.168706 -0.135259 0.034207 
3.676294 1.063961 1.286439 -0.122958 0.544326 0.673832 0.475850 0.365113 0.255940 0.043776 0.055563 0.019859 
3.442243 0.579900 1.249870 -0.721850 0.311732 0.030896 -0.023335 0.760636 -0.076246 -0.128218 0.053395 -0.006156 
3.876131 0.431136 1.312575 -0.555706 0.026874 0.096514 -0.668938 -0.023114 0.147189 0.281849 0.122467 -0.006251 
3.725542 0.702520 1.048935 -0.305448 1.071867 0.199001 0.177306 0.038661 0.289505 0.444431 0.257467 0.063466 
3.987873 0.559914 0.850473 -0.745311 0.448122 0.090951 0.312949 0.624111 -0.042909 0.526889 0.269832 0.048945 
3.896219 0.831655 1.812783 -0.485223 0.659467 0.212875 0.497696 -0.061083 0.506957 0.298561 0.221284 0.095434 
3.496846 0.704007 1.169081 -1.190574 -0.015777 -0.007176 -0.103210 0.899845 0.171431 0.076049 0.113597 0.008706 
3.616309 0.702694 1.024298 -0.210036 0.905258 0.561449 0.618083 0.382541 0.250676 0.226798 0.195491 0.044991 
3.619546 0.826762 1.081478 -0.438406 1.397871 1.194536 1.027735 1.004777 0.414072 0.210547 0.034950 0.007746 
3.394013 0.888717 0.854871 -0.313109 0.761861 1.267214 1.033267 1.161544 0.534528 0.234783 0.006077 -0.022450 
3.285881 0.745833 0.790149 -0.407955 0.844977 0.472977 0.548506 0.416712 0.379777 -0.023121 -0.203434 -0.019795 
3.666639 0.624574 0.527614 -0.285958 1.401902 -0.502330 -0.001957 -0.682939 -0.256107 0.238117 -0.025253 0.013660 
2.856318 -0.294154 -0.242922 -1.272384 0.107288 -0.538475 -0.537130 0.878080 1.019808 0.024245 -0.269373 -0.082318 
1.616776 -0.465479 -0.538605 -1.305041 -0.511963 -0.048384 1.728379 1.497391 0.150407 -0.083526 0.147724 0.050846 
2.368470 -0.009760 0.051505 -0.411994 0.286505 -0.781574 0.417228 -0.313043 0.133239 0.308851 0.054313 0.073332 
2.271954 0.516848 -0.774980 -0.958547 -1.286527 -1.125392 -0.306582 -0.169315 -0.231408 -0.074296 -0.127275 0.021059 
2.149779 0.208428 -0.007396 -0.235145 -0.997808 -1.746899 -0.406514 -0.765892 0.339831 0.105612 -0.317296 -0.015159 
1.880202 0.760635 2.192533 0.369918 0.579676 0.396532 -1.834546 -0.294622 -1.444858 -0.277424 0.095151 -0.153217 
0.724646 1.664250 1.511945 1.194133 0.181625 0.117112 -0.585787 -1.113124 -0.748646 -0.514438 -0.083383 -0.075606 
1.259390 0.923212 1.650449 0.724033 0.013920 -0.911799 -0.712152 -0.446416 -0.537366 -0.429996 -0.500790 -0.004235 
1.117376 0.885797 1.233421 0.930201 -0.392445 -1.039051 -0.743309 -0.507892 -1.001252 -0.346781 -0.138321 -0.136204 
1.610722 1.165050 0.792448 0.165929 -0.328710 -0.518115 -0.254916 -0.898017 -0.177916 -0.019001 -0.296594 -0.092413 
1.343459 0.579503 0.987117 0.962494 1.036326 0.181380 -0.050465 0.151280 -0.251242 -0.211830 -0.194585 -0.073353 
1.738512 1.028870 -0.139643 0.771598 0.883408 0.689293 1.467892 1.026893 -0.088708 0.052932 0.084502 -0.065278 
1.087399 0.739119 1.146438 1.237390 0.832266 0.070241 1.554389 1.581015 0.668406 -0.116782 -0.146379 -0.092732 
1.234262 0.478564 0.832854 1.175508 1.227859 1.455465 0.998542 0.538021 0.727580 0.288171 0.039604 -0.131950 
0.771216 0.994221 0.475125 1.123535 2.119831 1.612713 1.259207 1.293971 0.382436 0.371501 -0.015762 -0.144211 
0.510865 0.906861 0.914359 0.786093 2.394551 1.514277 2.325513 0.821415 0.748822 0.175157 -0.052165 -0.049410 
1.954470 0.776187 1.162814 0.466052 1.733929 0.954309 0.854312 1.039555 1.208391 0.006663 0.202706 -0.039886 
4.270772 -0.093043 1.304042 0.876664 1.050639 0.656157 0.644032 0.297726 0.085252 0.094895 0.141541 0.039628 
5.196608 -0.345112 1.443761 0.745038 0.972129 0.556405 0.563259 0.085892 -0.220883 0.115518 0.273048 0.068588 
5.269398 1.756065 0.947873 1.188774 0.835541 1.230856 1.395462 0.273753 -0.078565 0.352291 0.153340 0.006674 
4.881943 3.990381 2.465099 1.017398 0.298889 0.157884 0.409702 0.610123 0.489167 0.188549 0.131001 0.021501 
5.369346 4.155993 3.751128 2.381564 0.674096 -0.060869 0.130152 0.335748 0.537012 -0.010602 0.313456 0.133605 
3.868544 3.460187 3.152950 2.784552 1.912213 1.210282 0.846290 0.632601 0.359310 0.189783 0.294335 0.064872 
2.735203 2.322594 2.102863 1.606317 1.644609 1.578969 1.118683 0.756125 0.662044 0.459653 0.269266 0.052228 
4.752124 2.938738 4.035272 2.918436 2.807155 1.886035 1.683327 1.743585 0.807786 -0.161121 0.254642 0.099317 
3.519656 1.926939 2.117447 1.341341 2.040272 2.087418 1.101259 1.212008 0.729856 0.684454 0.257234 0.053190 
3.212673 1.088707 1.017576 -0.618953 1.374137 1.197769 0.571468 1.761247 0.555071 0.009080 0.144588 -0.026362 
2.988386 0.528182 1.251220 -0.328957 0.822168 1.002881 1.108741 1.801320 0.128237 0.128205 -0.095403 -0.051698 
3.320694 0.322553 1.261229 -0.001074 1.129472 0.847688 1.007865 1.083136 0.370359 -0.415538 -0.021521 0.018052 
2.885908 0.633487 0.660078 -0.784036 0.499645 0.904418 0.787603 0.974675 0.260709 0.086176 0.070433 -0.001628 
3.541612 0.941849 0.882977 -0.298911 2.140784 1.593459 1.170205 1.145700 0.556701 0.305870 0.429578 0.042975 
-1.#IND00 -1.#IND00 -1.#IND00 -1.#IND00 -1.#IND00 -1.#IND00 -1.#IND00 -1.#IND00 -1.#IND00 -1.#IND00 -1.#IND00 -1.#IND00 
-1.#IND00 -1.#IND00 -1.#IND00 -1.#IND00 -1.#IND00 -1.#IND00 -1.#IND00 -1.#IND00 -1.#IND00 -1.#IND00 -1.#IND00 -1.#IND00 
