3.325064 0.168313 0.549064 -0.226156 0.824224 0.584571 0.967405 0.308904 0.129000 -0.010340 0.053913 0.050516 
3.104793 0.488535 1.032626 -0.397728 0.528957 0.970225 1.159183 1.085879 0.323903 0.221713 0.059339 0.018638 
3.442847 0.662562 1.118767 -0.198915 2.132337 1.376053 0.724129 1.414345 0.793867 0.389970 0.112651 -0.025993 
3.567861 0.588772 1.404590 -0.398845 1.314612 0.949484 0.688509 1.018002 0.861492 0.115483 -0.148628 -0.015323 
3.327209 0.597085 0.411431 -0.333886 0.861007 1.021122 1.081259 0.719053 0.294367 0.314873 0.223330 0.004418 
3.035607 0.693202 1.383825 -0.797503 1.816972 1.136083 0.240729 0.292165 -0.027914 0.549183 0.050035 -0.013918 
3.600528 0.592502 1.336994 -0.499802 0.550197 0.542144 0.138389 0.932681 -0.100685 0.091078 0.078881 -0.035422 
3.754506 0.295763 1.112056 -0.124072 0.399925 0.706249 0.059826 0.353549 -0.463917 0.401264 -0.097786 -0.059020 
3.735480 -0.010943 0.793333 -0.526661 0.381524 -0.343377 -0.076287 0.452113 0.282637 0.335855 -0.122026 -0.035340 
2.387873 -0.764308 0.290121 -0.740824 1.948606 -0.979633 -0.025716 -0.591633 0.237523 0.158244 -0.035924 0.062909 
1.273476 -0.063358 -0.971386 -1.226792 0.550954 -0.187828 1.419073 0.426532 0.291632 0.006315 0.137639 0.090368 
1.270375 -0.363351 -0.885395 -1.750372 -1.307985 -2.249561 -0.647604 -0.298903 -0.576771 0.223644 -0.065852 -0.021329 
1.489215 -0.125749 -0.307057 -0.936289 -0.813307 -2.114942 -0.777961 -0.237233 -0.081836 0.075644 0.134374 0.025367 
2.131337 0.570931 2.081087 0.839140 1.396749 0.313192 -0.161782 -0.610461 -0.504256 0.015370 0.310677 -0.070681 
1.018487 1.386269 1.920181 1.383363 0.879271 0.440612 -0.604896 -0.586119 -0.442011 0.027397 -0.289419 -0.072531 
1.123139 1.405827 2.187656 0.824705 0.220204 -0.285714 -0.482886 -0.560019 -0.602067 -0.723121 -0.232738 -0.034700 
1.086498 1.433398 2.116119 0.784822 -0.094722 0.176469 -0.735268 -0.827766 -0.655660 -0.245394 -0.174968 -0.071807 
1.409915 1.308723 1.474708 0.384102 0.212211 -0.253678 -0.094916 -0.327480 -0.639197 0.136618 -0.221010 -0.049056 
1.083925 1.522989 1.277585 0.953965 0.023450 -0.507815 -0.188144 -0.475488 0.570141 0.201639 -0.098507 -0.081570 
0.806990 1.534993 1.388253 0.819865 0.535498 0.622496 1.473612 1.148292 0.190204 -0.369291 0.160208 -0.059787 
1.073014 1.132434 0.729352 0.359470 1.455086 1.074005 1.534112 0.598413 1.115230 0.450480 -0.023221 -0.125986 
0.687836 1.179438 1.050250 1.358848 1.622623 0.848055 1.352782 1.438732 0.057242 0.705111 0.098264 -0.131742 
0.554718 1.096749 0.761470 1.454147 2.164038 1.810907 1.302119 0.998713 0.612307 0.366855 -0.249512 -0.002750 
0.868569 0.574699 1.282768 0.899387 1.694253 1.690103 0.900791 1.578496 0.574424 0.292919 -0.110110 -0.073662 
1.263186 0.548754 1.215519 1.230993 1.019221 2.647046 1.116416 0.445834 0.126499 0.560969 0.014371 -0.060756 
0.671775 1.028136 0.522563 2.082447 1.457294 1.714263 2.014218 1.100262 0.473195 -0.009552 -0.055786 -0.029938 
1.169197 1.519666 0.670505 1.744723 0.488111 0.538524 1.072369 1.463342 0.631591 -0.177844 0.197118 -0.027396 
2.994745 -0.418474 1.750376 1.325109 1.410138 0.583482 1.306944 1.210841 0.375252 0.081992 0.128331 0.037969 
5.728816 -0.303713 0.593202 1.050050 0.751656 1.878941 1.016889 0.478217 0.999930 0.716032 -0.020227 -0.089717 
5.767577 2.460554 0.373365 0.763414 0.722845 0.752223 0.706666 0.062158 0.248211 0.271739 0.271925 0.081962 
6.724053 3.540403 0.554183 -0.675122 0.954940 0.972179 0.306517 0.807048 -0.192847 0.052761 0.171331 0.101174 
4.772137 2.834148 2.812456 1.545187 2.772517 2.390001 1.349386 1.955971 0.536471 0.284196 0.034465 -0.015295 
4.001278 3.211149 3.063330 2.845098 2.620482 1.740409 1.279581 1.146643 0.312226 0.204483 0.221621 0.054273 
3.624567 2.950456 3.071120 3.244829 2.689562 2.226836 1.364420 0.549487 0.353084 0.224247 0.330377 0.054910 
4.344739 2.706802 2.820815 2.285161 3.454828 1.934714 2.162597 1.714007 0.965043 0.711550 0.028652 0.051696 
2.813389 2.203552 1.767092 1.454800 1.529314 1.578021 1.011755 0.792038 0.865448 0.402958 0.172394 0.039453 
2.934840 2.269357 2.079357 1.131186 1.603538 1.981213 1.547739 1.430574 0.755530 0.200880 0.047286 0.035138 
3.381769 0.561475 1.729847 0.281623 2.104243 0.925841 1.069895 1.129540 0.310538 0.370254 0.300603 0.035987 
3.076903 0.989464 0.857128 0.080358 1.243496 1.378255 1.499582 1.308710 0.770930 0.040665 0.135822 0.006574 
3.460116 0.924864 1.304962 -0.150953 1.939099 1.470503 1.237940 0.875310 0.117119 0.367859 0.279034 0.041571 
3.087869 0.737214 0.875880 -0.260596 1.225250 1.026725 0.783309 1.183957 0.252508 -0.070506 0.172533 0.027293 
3.297561 0.741024 0.919299 -0.941169 1.452227 0.715152 0.468575 0.994506 0.895407 0.106247 0.236738 0.004811 
3.455882 0.457595 1.063588 -0.639295 1.066205 0.073081 0.132302 0.726956 0.100997 0.165381 0.122086 0.014034 
3.020885 0.231489 0.640837 -0.706508 1.372527 1.016044 0.817611 0.476463 0.088867 0.248948 0.002061 -0.021875 
3.375662 0.138366 1.257060 -0.200226 1.343204 0.645881 0.259228 0.513362 0.174830 0.519369 0.371564 0.018156 
3.219435 0.726861 1.070562 -0.704985 1.149098 0.460463 0.827212 1.429054 0.105784 0.108571 0.120207 -0.003688 
3.568645 1.043985 1.163149 -0.325220 1.231912 0.967186 0.943759 0.663590 0.264226 0.354552 0.174548 0.033559 
3.698670 0.205571 1.426408 -0.397872 1.230635 0.929535 0.813267 1.114239 0.417588 0.276403 0.261226 0.020541 
-1.#IND00 -1.#IND00 -1.#IND00 -1.#IND00 -1.#IND00 -1.#IND00 -1.#IND00 -1.#IND00 -1.#IND00 -1.#IND00 -1.#IND00 -1.#IND00 
-1.#IND00 -1.#IND00 -1.#IND00 -1.#IND00 -1.#IND00 -1.#IND00 -1.#IND00 -1.#IND00 -1.#IND00 -1.#IND00 -1.#IND00 -1.#IND00 
