3.240750 0.430915 0.796947 -0.947048 1.832092 1.586318 0.780249 0.983146 -0.037422 0.308097 0.138408 -0.055011 
3.480999 0.489703 0.982739 -0.459304 1.365608 0.937028 0.552109 1.317806 -0.213657 0.161539 0.057411 -0.034322 
2.987500 0.342595 0.388686 -0.258562 1.739290 0.905693 0.536800 0.864281 0.651042 -0.320878 -0.079930 -0.031572 
3.175806 0.415451 1.220271 -0.781860 1.112851 0.676893 0.601586 0.489244 0.203979 0.219794 0.247844 0.035379 
3.037862 0.086684 0.609204 -0.653444 1.940179 1.114320 1.059035 0.676569 0.277964 0.263808 0.093057 -0.044346 
3.146114 0.324229 0.611451 -0.529062 0.681708 -0.021134 0.772846 0.292083 -0.111361 0.048319 -0.165888 -0.073953 
3.012842 0.009373 0.575947 -1.003837 1.249325 0.562569 0.213676 0.674041 -0.305673 -0.084162 0.270467 0.016925 
3.214606 0.468880 1.039233 -0.500451 1.555026 1.509051 1.225715 0.820602 0.371814 0.228951 0.097643 0.006913 
3.202006 0.858057 0.977372 -0.093924 0.976154 1.062664 0.871888 0.405278 0.407711 0.491895 0.051660 0.000039 
3.367675 0.482546 1.267566 -0.352552 1.105789 0.654546 1.139941 1.968757 0.357002 -0.420254 0.072233 0.007731 
3.266496 0.726838 1.310923 -1.099744 0.829467 1.022671 1.334360 1.208929 0.468808 0.050510 0.149704 -0.015308 
2.879458 0.298484 1.102006 -0.532474 0.508026 0.649148 -0.281759 -0.157467 0.112873 0.205115 0.173278 0.031914 
3.162372 0.467377 1.094384 -0.488043 1.273308 1.685425 0.744435 0.727448 0.406833 0.239574 0.031181 -0.021426 
3.378643 -0.224308 1.388193 -1.425809 0.054031 0.450827 0.413649 0.636420 0.175107 -0.224378 0.022848 0.021630 
3.052819 0.288979 1.184719 -0.141387 1.329660 0.312567 0.664067 1.169690 0.187529 -0.016259 -0.034131 -0.060501 
3.261240 0.677675 0.655593 -1.090800 0.790677 -0.014142 0.325438 0.590594 0.008311 0.025491 0.069195 0.015165 
3.576044 0.383029 1.185675 -0.339921 1.351345 0.558690 0.275294 0.478520 0.160328 -0.192029 -0.153464 -0.018079 
2.759902 0.917218 1.240916 -1.388864 1.469872 -1.470406 0.831157 -0.764199 -0.302876 0.152232 -0.156957 0.170127 
2.436443 1.883257 0.812982 -1.194666 1.709252 -2.063085 1.617140 -0.292931 -0.346396 0.173730 0.077079 0.218477 
0.676504 2.513343 1.400181 -1.498570 0.131354 -1.586398 0.558823 -0.307641 -0.098368 -0.530335 -0.113244 0.193282 
0.797124 1.853824 0.722361 -1.728315 1.476442 -1.886419 -0.402651 -0.841406 0.584896 0.638004 0.008522 0.235116 
0.714780 1.549715 1.449130 -0.525280 2.076018 -2.103947 0.440122 -1.476863 0.407407 0.774445 0.105366 0.110346 
1.110110 1.716360 0.617375 1.555205 1.697957 -0.650750 -1.456145 0.289782 -1.107350 -0.745173 -0.353411 0.010047 
1.213916 1.795283 1.213482 0.738616 0.449865 -0.542205 -1.123921 -0.295465 -1.110407 -0.217971 -0.260345 -0.042827 
1.243513 1.429159 1.449556 0.279642 0.421308 -0.933826 -0.777753 -0.496115 -0.696601 -0.615681 -0.221944 -0.061148 
1.437918 1.243325 1.047604 0.744966 -0.377073 -1.083267 -0.837445 -0.607116 -0.647841 -0.249032 -0.157373 -0.008489 
1.642002 1.398242 0.982557 0.276941 -0.085704 -0.697042 0.025713 -0.559878 -0.430290 0.069354 -0.127256 -0.044239 
1.508732 1.646090 0.973638 0.032823 1.140208 0.503377 0.216414 -0.095656 0.126757 -0.024824 -0.208989 -0.036675 
1.149099 0.979716 0.393841 0.181063 1.564223 1.157237 1.313525 0.594176 1.008525 -0.105787 -0.184604 -0.025979 
1.245500 0.267725 0.505571 1.134849 1.290506 2.147662 0.899122 1.352295 0.768954 0.382444 -0.182347 -0.148570 
0.923805 0.959128 0.550824 1.160814 1.455392 1.790109 1.461098 1.213347 0.397244 0.220468 -0.359837 -0.001641 
0.686056 1.160787 0.957453 0.769100 1.745273 1.323075 1.422511 0.411508 1.107046 0.231171 -0.093386 -0.067802 
0.694134 1.064620 1.496835 1.415598 1.182325 0.855795 1.457596 1.482116 0.346778 0.257592 -0.006701 -0.078366 
1.173830 1.373098 0.551661 1.375523 1.229755 1.484656 1.018824 1.586054 -0.236132 0.190074 0.372250 -0.070784 
4.376236 0.675683 1.212339 0.442946 1.267598 1.247826 0.983823 0.785443 0.348934 -0.113228 -0.025351 0.014814 
4.618420 1.244609 1.300469 0.828020 1.090811 0.386086 -0.039426 1.345525 0.868886 0.178860 0.240044 0.045093 
3.792247 3.032337 2.037108 1.002072 0.448916 0.523256 0.645376 0.657112 0.449300 0.254978 0.165749 0.017877 
3.624747 3.218407 2.355914 1.320365 0.970210 0.931689 0.785494 0.651480 0.611103 0.368292 0.146617 0.034138 
3.566863 3.284115 2.942201 2.532415 2.289939 1.685329 1.165887 0.854613 0.611470 0.262384 0.161709 0.047688 
5.393164 3.018127 3.810878 3.860091 3.183479 1.907489 1.695161 1.973022 -0.039390 -0.167858 0.291109 0.101877 
3.695383 3.150696 3.070932 2.868561 2.638170 2.107026 1.685736 1.122183 0.631556 0.129516 0.185028 0.052979 
2.849998 2.139590 1.889722 1.957673 2.010499 1.945260 1.228988 0.746263 0.446063 0.299900 0.195502 0.050016 
2.968567 1.626495 1.589647 1.243444 2.359414 1.573665 1.110378 1.280997 1.009085 0.436873 0.238605 0.036534 
3.327573 0.413519 1.008758 -0.519966 1.107199 1.475653 0.719066 1.270851 0.138940 0.569239 0.054783 -0.084557 
3.335193 0.465003 0.960411 -1.119640 1.640207 0.681588 0.677448 0.823101 0.551768 0.130628 -0.018682 -0.007579 
3.124062 0.569250 0.665896 -0.584779 2.117474 0.606859 0.434179 1.096664 0.516538 0.179334 0.127924 -0.009589 
3.376812 0.528665 0.811185 -0.126865 0.691160 0.822536 0.759638 0.630409 0.666188 -0.100598 0.044680 0.043711 
3.293222 0.561065 1.002388 -0.412738 1.789899 1.725544 1.501534 1.090013 0.248832 0.235832 0.204402 0.013039 
-1.#IND00 -1.#IND00 -1.#IND00 -1.#IND00 -1.#IND00 -1.#IND00 -1.#IND00 -1.#IND00 -1.#IND00 -1.#IND00 -1.#IND00 -1.#IND00 
-1.#IND00 -1.#IND00 -1.#IND00 -1.#IND00 -1.#IND00 -1.#IND00 -1.#IND00 -1.#IND00 -1.#IND00 -1.#IND00 -1.#IND00 -1.#IND00 
