0.190655 -0.197065 0.239955 -0.381238 0.175116 0.031515 0.199303 -0.373218 0.380845 0.081233 0.258739 0.022679 
-0.175376 0.236256 0.206489 0.081399 0.188130 0.296624 0.226349 0.224874 -0.260821 0.046703 -0.101357 0.103219 
0.014945 0.093252 -0.013089 -0.460444 0.150784 -0.033797 -0.296878 0.047880 -0.045084 0.274996 -0.164491 0.010072 
2.908336 0.040560 0.717955 -0.414842 1.353390 1.651498 0.477083 0.727276 0.093871 -0.314175 -0.013090 0.032284 
3.182616 0.156634 0.336712 -0.915768 0.959744 0.942125 0.838518 0.712126 0.603564 0.249838 0.128415 -0.004238 
3.043760 0.488262 0.834493 -0.782398 1.520771 0.887317 0.376548 0.506566 0.893417 0.480407 -0.038931 -0.027680 
3.251792 0.180076 1.279678 -0.448180 1.608711 1.208393 1.081755 0.872968 0.245962 0.226145 0.260304 0.024856 
3.076689 0.453270 1.072864 -0.650043 1.370371 1.041554 0.441739 0.532334 0.281090 0.240164 0.292840 0.039394 
3.228495 0.392137 1.451663 -0.323206 1.616823 1.060194 0.281209 1.219859 0.219203 0.140659 0.048569 -0.001139 
3.188406 0.763579 1.016915 -0.962586 1.065835 1.214495 1.060784 0.363859 0.762683 0.412114 0.244819 0.051719 
2.858879 0.265925 1.035304 -0.648270 0.975087 1.201567 0.568763 0.309199 0.518617 0.092623 0.055357 0.016503 
3.018687 0.413165 0.429243 -0.281925 0.591896 1.258904 0.834698 0.882623 0.432032 0.291283 0.089954 -0.015198 
3.208630 0.456378 0.817264 -0.716746 0.689473 0.428388 0.832737 0.595173 0.054998 0.176645 0.082698 0.035043 
3.070557 0.714796 1.656377 -0.610069 0.911645 1.389734 0.661671 0.996530 0.455280 0.208431 0.383421 0.038291 
3.490997 0.462823 1.683698 -0.780892 1.750412 1.249191 1.134524 1.579614 0.806966 0.077870 -0.035514 -0.019065 
3.610363 0.808738 1.019936 -0.939086 1.493038 0.318356 -0.283187 0.839378 0.208642 0.170334 0.189320 0.022443 
3.388895 0.889938 0.312935 -0.467215 0.785307 0.031218 0.477612 0.469512 -0.184012 -0.107130 -0.016002 0.021152 
3.223826 -0.014672 0.747828 -0.441675 0.346669 0.029520 0.023986 -0.236868 -0.310422 -0.145188 -0.230380 0.004826 
3.453496 -0.259914 0.427950 -0.898961 0.441549 -1.306946 -0.066796 -0.716800 -0.905175 -0.353198 -0.153333 0.031872 
3.747427 0.293261 0.171479 0.739269 0.477337 -1.175178 -0.523177 -0.303550 -0.113268 0.290114 0.005982 0.056182 
2.723004 -0.167482 0.004598 0.669427 0.056797 -1.004169 -0.138690 0.151533 -0.372969 1.292938 0.297191 0.000833 
2.376252 -0.226222 0.304752 0.105495 0.291011 -2.518960 0.296955 -0.379185 -0.913141 0.148623 -0.183282 -0.022767 
1.294584 1.348495 1.094928 1.271207 0.321995 -0.852341 -0.502169 -0.544600 -0.883063 0.248869 -0.273560 -0.079913 
0.990680 1.962683 1.944901 0.777194 0.541326 0.257502 -0.557028 -0.272022 -0.684014 -0.582537 -0.250785 -0.006035 
1.128673 1.562316 0.765688 1.179366 0.418686 0.405728 -0.481180 -1.004463 -1.536172 -0.313065 -0.288514 0.010182 
1.238971 1.163228 1.493885 1.161954 0.268722 -0.282253 -1.584748 -0.903402 -0.913426 -0.297117 -0.002544 -0.115921 
1.146446 1.519140 0.896115 0.642181 0.178551 -0.341897 -0.764349 -0.522677 -0.691256 -0.282000 -0.076382 -0.016684 
1.598212 1.285385 0.830750 0.186562 -0.295856 -0.514736 -0.660847 -0.465451 0.293588 0.088157 0.102809 0.033284 
1.362265 2.040181 0.488404 0.480535 0.517562 -0.369336 -0.108353 0.416532 -0.184819 0.160121 0.003650 -0.021150 
0.871157 1.123349 0.355774 1.209824 1.603873 0.911456 1.681910 0.421713 0.891186 0.483196 -0.290869 -0.047602 
1.086675 0.814619 0.722973 0.528825 2.128229 1.890104 1.234648 0.348011 0.618650 0.291675 -0.075687 -0.055800 
0.801614 0.881252 0.814191 1.700299 0.643425 1.994737 1.824734 1.153092 0.864958 0.050459 -0.038679 -0.104105 
0.687659 1.175003 0.650047 1.490945 1.324235 1.392668 1.655282 0.628374 0.857806 0.226506 -0.036413 -0.077387 
1.083713 0.720475 1.977911 0.607209 1.596717 1.938988 1.402998 -0.189020 0.383086 0.251735 0.108334 0.010425 
3.072740 0.356092 1.251134 0.767314 1.616085 0.371201 1.073718 0.981414 0.294904 0.533934 0.245252 -0.020229 
4.793638 0.561325 0.940985 0.832243 0.721197 0.473424 1.276241 0.460064 -0.004731 0.196760 0.204578 0.027056 
5.084198 2.532820 0.775638 -0.245805 1.012679 1.174957 0.724152 1.198580 0.339017 -0.056227 0.132707 0.037144 
3.491427 3.095608 2.370748 1.385796 0.889266 0.798418 0.629769 0.169470 0.249186 0.415468 0.247304 0.057528 
2.921172 2.255998 1.842746 1.614906 1.022063 0.572574 0.589628 0.528161 0.319362 0.330430 0.249157 0.018475 
3.174933 2.730528 2.445063 1.751336 1.613450 1.299983 0.778460 0.619626 0.459553 0.243111 0.123780 0.037366 
3.201226 2.723695 2.539797 1.986771 1.667499 1.615597 1.072820 0.774681 0.350340 0.083615 0.024315 0.021576 
3.989074 2.315705 2.476999 2.379248 2.850088 2.009957 1.287139 0.943556 0.980718 0.380671 0.100654 0.052561 
4.020655 2.268000 1.820320 1.262310 2.011115 1.688057 1.617003 0.979678 0.569792 0.558276 0.294672 0.078422 
3.464974 0.346135 1.001229 -0.236808 1.713924 1.645812 0.872643 1.527838 0.638826 0.190500 0.093932 -0.032705 
3.336457 0.831141 1.155528 -0.285660 1.098828 0.857855 0.743452 0.962991 0.462176 -0.064616 0.399833 0.078598 
3.568862 0.841539 1.147608 -0.893536 1.749909 0.505882 1.034982 1.239235 0.736929 0.256034 0.004076 -0.005795 
3.447436 0.846021 1.381090 -0.446488 1.430263 1.502616 1.575022 0.679156 0.252044 0.673264 0.259756 0.008655 
3.225600 0.595579 1.125948 -0.474575 0.864427 0.929507 1.216882 1.229469 -0.002788 0.218822 0.030494 -0.023743 
-1.#IND00 -1.#IND00 -1.#IND00 -1.#IND00 -1.#IND00 -1.#IND00 -1.#IND00 -1.#IND00 -1.#IND00 -1.#IND00 -1.#IND00 -1.#IND00 
-1.#IND00 -1.#IND00 -1.#IND00 -1.#IND00 -1.#IND00 -1.#IND00 -1.#IND00 -1.#IND00 -1.#IND00 -1.#IND00 -1.#IND00 -1.#IND00 
