-0.178928 0.231677 0.199473 0.073364 0.179368 0.286393 0.217017 0.215787 -0.268169 0.040721 -0.105325 0.101545 
0.016490 0.094852 -0.010037 -0.457761 0.153477 -0.030607 -0.292508 0.051261 -0.042823 0.277291 -0.163138 0.010617 
0.075594 -0.170542 -0.189669 0.412906 0.244164 0.145491 0.339829 0.134921 0.211836 -0.225995 0.320875 -0.040984 
3.739079 0.987398 1.228752 -0.158799 1.256846 0.099589 0.080865 0.775504 0.192815 -0.045360 0.255832 0.019488 
3.732065 0.536629 0.900991 -0.137456 1.265934 0.708677 -0.276267 0.021071 -0.178509 0.143247 0.241474 0.016294 
4.229909 -0.678696 0.787563 -0.874388 0.443779 0.089787 0.206172 -0.487930 -0.773261 0.459805 -0.172687 0.045836 
4.081292 0.581906 1.172541 0.341261 0.539809 -1.400841 -0.768027 -0.141865 -0.127160 0.407908 0.240694 0.088437 
3.588485 0.781814 1.757141 -0.397255 1.148565 0.529539 -0.345211 0.706397 -0.272199 0.506496 0.120250 -0.037230 
3.343809 0.356218 1.445812 0.321879 1.493009 0.792612 0.351800 0.904160 0.157557 0.011552 -0.033269 0.002613 
3.359378 0.565311 0.933576 -0.666718 0.332170 0.359338 0.401671 0.083670 -0.553721 0.550734 0.178683 -0.014335 
3.333130 0.844797 0.872222 -0.188293 1.175065 0.742299 0.478759 0.634021 0.029141 0.112861 0.083087 0.029497 
3.649280 0.667072 1.362705 -0.408641 1.035350 1.147016 1.551139 0.704997 0.228611 0.353531 0.200191 0.026466 
3.530855 0.274258 1.210554 -0.804771 0.820329 1.731009 0.729542 0.666183 0.058740 0.254680 0.073106 -0.019125 
3.481317 0.462696 0.999919 -1.190253 0.743864 1.290565 0.590761 0.770831 0.108063 0.547828 0.119507 -0.060367 
3.133038 0.693640 1.202263 -0.315224 1.348698 0.632608 0.718403 0.424285 0.348955 0.276969 0.141200 0.030853 
3.336369 0.322706 0.717903 -0.875283 0.373732 0.822635 0.352460 0.942512 0.198461 0.399140 -0.106904 -0.077261 
3.356476 0.312955 1.398507 -1.251049 0.740080 0.819371 0.880102 0.587926 0.016487 -0.199309 -0.076794 -0.018270 
3.900242 0.650442 0.905481 -0.455386 1.395080 1.090610 -0.359823 0.498251 -0.114460 0.123114 -0.019448 -0.035836 
3.535318 -0.283014 1.502945 -0.087227 1.297421 -0.578585 -0.783948 -0.488469 0.055785 0.374485 -0.066785 0.013847 
2.310099 -0.704950 0.638161 -1.472223 0.600364 -1.495813 0.788847 -0.069414 -0.432922 0.191366 0.178636 0.147926 
2.415075 -0.169126 0.112973 -1.133121 0.719245 -0.350536 0.015540 0.150780 -0.179556 0.633253 0.041622 0.070062 
1.784313 0.200190 -0.438781 -1.588746 -1.186280 -0.750480 0.271117 0.119559 -0.275392 -0.130730 -0.024265 0.101577 
2.198599 0.419122 -0.395065 -1.321484 -0.998455 -1.350618 -0.877827 -0.045204 0.518341 0.350560 -0.467349 -0.021705 
1.164286 1.540265 1.471816 0.683941 1.535441 -0.877705 -0.382365 -0.087522 -0.580163 -0.351071 0.046247 -0.033166 
0.886060 2.280053 1.198042 0.481705 0.519142 -0.069210 -1.713374 -0.622282 -0.862964 0.024770 -0.205403 -0.030340 
0.978703 1.628955 1.276454 0.669897 0.395455 -0.850809 -1.109876 -1.018003 -0.394216 -0.334452 -0.137753 -0.079774 
1.576534 1.105092 0.721232 1.048706 -0.180872 -0.882199 -1.069162 0.178596 -0.876500 -0.156058 -0.046684 -0.075296 
1.765689 0.801527 1.879404 0.220367 1.083231 -0.948698 -0.459929 -0.505326 0.061469 0.006229 0.161775 -0.091114 
1.010441 1.451373 1.237320 0.421216 1.206011 0.509410 0.355171 1.574628 0.134304 -0.251774 -0.177281 -0.013724 
1.153831 0.952126 0.773855 0.997321 1.251710 1.468184 1.013435 0.754722 0.534903 0.385389 -0.109299 -0.078142 
0.903794 1.151331 0.357231 2.129752 1.893142 1.138550 1.471060 0.856444 -0.130623 0.255313 0.062610 0.002603 
0.789777 1.034947 1.154783 0.350545 1.803508 2.515682 1.070243 0.687460 0.086629 0.153843 -0.120185 0.018666 
0.959582 1.681694 1.039607 0.231583 0.859801 1.894904 1.018256 1.012251 0.786781 0.510720 -0.023199 -0.088570 
0.969644 0.989989 0.589012 2.318911 1.315181 1.205126 1.789392 0.925898 0.617894 0.174656 0.099521 -0.040987 
2.947407 -0.054359 1.730960 0.665586 1.280740 1.343111 1.050049 0.669461 0.204770 0.392373 0.223805 0.004104 
3.668871 -0.637153 1.803849 0.123221 1.505881 0.733411 1.794585 0.196535 0.704763 0.735938 -0.065640 -0.000669 
5.018778 2.399153 0.194052 0.122640 0.804425 1.001819 0.568275 0.337067 0.476124 0.362109 0.300779 0.073608 
3.605492 3.045696 2.320721 1.513235 0.858935 0.596085 0.623050 0.643628 0.517158 0.358007 0.224233 0.039318 
5.289589 3.489219 3.058910 2.201778 1.921724 0.451343 0.079386 0.774150 0.063406 0.015336 0.009913 0.000421 
3.981762 2.780292 2.778002 2.791331 2.205742 1.057686 0.308454 0.883631 0.703594 0.052701 0.083010 0.032285 
4.196816 2.175749 3.427065 2.453178 2.631935 2.211054 1.107041 1.231306 0.659687 0.099262 0.142304 0.052042 
4.850433 2.395997 1.443816 1.328200 2.107990 0.666928 1.556542 1.570904 0.708600 0.608896 0.282889 0.094285 
4.014940 2.633624 2.686415 0.440833 2.898413 1.172766 1.544363 2.175845 0.558875 0.401952 0.180304 0.027631 
3.474889 0.945239 1.136180 -0.553731 1.233291 1.331603 0.499279 1.434980 0.498845 0.130031 -0.034893 -0.036015 
3.423779 0.538869 1.271295 -0.198470 1.548241 0.702509 0.574819 0.765916 0.620246 0.508335 0.040946 -0.022901 
3.739317 0.297052 1.364867 -0.575078 2.314692 0.682044 0.362567 0.758021 0.154664 0.117719 0.108511 -0.002068 
3.217164 0.218277 0.814915 -0.413362 1.245743 0.565792 0.047013 1.445895 0.492129 0.010878 0.118069 -0.017029 
3.376166 0.560312 0.941952 -0.865233 1.271522 1.071384 0.355114 1.134289 0.688328 0.157627 0.191820 -0.002982 
-1.#IND00 -1.#IND00 -1.#IND00 -1.#IND00 -1.#IND00 -1.#IND00 -1.#IND00 -1.#IND00 -1.#IND00 -1.#IND00 -1.#IND00 -1.#IND00 
-1.#IND00 -1.#IND00 -1.#IND00 -1.#IND00 -1.#IND00 -1.#IND00 -1.#IND00 -1.#IND00 -1.#IND00 -1.#IND00 -1.#IND00 -1.#IND00 
