3.719592 0.296447 0.866283 -0.523746 0.713201 0.975753 0.957345 0.683227 0.061220 0.120170 0.228688 0.022922 
3.292147 0.340949 1.022515 -0.281692 0.857452 0.802894 0.719675 0.882210 0.127755 -0.068035 0.243264 0.050027 
3.317997 0.763751 1.117094 -0.884707 1.044916 0.932490 0.446807 0.849709 0.090627 0.233609 0.052193 -0.007201 
3.400037 0.393221 0.694483 -0.319797 0.914146 0.787879 0.451686 0.304376 0.743841 0.481753 0.238213 -0.016099 
3.344780 0.343573 1.041874 -1.429394 0.605171 0.904036 0.809945 0.231027 0.202860 0.102222 0.159960 0.019327 
3.196716 0.574581 0.921025 -0.547195 0.879316 1.128688 0.147144 0.731677 0.550604 0.436901 0.098328 -0.022797 
3.409888 0.154232 0.910953 -0.857356 1.471981 1.179457 0.206775 1.087555 0.292396 0.119258 0.088774 -0.055656 
3.169182 0.386597 1.063498 -0.777494 1.836107 0.903244 1.054281 0.812592 0.350726 0.388922 0.105512 -0.012484 
3.148919 0.066446 0.435540 -0.900510 1.228649 0.121750 0.376229 0.614711 -0.127326 0.334075 0.211960 -0.037486 
3.264916 0.487318 0.596457 -0.929300 1.600143 0.770427 0.496279 0.822915 0.518065 0.205216 0.178265 -0.014348 
3.491522 0.114223 0.283533 -0.653987 0.749184 1.010613 0.714219 1.125429 0.170202 0.102511 0.145067 0.011383 
3.129904 0.552719 0.870228 0.322601 1.835719 0.949367 0.490522 1.418916 0.329783 0.250592 -0.107888 -0.034591 
3.563985 0.564711 1.225997 -0.424390 1.063062 1.107409 1.306413 1.478951 -0.043873 0.246273 0.370969 0.009552 
3.389745 0.260931 1.548690 -0.879616 1.233160 0.757168 0.762680 1.261509 0.732302 0.102572 -0.201261 -0.026886 
3.099010 0.178664 1.094612 -0.956855 0.584907 0.901615 0.118472 0.608064 0.249729 -0.195385 0.126328 0.011896 
3.510421 0.613326 0.589661 -0.462987 1.236289 0.235073 0.874148 0.673587 -0.148915 0.325687 0.255929 0.050015 
3.463525 0.018608 1.564216 -0.778097 0.464289 0.136988 0.338819 0.968667 0.226896 -0.012090 0.101195 0.045113 
3.717339 -0.400645 0.963357 -0.813517 1.084537 -0.952975 0.187116 -0.113538 -0.153446 0.217640 0.200168 0.153001 
3.286962 0.540888 0.771978 -0.281117 0.667193 -0.973623 -0.184171 -0.410637 -0.137459 0.475986 0.045076 0.051179 
2.484394 0.943727 -0.722627 -0.556587 0.278684 -0.944136 0.834343 0.264253 0.143224 0.216077 0.200822 0.091439 
1.541320 0.508949 -0.715744 -0.955212 0.492715 -0.284041 0.636571 -0.222533 1.032218 -0.039075 0.185437 0.140202 
1.469836 0.235770 0.248495 -0.982571 0.119769 -0.980236 0.361514 0.295620 0.180808 -0.178283 -0.142472 0.005537 
1.732332 0.044088 -0.918289 -1.670827 0.656040 -0.391571 0.336577 -0.635532 0.381366 0.432997 0.244486 0.076750 
1.821675 0.435303 -0.394798 -0.637854 0.936067 -0.793477 -0.153357 -0.422945 0.237261 0.391001 0.016681 0.014907 
1.061810 1.430418 1.176681 1.202001 0.779839 0.476005 -0.409281 -1.601346 -0.100508 -0.253207 -0.523744 -0.016762 
1.057297 1.335136 1.295190 0.404616 -0.226262 0.168890 -0.621026 -1.386585 -0.166330 -0.997942 -0.055620 -0.099212 
0.946129 1.534739 0.796268 0.255003 -0.340407 -0.771022 -1.045954 -1.163083 -0.601865 -0.361891 -0.122901 -0.090503 
1.603880 0.917512 0.002406 0.813915 0.175150 -1.172991 -0.323324 -1.144417 -0.860904 0.040339 -0.169211 -0.136215 
1.294402 1.030791 0.538989 0.208692 -0.104128 0.282769 0.215069 -0.313684 -0.142627 -0.092191 -0.461228 -0.159585 
1.104524 0.682419 0.679351 0.382429 0.204577 0.813010 1.963127 0.697173 0.572476 -0.258546 -0.520733 -0.109714 
1.256972 0.671181 0.205785 1.660521 1.452833 1.388790 1.057545 1.101959 0.423775 0.587872 -0.148899 -0.151970 
0.784420 1.187075 1.532636 1.414691 1.398206 1.637075 0.849230 1.151030 0.225238 -0.050448 -0.087439 -0.028213 
1.232216 0.524673 1.176658 1.720705 1.588777 0.528170 0.975948 1.011538 0.064898 0.024970 -0.084528 -0.008073 
0.818057 0.904231 1.498490 1.257215 0.941247 1.753441 0.926163 0.696661 0.422352 0.309838 0.048803 -0.103692 
1.117796 0.256252 2.166431 0.532117 1.344579 1.606813 1.433565 0.411745 1.350976 0.269531 -0.092919 -0.087155 
2.158389 0.449831 1.862858 0.492541 1.183729 1.349801 1.328083 0.464553 -0.023438 -0.164598 0.531271 -0.025819 
4.270057 2.596268 1.148905 0.208762 0.211944 0.657743 0.691266 0.689722 0.388573 -0.081066 0.282607 0.073355 
3.516263 2.768904 1.943719 1.417087 1.025518 0.330732 0.038900 0.438543 0.396063 0.030064 0.145406 0.027433 
3.355630 2.781582 2.110151 1.381928 0.858833 0.605000 0.519188 0.392611 0.294418 0.232844 0.215185 0.029990 
3.065938 2.646269 2.274093 1.676353 1.064597 0.629018 0.352706 0.224686 0.212724 0.314391 0.309423 0.033238 
3.533516 3.231440 2.848833 2.142408 1.375525 0.708551 0.325135 0.254682 0.259943 0.286134 0.270805 0.049827 
2.927221 2.477150 2.234444 1.894704 1.462020 1.104134 0.694748 0.398418 0.222267 0.125106 0.139327 0.009976 
4.356419 3.054155 3.724299 2.970235 5.259337 0.487444 0.890398 0.451611 -0.089934 0.314314 -0.004860 0.008816 
3.488175 2.572466 2.364174 1.910275 1.851908 1.831687 1.617205 1.216399 0.609748 0.383376 0.280124 0.070064 
3.501035 2.532731 1.954797 1.597941 2.029401 1.405932 1.602560 1.407823 0.717789 0.490369 0.223859 0.058791 
3.215006 1.710927 1.618868 -0.081030 2.225250 2.163308 1.556689 1.573430 0.863865 0.612998 0.276946 0.020817 
3.513242 1.436174 1.226054 0.201926 1.195607 1.301280 1.210403 1.887143 0.653492 0.193498 0.184228 0.001299 
3.239917 1.041351 1.540636 0.730636 1.518208 1.482976 1.049228 1.597746 0.415037 0.740841 0.301391 -0.005252 
-1.#IND00 -1.#IND00 -1.#IND00 -1.#IND00 -1.#IND00 -1.#IND00 -1.#IND00 -1.#IND00 -1.#IND00 -1.#IND00 -1.#IND00 -1.#IND00 
-1.#IND00 -1.#IND00 -1.#IND00 -1.#IND00 -1.#IND00 -1.#IND00 -1.#IND00 -1.#IND00 -1.#IND00 -1.#IND00 -1.#IND00 -1.#IND00 
