3.321161 0.562016 1.591592 -0.994116 1.460130 0.881579 0.005318 0.605400 0.407092 0.236190 0.248568 0.008435 
3.583988 0.461466 1.117186 -0.969564 1.119349 0.903448 1.013275 0.298284 -0.006941 0.719225 -0.041047 -0.048023 
3.311193 0.169151 0.950300 -0.644694 0.902758 1.061268 1.064894 1.187458 0.256314 0.376273 0.192903 -0.026495 
2.855392 0.230913 0.882940 0.034530 2.007754 1.396703 1.158170 1.034525 0.492941 0.220010 0.092268 -0.003775 
3.113056 0.254030 0.936755 -0.215145 1.695750 1.247258 1.242453 0.463614 0.305851 0.221549 -0.062011 -0.004278 
3.111371 0.337644 0.400916 -1.337703 0.685929 0.440298 0.518202 0.434323 0.130091 -0.119462 0.106249 0.002913 
3.342903 0.751324 1.425885 -0.119576 2.037854 0.899000 0.349794 1.116916 0.689241 0.426240 0.097575 -0.018018 
3.307139 0.399660 1.155590 0.364609 1.735648 1.863113 1.662158 1.254621 0.883426 0.359183 0.077564 -0.003654 
3.355910 0.641787 0.695921 0.041594 1.841864 1.449654 0.769947 0.998691 0.971711 0.053152 0.306499 0.035458 
3.446460 0.514472 0.616627 0.250284 2.187672 1.093196 0.217110 1.467202 0.865839 0.041332 0.143768 0.012801 
3.210741 0.888116 1.247490 -0.151390 1.877427 1.412243 0.838078 1.687195 0.990067 0.426335 0.286731 -0.016639 
3.173264 0.941062 0.977637 0.320594 2.602452 2.022419 1.234866 0.979066 0.704477 0.403167 0.256788 0.027302 
3.156813 0.954470 0.646018 0.390524 2.517214 1.166182 1.078043 1.390744 0.617997 0.371895 0.067812 -0.003761 
3.019775 0.714483 1.540909 -0.583743 2.152911 1.381774 0.768520 1.107582 0.803896 0.288365 -0.042319 -0.010597 
3.352077 0.617155 0.927006 -0.325026 1.495967 1.163953 1.286990 1.309342 0.421146 0.280043 0.254305 -0.005830 
3.023191 0.579230 1.153363 -0.179827 1.231466 1.386647 1.571558 1.383765 0.320165 0.311754 -0.017188 -0.038743 
3.306595 0.841055 0.700013 0.360642 1.785672 1.786470 0.998222 0.987879 0.641357 0.053237 0.099411 0.020108 
3.803061 0.565014 1.219837 -0.303128 0.926649 -0.511933 0.073478 -0.098400 -0.056555 0.801797 0.277775 0.050262 
2.960046 -0.522519 1.189123 0.227187 0.313674 -1.186879 0.093437 -0.196641 -0.602496 -0.112174 0.022622 0.093786 
1.945861 0.084467 0.904434 0.683272 0.341309 -1.210545 -0.657126 -0.738861 -0.844302 0.423775 0.344677 0.119151 
2.513765 0.263344 0.820281 0.229080 0.031389 -1.125111 0.394047 -0.414877 -0.151234 0.253260 0.304149 0.132156 
1.886848 0.661644 0.741031 -0.023528 0.876952 -1.654851 -0.330149 -0.726820 0.064788 0.221685 0.157549 0.176999 
1.799666 0.048490 0.822850 -0.675735 0.969731 -0.697428 -0.379546 -0.303065 -0.114398 0.267901 0.076505 0.163332 
2.460886 0.341354 1.411795 -0.279451 0.947213 0.471154 0.392986 -1.273619 -0.232275 -0.796842 -0.461686 0.030473 
1.033845 1.029034 1.477053 1.537998 0.170785 -0.085849 0.099057 -1.261772 -0.786373 -0.381867 -0.282384 -0.041252 
1.188650 1.216081 1.765607 0.597110 0.536503 -1.106758 -0.649261 -1.031936 -1.083347 -0.077597 -0.341434 0.002464 
1.193946 1.239266 1.323653 0.398958 -0.495489 -1.116060 -1.124333 -0.237273 -0.555491 -0.491103 -0.296877 -0.031185 
1.449057 1.757568 0.571999 -0.115814 0.017538 -0.882806 -1.354438 -0.618601 0.080043 -0.210031 -0.031506 -0.038203 
1.202760 1.735189 1.058201 0.289709 0.286775 0.437765 0.170047 -0.190585 -0.668005 -0.175293 -0.033518 -0.084007 
1.205420 1.311756 1.021175 0.469085 0.839924 0.388130 1.524033 0.389136 -0.446737 -0.148701 -0.116525 -0.007536 
1.062491 1.562801 0.398918 0.747473 0.898075 2.194032 -0.070501 1.047257 1.049401 0.241200 -0.192345 -0.052101 
1.371997 0.740308 1.091788 0.803225 1.165756 1.515235 1.583711 0.754023 0.510591 -0.312924 -0.071579 -0.057514 
0.659060 0.716608 0.995817 1.127158 1.463741 2.150124 1.510939 1.408535 0.983972 -0.054489 -0.270090 -0.041819 
1.268212 1.044948 0.912272 0.964575 1.459332 1.300539 1.040698 1.585859 0.371754 0.137196 0.071079 -0.056190 
1.179203 1.010381 0.931268 1.048155 1.134592 0.933532 1.640115 0.784052 0.558480 -0.009116 0.246482 -0.087318 
2.673356 0.757415 0.915915 0.798728 1.582551 0.021559 0.033280 1.336188 0.437620 -0.081827 0.429365 0.015125 
5.007663 0.310033 0.475315 0.510556 0.959945 1.340034 0.551984 0.554225 0.595322 -0.073641 0.038041 0.059741 
5.746882 3.334425 1.261507 0.490892 0.262534 0.560508 0.972606 0.812734 0.398860 0.116761 0.131557 0.043896 
5.742132 3.388180 1.063003 0.442361 0.721724 1.125820 1.087059 0.453248 0.488622 0.413932 0.220526 0.054091 
5.119041 3.147310 3.292767 1.736020 1.860296 1.373675 1.222196 1.369909 0.059327 -0.381195 0.002538 -0.006220 
4.291615 2.298937 1.498712 0.545643 1.528159 2.501072 2.650523 1.536140 0.271371 0.185868 -0.238950 -0.026578 
3.654315 1.909602 2.348312 1.740042 1.538626 1.948495 1.255159 1.437670 0.639294 0.291593 0.263565 0.062495 
3.919768 1.631991 1.745917 0.606604 1.904729 1.850127 1.711393 1.736290 0.845745 0.377424 0.173228 0.037000 
3.619365 1.199006 1.388573 -0.009871 1.039735 2.328889 1.365871 1.154463 0.491940 0.350258 0.290397 0.025994 
3.409750 0.684611 1.288911 0.019016 1.523858 1.390296 0.452648 1.088193 0.626649 0.130143 0.379557 0.039714 
3.063437 0.870431 1.214527 -0.184738 1.468845 1.639561 1.324585 1.047703 0.216243 0.219462 0.279281 -0.005052 
3.359556 0.635969 0.895321 -0.061905 1.154131 0.564189 1.185657 1.139306 0.277358 -0.197986 0.043482 0.008707 
3.310504 0.319444 1.126532 -0.197769 1.427352 1.118852 0.761026 0.614522 0.455911 0.161336 -0.019301 -0.007269 
-1.#IND00 -1.#IND00 -1.#IND00 -1.#IND00 -1.#IND00 -1.#IND00 -1.#IND00 -1.#IND00 -1.#IND00 -1.#IND00 -1.#IND00 -1.#IND00 
-1.#IND00 -1.#IND00 -1.#IND00 -1.#IND00 -1.#IND00 -1.#IND00 -1.#IND00 -1.#IND00 -1.#IND00 -1.#IND00 -1.#IND00 -1.#IND00 
