3.188002 -0.086674 0.155672 -1.155232 1.108238 0.552710 -0.000051 0.443318 -0.496309 0.230781 0.094438 -0.010133 
3.405170 0.445075 1.013714 -0.514450 1.121645 0.772583 0.488560 0.369042 0.691592 0.129332 -0.009036 0.015858 
3.290979 0.107084 0.428459 -0.923210 0.745621 -0.086524 0.208196 -0.331885 0.102364 0.308789 -0.070360 -0.030970 
3.222068 0.325461 0.685179 -0.776968 1.258365 0.172599 0.269260 0.523424 0.219775 0.117820 0.232551 0.056278 
3.234249 0.140189 0.944657 -1.087986 0.811355 0.539696 0.397654 0.177755 0.341682 0.404570 -0.047629 -0.078692 
3.306191 0.527614 0.775019 -1.382271 0.231602 0.113360 0.596288 0.484091 0.058918 0.515172 -0.054230 -0.024108 
3.059455 -0.007525 0.636818 -1.185986 0.326953 0.816995 1.202652 0.640622 -0.377749 -0.015393 0.007541 -0.042217 
3.356632 0.860160 1.112290 -0.958171 -0.059626 0.493495 0.867540 0.666817 -0.019276 -0.017273 -0.053202 -0.006900 
3.146496 0.430023 0.709859 -0.796454 0.786052 0.316657 0.431836 -0.073181 0.000855 0.207404 0.335856 0.089532 
3.238599 0.489485 0.571149 0.267898 1.929500 1.635520 0.894713 1.445422 0.338853 -0.264013 -0.037413 -0.011023 
3.125908 0.415066 0.280270 -0.821069 0.779269 1.142537 0.566080 0.504129 0.309876 0.411272 0.076570 0.010816 
3.379366 0.434453 0.611114 -1.129184 1.393107 -0.134575 0.226651 0.584116 0.350979 0.330426 0.100223 0.015981 
3.398753 0.207553 0.832623 -1.690546 0.294814 0.307490 0.360146 0.171976 -0.223146 -0.316525 -0.031028 -0.010158 
3.458939 0.721697 0.965540 -0.891211 1.282519 0.102049 0.865977 0.405361 -0.283579 0.067803 0.000334 0.034764 
3.825096 0.740463 0.789745 -0.939627 1.551399 -0.023224 -0.511548 -0.341139 0.006589 0.282943 -0.136008 -0.054220 
3.417482 0.153966 0.738708 -0.609250 0.934383 0.188922 0.450027 -0.132915 -0.052014 0.277549 0.053166 -0.021037 
3.103903 1.087131 0.353978 0.670391 0.366848 -2.639342 0.619004 -1.111340 -0.355061 -0.254814 -0.297399 0.052667 
2.120993 1.956468 -0.282192 -0.829991 0.810309 -0.529137 -0.280699 -0.810893 0.321630 0.217409 -0.246458 0.143898 
1.340937 1.579622 0.518359 -1.453189 0.652612 -1.145035 0.251215 -0.521608 0.145207 0.430084 0.080771 0.182061 
0.763193 1.909547 1.197541 -1.728868 0.667973 -2.186823 0.498251 -0.085038 -0.418947 0.486110 0.001837 0.179433 
0.705219 1.457020 1.277433 -1.539484 1.159894 -2.225962 -0.084787 -0.423835 -1.155630 0.476478 -0.055764 0.202318 
0.850172 1.836850 1.465376 -1.195425 0.828593 -2.395122 -0.324047 -1.105740 -0.434280 0.430686 -0.187105 0.157786 
1.715584 1.219974 -0.140437 -1.338204 0.120249 -1.028775 0.256711 -0.376642 0.053078 0.455523 -0.017721 0.129451 
1.026621 1.768100 2.096874 1.233130 1.282462 -1.130512 -0.972320 -0.430296 0.139329 -0.967811 -0.080845 -0.038558 
1.203942 1.266980 1.019460 1.488655 0.355117 -0.387649 0.014597 -1.185874 -0.638799 -0.315558 -0.400541 0.006229 
1.332482 1.422897 0.836628 0.447057 -0.177017 -0.254923 -0.885240 -0.275178 -0.845696 -0.650514 -0.285547 -0.028416 
1.195189 1.709345 1.880089 0.067174 -0.400950 -0.811139 -0.914060 -0.623744 -0.433289 -0.031603 0.045416 -0.040799 
1.467398 1.433446 1.275971 0.513396 -0.144354 0.224901 -0.146258 -0.537138 0.206334 -0.065855 -0.009323 -0.043698 
1.040905 1.583004 1.044787 0.657746 1.129747 0.420127 0.932890 0.008176 0.700798 0.352190 -0.217569 -0.068200 
0.909648 0.718053 0.914184 0.899213 0.687537 0.969740 1.935571 1.004779 0.822956 0.266775 -0.233576 -0.082933 
0.867810 0.987733 1.361937 0.808885 1.683460 2.063518 1.102799 0.094789 0.580180 0.356904 0.074044 -0.044486 
1.026487 0.816739 1.028270 1.164714 1.699818 1.795179 1.567773 0.923974 0.341526 0.035418 -0.125641 -0.005610 
0.875094 0.890844 0.477542 2.498485 1.112065 1.402669 1.251658 1.112399 0.587288 0.574173 -0.173922 -0.078831 
0.426496 1.244979 1.073178 1.239389 2.032816 1.747033 1.458764 1.052646 0.049815 0.408891 -0.092595 -0.036589 
1.154777 1.048008 1.016131 1.065418 1.170654 1.643393 2.096969 0.334879 0.328159 0.460949 -0.022932 -0.063414 
4.330549 2.755406 1.005229 -0.068629 -0.158675 0.518428 0.922952 0.697220 0.396448 0.298129 0.095979 0.001830 
5.193463 1.889870 -0.478754 0.415606 1.560448 0.932918 0.367081 0.956990 1.192772 0.520124 0.289397 0.035119 
5.030598 3.689439 1.608182 0.266026 0.132412 0.689893 1.005290 0.845217 0.386939 -0.095457 0.111130 0.025609 
4.457780 3.881578 2.737189 1.504950 0.689393 0.423616 0.542428 0.668869 0.574235 0.396893 0.232157 0.062810 
4.893835 3.973761 2.452830 0.966408 -0.049766 -0.057870 0.638879 1.080932 0.709674 0.278867 0.029562 -0.038280 
3.863543 2.865833 2.467780 1.688261 1.986531 1.692745 1.582568 1.193955 0.355164 0.222924 -0.110210 -0.017027 
4.474461 3.042286 3.218785 2.159041 1.977668 2.204415 1.890878 0.827168 0.462593 0.234581 -0.005187 0.003432 
3.570694 1.633860 1.801275 0.769975 1.312332 1.271917 1.443935 1.206553 0.152072 0.083964 0.045066 -0.016817 
3.653662 0.782817 1.583061 0.595477 2.068893 1.553895 1.246478 1.054545 0.371769 0.435515 0.110497 -0.018104 
3.343668 0.897788 0.982771 -0.627504 1.384370 1.413813 0.933998 0.845287 0.554104 0.470040 -0.060625 -0.067274 
3.517579 0.928157 1.009637 -0.093951 1.307890 0.899825 1.411195 1.015451 0.707775 -0.070433 0.258300 0.048096 
3.404774 0.798084 1.229943 -0.357690 0.996439 0.283426 0.626243 1.077115 0.944757 0.005024 0.148295 0.027088 
3.652366 1.112116 1.395255 -0.759245 1.086819 0.679250 0.366867 0.803686 -0.371307 0.470848 0.166131 -0.031760 
-1.#IND00 -1.#IND00 -1.#IND00 -1.#IND00 -1.#IND00 -1.#IND00 -1.#IND00 -1.#IND00 -1.#IND00 -1.#IND00 -1.#IND00 -1.#IND00 
-1.#IND00 -1.#IND00 -1.#IND00 -1.#IND00 -1.#IND00 -1.#IND00 -1.#IND00 -1.#IND00 -1.#IND00 -1.#IND00 -1.#IND00 -1.#IND00 
