3.368724 0.568059 1.110032 -0.972034 0.563858 0.253436 -0.201782 0.375066 -0.212259 -0.123676 0.191491 0.064959 
3.449431 0.629006 0.938240 -0.697123 1.173339 0.886423 0.475487 0.536938 0.024115 0.326124 0.181375 0.031082 
3.545298 0.817925 1.034290 -0.790197 1.148105 0.520093 0.551560 0.651044 -0.121789 0.384950 0.288066 0.039353 
3.393954 0.472933 0.776259 -1.141306 1.893701 1.200139 0.453017 0.457862 0.027704 0.263313 0.131382 0.003795 
3.491620 0.767837 0.831108 -0.101202 0.969735 0.164506 0.986631 0.756407 0.114130 0.182384 0.082113 0.023176 
3.410605 0.863904 1.187511 -1.101531 1.424015 0.624207 1.093625 1.234380 -0.017936 0.081558 0.178197 0.018994 
3.133625 -0.107944 0.808230 -1.090843 1.606989 1.392721 0.793441 0.848674 0.060000 -0.011700 0.137307 -0.018810 
3.190503 0.537951 0.440452 -0.885293 1.583852 1.017085 0.836867 0.816355 0.274404 0.140995 0.135685 -0.026939 
3.282155 0.207557 0.501188 -0.540179 1.222387 0.758745 1.241091 0.645065 0.313433 0.131474 0.111119 0.003850 
3.066232 0.546671 0.728443 -0.587450 0.967967 0.656748 0.417287 0.114669 -0.036218 0.097896 0.115640 0.063132 
3.177860 0.248164 0.902341 -0.825285 1.849230 1.216566 1.188673 0.897880 -0.396391 0.183047 0.276373 0.025616 
3.180379 0.846594 0.171791 -0.241602 1.673463 0.632852 0.913046 0.828291 0.504129 0.250908 0.138457 0.002839 
3.463823 0.437192 0.573305 -0.090957 1.350034 0.997456 0.909191 1.139835 0.223092 0.061760 0.176701 0.006069 
3.567114 0.426125 0.895757 -0.230406 1.028219 0.548814 0.858600 0.265132 0.495198 0.397762 0.195128 0.033211 
3.469457 0.461809 0.775190 -0.766476 0.731130 0.214398 0.793702 0.892383 0.352678 0.426586 0.036572 -0.055969 
3.603441 0.373698 1.500120 -0.529343 0.329443 1.099095 0.445940 0.601682 0.114702 -0.002120 0.035266 0.001224 
3.430858 -0.408244 0.866847 -1.043798 1.813450 -1.128269 -0.450079 0.510100 0.114568 0.501839 0.096879 0.067088 
2.941336 -0.458653 1.062881 -0.838909 1.057457 -1.162862 -0.224829 -0.282587 0.328052 0.380272 0.201664 0.052315 
2.279631 0.072542 -0.256892 -0.729888 0.949524 -0.832913 1.532367 -0.258906 0.178314 0.007258 -0.310931 0.071717 
1.518907 -0.432748 0.017846 -0.760617 1.176297 -1.483365 0.415913 -0.839575 0.089143 0.276986 -0.010546 0.111891 
1.484911 1.053533 0.289024 -1.048922 0.467630 -1.229818 0.533588 -0.057208 0.089634 -0.302010 0.102507 0.092772 
1.812711 0.648629 0.653656 -0.503163 0.905356 -1.038934 0.630928 -0.364070 -0.217407 0.023399 0.164059 0.077317 
1.280908 2.383622 1.974938 0.081597 -0.414400 0.313950 0.634339 0.598257 -0.033842 -0.507893 -0.220077 0.008427 
1.077210 0.728526 1.759806 0.640909 0.977895 -0.292869 -0.727523 -0.553935 -0.259851 -0.589136 -0.268766 -0.077157 
0.992009 0.963753 1.070853 1.011289 0.398666 -0.803335 -1.055809 -0.397088 -1.441066 -0.519411 -0.161618 -0.101999 
1.029739 1.495925 0.961489 0.477353 0.054536 -1.429879 -1.289383 -1.238443 0.054566 -0.567619 -0.011623 -0.141245 
0.981667 1.747316 1.353957 0.460942 -0.256493 -0.774704 -1.093879 -1.190775 -0.232632 0.093053 -0.092311 -0.127703 
1.074421 1.089819 0.859001 1.320872 1.358115 0.416319 -0.346322 -0.176487 -0.019130 -0.138924 -0.180604 -0.073447 
1.490034 0.782982 -0.085094 0.136601 0.725598 1.672933 1.446737 0.224271 0.627123 0.355216 -0.321863 -0.087733 
1.106436 0.765322 0.433006 1.420539 1.027579 1.320584 0.494679 1.300450 0.534169 0.164044 -0.063731 -0.059191 
0.811267 0.572813 0.152290 1.793037 1.858466 2.005343 1.524702 0.499443 0.697154 0.411998 -0.388078 -0.026029 
0.948909 0.897425 0.744662 1.746401 1.331786 0.915935 1.194118 0.695097 0.305314 0.604073 0.115187 -0.090861 
1.211263 0.931434 1.577269 0.838170 1.630232 1.424155 0.883829 1.301163 0.310268 0.165419 -0.128410 0.017685 
1.619011 0.950083 1.423029 1.563089 0.836501 0.993648 -0.073210 1.713733 0.567217 -0.147335 0.188489 -0.002626 
4.151198 0.686279 0.982126 0.297596 0.514194 1.334697 1.005551 0.073477 0.438923 0.217044 0.127767 0.035029 
4.750900 1.325525 -0.125134 0.738693 1.773160 1.137590 0.689233 1.016911 0.826345 0.034592 -0.042200 -0.018336 
4.323737 3.441788 2.086344 0.990307 0.454858 0.471388 0.708492 0.764532 0.628013 0.381609 0.165863 0.022565 
4.056020 3.580555 2.638457 1.489876 0.641995 0.365490 0.480666 0.553048 0.483991 0.301552 0.158532 0.044135 
3.490435 3.132354 2.612707 1.943351 1.353304 0.999042 0.845718 0.756164 0.609648 0.382468 0.203496 0.057934 
3.628109 3.279719 3.033187 2.480408 1.628861 1.071284 0.764429 0.599429 0.425205 0.303765 0.220661 0.056867 
2.970818 2.556678 2.187307 1.931740 1.759075 1.447923 1.094134 0.768937 0.470156 0.295905 0.121645 0.044796 
4.907514 2.686770 3.212053 3.445233 3.056934 1.741799 1.851823 2.622179 0.096904 -0.344244 0.296790 0.140958 
3.277233 1.892458 1.843321 1.584450 2.494641 1.842938 1.231287 1.144331 0.434087 0.490598 0.372561 0.065303 
3.046469 0.839563 1.069514 0.142145 1.430164 1.274469 1.556640 1.198913 0.141652 0.229478 0.017284 -0.026590 
3.548795 0.855896 0.915064 0.204132 1.638147 0.731370 0.692597 0.732278 0.280189 0.638403 0.142092 -0.028416 
3.348845 0.433247 1.355954 -0.160867 1.156547 1.312830 1.272502 0.875973 0.328722 0.142374 -0.104671 -0.038307 
3.118207 0.730730 1.267216 0.059538 1.817314 1.476799 1.420729 1.099172 0.469996 0.199591 0.191075 0.012546 
3.390973 0.379035 0.959878 -0.303649 2.036534 1.458068 1.084881 1.066832 0.645714 0.042714 0.259056 0.033650 
-1.#IND00 -1.#IND00 -1.#IND00 -1.#IND00 -1.#IND00 -1.#IND00 -1.#IND00 -1.#IND00 -1.#IND00 -1.#IND00 -1.#IND00 -1.#IND00 
-1.#IND00 -1.#IND00 -1.#IND00 -1.#IND00 -1.#IND00 -1.#IND00 -1.#IND00 -1.#IND00 -1.#IND00 -1.#IND00 -1.#IND00 -1.#IND00 
