3.307396 0.382060 1.546349 -0.992592 0.706380 1.241925 0.416334 1.037780 0.024504 0.249020 0.005100 -0.097064 
3.254464 0.408391 0.488994 -0.483386 1.359964 0.851423 0.855047 0.856156 0.175177 0.156388 0.045601 -0.012598 
3.314828 0.169589 1.563711 -0.496758 1.372699 1.632083 0.812825 0.439909 0.030200 0.309395 0.014016 -0.036111 
3.591817 0.606754 1.251125 0.006342 1.080319 0.691039 1.103925 1.363595 0.425316 -0.079700 0.141751 0.028677 
3.190818 0.665887 1.510440 -0.431263 1.395111 1.144084 0.975356 0.934651 0.453106 0.494621 0.158658 -0.016700 
3.582264 0.133039 0.974278 -0.851702 1.311210 0.490349 0.545154 1.423682 -0.090563 0.374680 0.266698 -0.030241 
3.340939 0.311389 0.978600 -0.457191 1.539908 1.320063 0.981060 1.376366 0.217431 0.221839 0.126409 -0.032088 
3.676305 1.422567 1.197163 -0.246672 1.760161 1.077311 1.084522 1.683211 0.561910 -0.145480 -0.054477 -0.024878 
3.416311 1.054727 1.157336 -0.015671 2.032947 0.817633 1.014854 1.074342 0.476762 0.180386 0.139554 0.005547 
3.446141 1.073478 1.134834 0.307475 1.222615 0.956342 0.400975 0.522835 0.833986 0.213155 -0.135043 -0.050182 
3.122328 0.602406 0.876430 -0.393989 1.433788 0.661484 1.010310 0.859153 -0.005410 0.342107 0.032271 -0.006002 
3.379460 0.695324 0.878765 -0.724639 1.503436 1.228359 0.097984 0.339358 -0.134389 -0.038646 0.258818 0.051676 
3.534228 0.580426 1.074266 -0.270888 1.414089 0.391044 0.562026 0.759520 0.356084 0.425525 0.401127 0.058525 
3.462492 0.654087 1.186165 -0.403257 1.120629 0.643809 0.733221 0.928645 0.067375 0.200313 0.221877 0.026878 
3.598765 -0.345876 0.351669 0.496034 0.456470 -0.684550 0.335776 0.785704 0.078321 0.583051 0.107508 0.002302 
3.084496 -1.215823 0.191662 -1.334750 0.003286 1.061202 0.152291 -0.518655 0.096431 -0.044586 -0.030597 0.046328 
2.021882 0.373605 0.046461 -0.547403 -1.570493 -0.980206 -1.321783 -0.137630 -0.260115 0.131489 0.232394 0.103162 
2.014709 0.346623 -0.110668 -0.470231 -0.335265 -1.718353 -1.327878 -0.346149 -0.304071 -0.433875 -0.137830 -0.054863 
0.857991 1.147923 0.317561 -0.753726 -0.740730 -2.110894 -0.559266 -0.501628 -0.818188 -0.544047 -0.118288 -0.016936 
1.031745 0.378324 -0.696817 -0.814431 -1.744305 -1.735638 -1.267674 -0.661664 -0.578727 -0.209894 0.017614 -0.013650 
1.320141 0.972466 0.150385 -0.474778 -0.848113 -1.929771 -0.943757 -1.436329 -0.437605 -0.066149 0.241211 -0.021094 
2.350360 0.451957 0.789259 0.656402 -0.324154 -0.332387 -0.970652 -0.685901 -0.346231 -0.235072 0.098710 0.049293 
1.040787 1.171132 1.006286 1.947692 1.377820 0.178098 -0.185578 -1.027620 -0.366326 -0.469920 -0.361349 0.005862 
1.252717 1.367515 1.373000 0.694466 -0.110824 -0.239423 -1.056610 -0.244984 -0.653246 -0.516267 -0.203326 -0.069669 
1.228023 1.029543 1.244268 0.752865 -0.196841 -0.080850 -0.627799 -0.709064 -0.639344 -0.493394 -0.333853 -0.086749 
1.434838 1.158994 1.241792 0.424764 0.256914 -0.817439 -1.130788 -0.367527 -0.383881 -0.471680 -0.103763 -0.082210 
1.093003 1.793358 0.828402 0.595824 0.666142 -0.436383 -1.042091 -0.555107 -0.043380 0.230200 -0.095149 -0.123911 
1.216293 1.377008 0.631892 0.684226 0.440912 0.595738 1.602924 0.461030 0.117217 -0.323623 -0.201938 -0.067017 
1.151217 0.644383 0.605541 0.835829 1.241124 0.992900 1.083610 1.143150 0.785047 0.321879 -0.118296 -0.125882 
0.933766 0.593106 0.325434 1.655965 1.863667 0.898394 2.180999 0.826130 1.090394 0.260119 -0.114026 -0.121391 
0.742328 0.715426 1.232084 0.684579 1.193306 1.997232 1.617577 0.251168 1.332042 -0.171719 -0.011711 -0.044850 
0.965285 1.218341 0.845552 1.651776 2.753563 0.608148 1.210851 1.010911 0.576732 0.014319 0.161712 -0.033747 
0.735806 0.614106 1.096966 1.459736 2.031190 1.708909 1.668776 0.724064 0.605694 0.123104 0.056858 -0.046734 
0.725030 0.603229 1.028887 2.087562 2.045607 1.291873 1.389680 0.843213 0.614946 0.020663 0.004650 -0.019271 
1.797716 0.680616 0.788593 2.081988 -0.137223 2.118265 0.562535 0.754766 1.058550 -0.049660 0.259406 -0.023050 
5.047756 -0.586153 0.559285 1.136318 1.064081 1.697840 1.673618 0.710408 0.588422 0.553516 0.177960 -0.033542 
4.632098 2.350809 0.730655 0.448816 0.584859 0.816478 0.615287 0.219311 -0.013600 -0.086133 0.378640 0.129101 
3.130392 2.673901 2.405003 2.015563 1.507628 0.956676 0.546491 0.292481 0.243233 0.194098 0.193919 0.026412 
6.354125 2.726306 3.400927 4.043970 0.739099 -0.373609 0.491647 1.340815 0.206306 -0.037702 0.242348 0.133561 
2.984789 2.591797 2.451575 2.297569 1.962981 1.531256 1.231889 0.798173 0.391787 0.298627 0.142328 0.043705 
2.903148 2.446097 2.203213 2.014353 1.971146 1.588403 1.154616 0.941342 0.550052 0.281527 0.126849 0.046128 
4.779345 2.974599 3.630752 2.988685 2.670910 2.341146 2.198662 1.741948 0.447361 0.293298 0.224334 0.062968 
4.146615 1.448050 2.336225 1.114378 1.750896 1.647627 1.683846 2.074552 0.479349 0.137302 0.301344 0.065489 
3.470593 0.949171 1.293420 0.336905 1.679242 1.949596 1.099707 1.009753 0.545264 0.196845 0.169864 0.032771 
3.440620 0.699066 1.198851 -0.360920 1.721117 1.645258 1.079108 1.095918 0.414038 0.267503 0.277274 -0.001187 
3.322949 0.974452 0.879373 -0.468603 1.116755 0.398523 0.768459 0.981571 0.297500 0.267494 -0.084343 -0.037010 
3.493171 1.112680 1.225400 -0.259383 1.728924 1.245890 0.866989 1.235352 0.327468 0.206207 0.020456 -0.031215 
3.614834 0.567956 0.748360 -0.835079 0.817001 0.219990 0.448982 1.199970 0.356425 0.018593 0.014548 -0.005125 
-1.#IND00 -1.#IND00 -1.#IND00 -1.#IND00 -1.#IND00 -1.#IND00 -1.#IND00 -1.#IND00 -1.#IND00 -1.#IND00 -1.#IND00 -1.#IND00 
-1.#IND00 -1.#IND00 -1.#IND00 -1.#IND00 -1.#IND00 -1.#IND00 -1.#IND00 -1.#IND00 -1.#IND00 -1.#IND00 -1.#IND00 -1.#IND00 
