3.157398 0.098162 0.434378 -1.403337 1.625700 0.329176 0.731077 0.752147 0.440360 0.075304 -0.004114 -0.020846 
3.215065 0.070551 1.058870 -0.645390 0.889663 1.141893 0.446247 0.938842 0.169899 0.050747 -0.121207 -0.045204 
2.955992 0.650918 0.749608 -0.108657 1.450984 0.857612 0.763154 0.630198 0.244409 0.679467 0.133244 -0.034158 
3.299909 0.639763 0.786211 -1.223170 1.212736 0.713846 0.736668 0.967840 0.233925 0.367455 0.228460 -0.004173 
3.056026 0.225639 0.430163 -0.741397 1.709203 0.745073 0.512692 0.430595 0.165967 0.061296 0.152512 0.026901 
3.846733 0.699241 1.712030 -0.519396 1.184670 1.549278 0.793229 1.009046 0.425594 -0.148280 0.326774 0.077294 
3.365848 0.438267 1.058917 -0.813425 1.313295 0.542805 0.186855 0.191688 -0.149979 -0.000675 0.169337 0.008866 
3.123180 0.244314 0.847840 -0.505505 1.763884 1.719870 0.914836 0.684768 0.486154 -0.024824 -0.022897 0.023211 
3.202363 0.525099 1.093220 -0.697687 1.779772 1.371038 1.397799 0.813344 0.119623 0.031766 0.144499 0.044816 
3.245574 0.589364 0.623915 -0.361718 1.181868 0.549686 0.603794 0.941522 0.131724 -0.010320 0.173720 0.021758 
3.302717 0.770371 1.173983 -0.066600 1.177244 1.310749 1.015541 1.034199 0.547226 0.158113 0.262477 0.032816 
3.329669 0.647255 0.719544 -0.864088 1.194640 0.322955 0.477112 0.892145 0.252010 0.074133 0.136066 -0.012316 
3.460289 0.340866 0.853697 -0.889046 0.355158 0.989645 0.280535 0.356801 0.012000 0.037288 -0.081091 -0.000758 
3.433008 0.552223 1.169257 -0.576007 1.353411 0.642734 1.048208 0.572443 0.417297 0.166382 -0.119511 -0.008700 
3.472479 0.556474 1.138781 -0.217134 1.325552 1.145742 1.073931 0.538367 0.528081 0.226283 0.188506 0.033823 
3.533372 0.120801 0.778674 0.149858 1.540952 1.881382 0.780107 1.130377 0.384064 0.355874 0.018153 -0.037171 
2.717703 -0.662247 2.286742 0.289642 1.514146 0.923677 -0.496159 1.143961 1.645388 -0.104087 -0.080747 0.044639 
-0.199141 -0.589497 2.821954 -0.312514 0.144436 1.389645 0.296508 -0.858158 2.354974 0.226739 0.201653 0.065347 
-1.259800 -1.750567 2.318398 -0.569911 1.616917 1.530607 0.828953 0.440319 1.210288 0.062321 0.077009 -0.054386 
-0.786509 -1.799560 1.531223 0.085942 0.412605 -0.003674 -0.297939 0.514509 -0.100819 0.067705 0.418830 0.063589 
-0.635131 -1.746522 2.008939 0.242601 1.358351 -0.265598 0.349263 -0.049785 0.367829 -0.123006 0.129875 0.047571 
-0.544620 -1.713667 1.230906 -0.378904 0.297794 0.440336 -0.129790 -0.026532 0.368472 0.068000 0.011999 -0.009804 
-0.417168 -1.731901 0.826348 -0.701160 -0.081426 -0.157808 0.522657 0.180927 0.045188 0.154428 0.193185 -0.005491 
1.143382 0.768031 1.983812 1.073451 0.959344 0.995093 0.411588 0.174503 0.721067 0.313199 -0.215936 0.013191 
0.673275 1.759935 0.696810 0.820172 1.304703 0.128312 2.015882 0.670221 1.060961 0.204451 0.041758 -0.126605 
1.029593 1.177518 1.177567 0.894395 0.983163 1.462109 0.816474 1.187904 0.522676 0.003696 -0.183657 -0.052474 
0.875682 1.516539 0.376105 0.857089 1.132456 1.043357 1.778057 1.510217 0.586439 0.074808 -0.113156 -0.135800 
0.939289 1.427539 0.651296 1.080738 0.622856 1.596092 1.406771 1.001058 0.530842 0.085559 -0.188434 -0.117992 
1.298270 0.834729 0.758321 1.016834 1.769514 1.264629 2.004414 0.203966 0.315031 0.114947 0.160839 -0.034593 
2.827186 -0.138809 1.342926 1.417621 1.191431 1.000714 1.292379 0.522877 0.294511 -0.071116 0.409554 -0.003169 
2.938260 0.060877 1.314029 1.172924 0.208958 0.933779 1.556773 0.346776 1.076092 0.084847 -0.070019 -0.011291 
4.658484 1.848452 0.805229 1.453909 0.291837 0.967135 0.496717 0.160637 0.445312 0.247845 0.259170 0.073755 
4.058142 2.921598 2.022848 1.361715 0.674456 0.013023 -0.059193 0.185160 0.345721 0.284405 0.143123 0.044083 
7.203959 4.462136 2.131400 0.075549 0.309709 0.290224 1.224206 1.699809 0.420778 0.262899 -0.002628 -0.030720 
4.922048 3.496020 3.986353 3.421466 1.546485 0.740608 0.864051 0.984191 0.166855 -0.123373 0.146015 0.044733 
2.082958 0.929936 1.754182 2.200046 0.321662 -0.541518 -1.158836 -0.109938 -0.496379 0.547244 0.662139 0.001929 
0.836849 0.500247 1.163109 -1.294779 1.199584 -1.038551 -0.443454 -0.685908 0.137195 1.079004 0.461096 0.152254 
-0.110589 0.426166 0.702146 -0.829533 0.323313 -1.289641 0.650722 -0.597546 0.714359 0.347430 0.261904 0.182542 
-0.872211 -0.463711 1.801762 -1.818220 1.303806 -0.509635 0.493568 -0.409395 0.267787 0.356740 -0.013546 0.044807 
-1.160206 -0.256208 1.884392 -1.241803 1.395289 -0.184257 0.589839 -0.260104 0.441000 0.419235 -0.077733 0.119706 
-1.306872 -0.820382 1.626935 -1.543002 1.255685 -0.368952 0.787225 -0.490309 -0.433863 -0.063741 -0.056883 0.079129 
-1.177570 -0.633890 1.623051 -0.941732 1.499535 -0.539213 0.100333 0.191212 -0.098421 -0.022511 0.217152 0.081271 
-1.089289 -1.027325 1.543128 -1.585448 1.223817 -0.246309 -0.258495 0.337705 0.511463 0.562943 0.006654 -0.116338 
-0.604296 -1.085815 1.122109 -1.453953 2.273218 -0.207950 -0.607041 -0.122789 0.211443 0.874140 -0.374446 -0.126564 
-0.501896 -1.034011 0.863324 -1.583050 2.114056 -0.751054 -0.138012 -0.332315 0.561056 0.828537 0.301656 -0.000679 
-0.693444 -0.669214 1.210192 -1.275142 1.759310 -0.547715 0.053826 -0.282176 -0.029261 0.371974 -0.041127 0.093294 
-0.495141 -1.468493 1.771121 -1.573176 1.235359 0.311428 0.598166 0.813196 0.876871 1.183605 0.273420 -0.025494 
-0.967168 -1.864489 1.690612 -0.795435 2.342472 1.026994 -0.135757 0.235273 1.489851 0.513143 0.366696 0.022704 
-1.#IND00 -1.#IND00 -1.#IND00 -1.#IND00 -1.#IND00 -1.#IND00 -1.#IND00 -1.#IND00 -1.#IND00 -1.#IND00 -1.#IND00 -1.#IND00 
-1.#IND00 -1.#IND00 -1.#IND00 -1.#IND00 -1.#IND00 -1.#IND00 -1.#IND00 -1.#IND00 -1.#IND00 -1.#IND00 -1.#IND00 -1.#IND00 
