3.608496 0.529251 1.384074 -0.607836 1.992895 1.812343 1.324420 0.763929 0.355616 0.119078 0.031103 -0.019325 
3.406792 0.687209 1.758173 -0.042316 1.739911 0.492318 1.270373 1.026497 0.890222 0.411889 0.076250 -0.017720 
3.322560 0.718859 1.487193 0.378026 1.597391 1.637356 0.557729 1.318651 0.789745 0.565563 0.126208 -0.085327 
3.535891 0.834813 1.036384 0.465465 1.431508 1.051393 0.703869 1.165890 0.662752 -0.078373 0.021650 -0.039014 
3.344368 0.780867 1.771104 -0.279660 1.624406 0.538039 1.026147 1.369003 0.399006 -0.013734 0.005225 -0.016771 
3.349959 0.496674 1.432036 -0.553964 1.447911 1.063523 1.068616 0.554514 0.012027 0.265805 0.099862 -0.007203 
3.120822 0.924450 1.056445 0.119650 1.046689 0.976696 0.001012 0.645931 -0.085478 0.210705 0.359538 -0.020322 
3.217397 0.415166 1.461947 0.237375 1.734297 1.705892 1.769627 1.128683 0.419576 0.324053 -0.107750 -0.019834 
3.331222 0.600496 1.201491 0.181456 1.848360 1.439403 1.296574 1.448858 0.165191 0.090932 0.083698 -0.038718 
3.168737 0.947904 1.471805 0.206598 1.624656 1.184910 0.727991 1.351259 0.459537 0.329704 0.326654 -0.009693 
3.334200 0.769917 1.322274 -0.578811 1.003850 0.787872 0.799866 1.205216 0.231358 0.263092 0.077419 -0.048529 
3.255424 0.342989 0.988781 -0.975331 0.816571 1.174305 0.956625 0.811061 -0.246898 0.345528 0.163626 -0.042727 
3.435997 0.385715 0.742784 -0.371561 0.764985 0.951099 0.590152 0.730529 0.367579 0.220572 0.119768 0.006336 
3.373178 0.893273 1.525985 -0.332378 1.663227 1.161539 1.009633 0.468856 0.272874 -0.013359 -0.031228 0.026189 
3.568499 0.711000 0.790524 -0.282243 0.737531 0.526613 0.928216 1.090545 0.245087 0.172202 -0.009688 -0.016037 
3.315652 0.762668 0.918338 -0.902855 1.126338 0.919026 0.756082 1.381497 0.041285 -0.007894 0.409656 0.003497 
3.278614 0.834358 1.165714 -0.491025 1.112543 1.261932 0.376108 0.474658 0.039927 0.443800 0.288470 -0.015654 
2.917076 -0.302475 2.585353 -1.434508 0.780312 2.751444 0.093179 0.438773 0.157622 0.110813 0.187092 -0.069652 
-0.137902 -1.407849 2.458523 -0.340500 -1.603952 0.453521 2.274723 2.657569 0.292457 0.658528 -0.223680 -0.086080 
-0.562070 -1.406248 3.170093 -0.721345 -0.992191 1.140744 1.184509 0.132270 0.972666 -0.034796 0.113919 0.025101 
-0.718935 -1.524146 3.039619 -0.005794 0.390646 0.456586 0.587713 -0.610372 0.567482 -0.067104 -0.289350 0.122730 
-0.642957 -1.624585 1.919584 0.084277 -0.759867 -0.079770 -0.849300 -0.252618 0.209981 -0.343761 0.371711 -0.011215 
-0.749373 -1.590659 1.662853 0.495519 -0.117240 0.144820 -0.260391 0.002422 -0.015437 -0.506580 0.549639 -0.034657 
-0.400914 -1.689152 1.495433 -0.384512 0.296656 1.416101 0.293281 0.042938 0.241080 -0.172719 0.133624 0.043496 
0.723893 1.991629 1.494474 1.196066 2.111854 0.083187 0.935187 0.921404 0.127874 0.329888 0.242552 -0.081336 
0.705551 0.906343 2.093203 0.770931 1.962711 1.711434 1.006041 0.379548 0.503926 0.443470 -0.177311 -0.036745 
0.931146 0.979248 0.603092 1.314055 0.941786 1.440887 0.982524 0.947811 0.384570 -0.062753 0.012614 -0.101136 
1.447848 0.769226 -0.027688 0.149204 1.326491 1.599506 1.154453 1.224001 0.581966 -0.134266 -0.283250 -0.146843 
0.662183 0.417215 1.022819 0.718310 2.137119 1.098894 2.241929 1.281147 0.836506 -0.205981 -0.104684 -0.130643 
1.590524 0.858082 1.114030 1.050663 1.455070 0.626820 0.779885 0.870707 0.475951 -0.173566 0.194773 -0.004850 
1.780159 1.065048 1.088398 1.162208 1.263706 0.863623 0.331941 0.747376 0.979960 0.044005 0.512756 -0.078109 
3.350598 0.271278 0.650431 0.940282 1.391901 1.065572 1.113427 0.835812 0.776650 0.041328 0.039687 -0.020672 
4.755609 0.870544 0.954660 0.630568 1.819884 1.616936 0.541591 0.453857 0.742660 -0.230415 -0.103303 0.032982 
4.096763 2.978055 1.634668 0.969120 1.385780 1.708198 1.427429 0.863753 0.495821 0.140414 -0.038317 -0.003784 
2.313377 1.994392 2.521830 -1.405430 0.370913 0.531199 0.384641 -1.100459 -0.126533 0.465140 0.223428 0.154283 
2.024769 0.995983 0.268674 0.564155 -0.470876 0.117176 -1.549612 0.468378 0.543940 0.121953 0.132865 0.136404 
0.249010 -0.259148 0.693442 -0.133699 1.013050 -0.701703 0.414146 0.169233 0.804491 0.571913 0.098786 0.097727 
-0.274151 -0.763565 1.934773 -0.398706 1.639973 -0.776475 0.037073 0.627785 0.862696 -0.027525 0.331944 0.073790 
-0.290912 -1.036372 2.416192 0.617019 1.641939 0.718750 0.848318 0.493390 0.708317 -0.195280 0.305058 -0.014013 
-0.643251 -0.396448 2.034914 0.345504 2.324182 -0.049692 0.211640 0.391811 1.047472 0.047910 -0.137453 0.105592 
-0.627734 -1.496230 2.066650 0.020725 1.503663 -1.499506 0.195878 -0.535296 0.989573 0.790312 0.318053 -0.008642 
-0.405361 -1.690941 2.362767 0.079150 1.594504 -0.730198 0.183141 -0.544188 0.261550 0.755077 0.301387 0.021803 
-0.517220 -1.654225 1.731711 0.513341 1.051613 0.244365 -0.239648 -0.020302 -0.237941 0.566402 0.347137 0.112611 
-0.363769 -1.795509 1.114597 -0.371330 1.508402 0.312425 -0.016642 0.056468 -0.096076 -0.176699 0.253797 0.237800 
-0.642762 -1.868473 2.471893 -0.709288 1.568498 1.048363 0.010214 0.413455 0.762121 0.400275 0.403546 0.043016 
-0.366495 -1.160466 3.011315 -1.005128 0.869961 0.507585 0.408449 1.038899 0.921918 0.218781 0.301511 0.046524 
0.292208 -0.908387 4.372770 0.270711 -0.170774 -0.778727 -0.929323 0.167299 -0.134032 0.107812 0.184021 0.009043 
1.804840 -1.362168 4.500354 -2.286001 0.720589 0.693537 -1.445272 1.252956 0.743306 -0.096823 0.436807 0.050918 
-1.#IND00 -1.#IND00 -1.#IND00 -1.#IND00 -1.#IND00 -1.#IND00 -1.#IND00 -1.#IND00 -1.#IND00 -1.#IND00 -1.#IND00 -1.#IND00 
-1.#IND00 -1.#IND00 -1.#IND00 -1.#IND00 -1.#IND00 -1.#IND00 -1.#IND00 -1.#IND00 -1.#IND00 -1.#IND00 -1.#IND00 -1.#IND00 
