3.463489 0.952097 0.996251 -0.110737 0.243417 0.910093 0.298311 0.326248 0.217479 0.760338 0.196254 -0.001697 
3.374046 0.669494 1.822808 -0.519526 0.895662 0.948855 0.531949 1.420797 0.312779 0.183443 0.208702 -0.041124 
3.554649 0.590191 0.495426 -0.743969 0.849980 0.228337 0.501104 0.639858 0.186463 0.202932 -0.152556 -0.050339 
3.423724 0.451531 1.247280 -0.556190 1.146899 1.244107 0.481395 0.172275 0.053341 0.102825 0.145568 0.021636 
3.407147 0.612762 1.327067 -0.783841 1.256840 0.641829 1.188132 0.359741 -0.241891 0.419578 -0.016971 -0.033271 
3.536902 0.315991 1.109611 -0.344451 0.946996 0.960389 0.504672 0.688766 0.230821 0.227535 0.029263 -0.024886 
3.350905 0.837741 1.401082 0.137463 1.569571 0.526802 0.513509 0.667827 0.201112 0.046569 0.036465 0.027594 
3.322268 1.153880 0.967256 -0.600503 0.939164 1.584695 0.863860 1.003767 0.170621 0.731865 0.271690 0.003855 
3.264806 0.959672 0.872738 0.274090 1.371915 0.404909 0.961194 0.754066 0.111542 0.592320 0.400414 0.040100 
3.397420 1.133103 1.346622 0.308575 1.483764 0.735297 0.642385 0.214986 0.492236 0.361474 0.006784 -0.009560 
3.384499 1.018722 1.799234 -0.712749 1.269956 0.859416 0.246583 0.930754 0.370265 -0.045530 0.384145 0.048694 
3.454225 0.963189 1.227846 -0.177402 1.540693 0.651447 1.011682 0.413572 0.846588 0.371205 0.309054 0.061616 
3.270398 0.544746 1.289867 -0.324998 1.447927 1.250968 1.045415 0.709798 0.135822 0.211372 0.204327 0.018656 
3.258256 0.767884 1.103883 -0.071959 2.008858 1.109585 0.515665 0.845275 0.212374 0.397177 0.081899 -0.007607 
3.406278 0.526454 0.818907 -0.181235 0.940369 0.305990 0.250199 1.487948 0.015822 0.399651 0.211301 -0.026270 
3.132361 0.264788 1.570660 0.361440 1.474785 0.873444 0.218687 0.903170 0.500391 0.556854 0.324316 -0.026824 
2.233325 -0.370280 2.371882 -1.583956 1.867195 0.915955 0.159291 0.320091 1.014393 0.390001 0.108883 0.045443 
-0.842560 -2.082137 2.503156 0.759154 1.439339 -0.454527 0.215284 -0.025324 0.523381 0.798750 0.485649 0.141113 
-0.339158 -1.556854 1.092658 -1.177483 1.126327 1.159319 -0.562510 -0.537522 0.268587 -0.687578 0.228585 0.150544 
-0.580688 -1.495770 1.257806 -0.981105 1.365071 -0.264604 0.542718 -0.407391 0.252336 0.373716 -0.328921 0.196101 
-0.587919 -1.826952 1.394209 -0.005248 -0.078561 0.637743 -0.647365 -0.150849 -0.129283 -0.368284 0.534746 0.112865 
-0.474319 -1.800340 1.411369 -0.075428 0.172352 -0.546425 -0.925372 -0.300324 0.424639 0.529919 0.338847 -0.142549 
-0.673110 -1.732494 0.966572 -0.361128 1.162571 -0.581654 -0.318600 -0.560956 0.632599 0.147124 -0.133438 0.052083 
-0.231464 -1.804693 0.888264 -0.149047 0.595096 -0.285202 0.654616 -0.312501 0.310550 0.382379 0.116380 0.082811 
1.167520 1.710135 2.147703 0.943370 0.476555 0.438294 0.821897 0.209442 0.634400 0.687317 0.126781 -0.115865 
0.865933 1.145319 0.851396 1.188812 0.741573 1.392965 0.811870 1.145013 1.231621 -0.039498 -0.341123 -0.107597 
1.033558 0.709360 1.440009 0.205788 1.218300 0.921744 0.957577 1.335989 0.567206 0.164434 -0.267204 -0.112601 
0.655683 1.024065 0.592333 1.539998 1.005375 1.824719 1.633286 0.702171 0.816192 0.066550 -0.260912 -0.111136 
1.281863 0.582941 1.300177 1.042938 1.328879 0.997407 1.274079 0.612479 0.745799 0.011944 0.269705 -0.061745 
1.884269 0.404146 1.217041 1.541829 1.510034 0.822634 1.686315 0.949503 0.430026 0.062163 -0.032532 -0.040867 
2.279650 0.662492 0.462932 1.017426 1.830584 0.130468 0.916279 1.305607 -0.221292 0.230751 -0.090275 -0.012111 
4.097366 1.306700 1.579953 1.068453 1.118492 1.525456 0.264851 -0.484403 0.421284 -0.103946 0.296693 0.104732 
3.941710 2.301035 0.851553 0.822734 1.576147 1.182277 0.417941 0.039880 0.388831 0.444372 0.175571 0.025831 
3.537584 2.801437 2.256813 2.117846 1.984872 1.745758 1.292405 0.393762 0.152251 0.104205 0.180682 0.032542 
1.616643 2.282916 0.361715 -0.404882 -0.429289 -0.047869 -0.207440 -1.355422 0.784053 0.762301 0.509789 0.108851 
2.373382 1.155618 0.384496 1.623963 -0.254426 -1.950537 -0.686882 -0.781697 -0.928054 0.074832 0.323465 0.078497 
0.156215 0.146694 1.312478 -0.446958 0.260988 -1.188102 -0.347165 0.258521 0.604082 0.693646 0.303518 0.172322 
-0.681285 -0.676907 2.317336 -1.143107 0.535630 -1.536780 0.681910 0.400678 0.100131 -0.187544 0.157013 0.077931 
-0.722102 -0.828382 1.421886 -0.744163 0.505517 -0.340472 -0.593505 0.830569 -0.621075 -0.683460 0.650260 0.004084 
-0.667053 -1.172886 1.275487 -1.179221 0.708936 -0.017706 -0.720136 0.808374 0.355300 -0.759164 0.250004 0.080154 
-0.547482 -1.359888 1.859572 -1.652137 -0.730702 -0.238722 -0.721406 0.187719 0.823275 -0.648554 -0.246536 0.055552 
-0.633416 -1.279908 1.764371 -0.906988 -0.260050 0.351986 -0.311257 -0.182143 0.150789 -0.132943 -0.327626 0.037349 
-0.911497 -0.749473 2.390581 -0.689224 -0.151042 -0.401069 -0.571753 0.013259 0.000808 0.142185 0.103038 0.037892 
-0.693822 -1.320918 3.098779 -0.613850 0.402503 0.150033 -0.179297 -0.078213 0.412813 0.323295 0.109841 0.137069 
-0.435206 -1.544989 2.802830 -0.802884 0.227724 1.320443 -0.603581 0.085047 0.581230 -0.160924 0.144400 -0.038109 
0.368159 -1.000084 2.242895 -0.646710 0.418268 0.029358 0.173843 0.030861 0.711380 0.109719 -0.058972 0.040758 
0.866552 0.028120 3.524933 -0.358411 -0.568197 -0.301624 0.122569 -0.759225 -0.000615 0.211911 0.215689 0.078847 
1.568367 0.156247 4.648066 -2.567121 -0.393383 0.625887 -0.043130 -0.296633 -0.725338 -0.616277 -0.283749 -0.038439 
-1.#IND00 -1.#IND00 -1.#IND00 -1.#IND00 -1.#IND00 -1.#IND00 -1.#IND00 -1.#IND00 -1.#IND00 -1.#IND00 -1.#IND00 -1.#IND00 
-1.#IND00 -1.#IND00 -1.#IND00 -1.#IND00 -1.#IND00 -1.#IND00 -1.#IND00 -1.#IND00 -1.#IND00 -1.#IND00 -1.#IND00 -1.#IND00 
