3.360095 0.222729 1.099482 -0.667233 1.310458 0.079007 1.297874 0.597688 0.416115 0.346818 0.042735 0.025033 
3.542604 0.533848 1.220416 0.298105 1.370832 0.623433 0.918002 0.867081 1.040387 0.299489 0.270527 0.050582 
3.100634 0.612776 0.128240 -0.357059 1.197470 0.718077 0.195198 0.451396 0.037427 0.078746 0.072078 0.046441 
3.382990 0.814316 0.844760 0.506182 1.209589 0.564556 -0.131683 0.707977 0.354795 0.342397 0.177521 -0.019909 
3.303503 1.318071 0.955372 -0.191345 0.830373 0.550151 0.636141 1.196290 0.500180 0.000306 0.303865 0.023581 
3.363686 1.343143 1.133137 -0.212712 0.677169 1.280818 0.512351 0.805754 0.357689 0.094257 0.060895 0.016253 
3.346614 0.454340 0.929996 -0.218723 1.368441 -0.107226 0.284177 0.435246 0.202361 -0.303444 0.061242 0.044636 
3.637341 0.670643 1.075481 -0.355059 1.068274 0.823959 1.310982 0.957180 0.295590 0.044043 0.004577 0.016840 
3.755074 0.667783 1.031732 -0.261928 0.853691 -0.071156 -0.099852 1.260545 0.064903 0.267472 -0.110383 -0.052878 
3.906168 0.352874 0.577594 -0.696192 1.300981 0.891718 -0.131282 0.717162 -0.032491 0.015720 0.182749 0.029460 
3.402248 0.990921 0.473328 -0.303348 0.350767 0.809897 0.229120 0.284329 0.571696 0.326457 0.178772 0.014558 
3.183133 1.025125 0.659034 -0.703120 1.412714 1.099828 1.175068 0.230219 0.255723 0.530439 0.318718 0.034939 
3.245533 0.619268 0.866581 -0.370909 1.079748 0.978096 0.320918 -0.017858 0.140215 0.072737 0.121913 0.046531 
3.482564 0.553999 1.082776 0.153461 1.217180 1.053863 0.760642 0.924523 0.660075 0.184117 0.231583 0.015656 
3.379533 0.625663 1.128748 -0.682473 0.899772 1.534073 0.654980 0.984484 0.308148 0.140944 0.014416 -0.047589 
3.400903 1.046128 1.076952 -0.859640 0.766412 0.948852 1.137426 -0.142632 0.107269 0.043039 0.011210 0.015720 
3.461964 -0.653710 2.920718 0.019254 -0.736618 0.880474 2.819448 0.664458 0.651390 0.455998 -0.095780 -0.043893 
-0.309685 -0.948129 2.468045 1.316180 0.569138 -0.627125 0.716989 -0.467013 -0.018795 1.047318 0.293074 0.035216 
-0.582514 -1.703389 1.916578 1.812765 -0.004605 -0.810589 -0.438010 -0.728702 0.553809 0.606425 -0.040089 -0.104202 
-0.672233 -1.918850 2.423361 0.507485 0.064732 -0.972773 0.104686 -0.321612 -0.190460 0.052255 -0.493939 0.020249 
-0.799641 -1.697629 1.799073 -0.252705 -0.760748 -0.025027 0.714214 -0.648233 -0.628087 -0.060547 0.107842 0.082643 
-0.349972 -1.765258 0.890871 0.473318 -0.783516 -1.213031 1.249020 0.380082 -0.613404 -0.232174 0.362816 -0.047895 
-0.559649 -1.776464 0.970690 0.081061 0.089644 -0.750942 -0.528156 0.326429 0.478791 0.992409 0.160707 -0.081686 
1.614980 0.450546 2.160702 1.259492 -0.119692 0.506230 1.448031 1.053687 1.921553 -0.093798 0.153767 -0.057142 
0.836810 0.952847 1.198148 1.376836 0.669176 1.215682 1.377805 0.635390 0.962673 0.434972 -0.286078 -0.099031 
1.402328 1.380239 0.191025 0.196532 1.494627 1.534051 1.153130 1.024357 0.712740 -0.269879 -0.126429 -0.117449 
1.441806 0.038834 0.810850 0.095265 1.267651 1.491585 2.078825 1.179112 0.679631 -0.224304 -0.140830 -0.200294 
0.848483 0.911872 0.813111 1.195961 1.444806 0.666889 2.074298 1.104250 0.372231 -0.009062 -0.258306 -0.061259 
1.371171 1.022235 1.138753 0.625306 0.686669 2.077734 1.062337 0.658291 0.486950 -0.099197 -0.024390 -0.017844 
1.910235 0.065950 1.191629 1.205891 1.431708 2.129568 0.737544 0.153411 0.653248 0.321125 0.087234 -0.057806 
2.695645 0.700448 0.275994 0.513293 1.234078 1.167981 1.506546 1.665971 -0.092489 -0.002457 0.108577 -0.043788 
4.613706 0.943621 0.431547 0.593589 0.561093 1.597565 1.698974 0.543256 0.354362 0.189113 0.131941 0.030139 
4.662548 3.346960 2.092831 1.736584 2.284766 2.426491 1.829558 0.580001 0.044893 -0.066669 0.023787 0.028096 
5.725620 3.263467 2.705134 2.259908 1.677558 1.117739 1.983263 2.008369 0.256240 -0.375020 -0.031765 0.021950 
4.415737 2.750175 3.394750 2.699852 2.415063 1.769508 1.416879 1.138784 0.432054 -0.133507 0.070253 0.025562 
2.802403 2.316029 1.818306 1.696938 1.473736 1.068032 0.602259 0.468482 0.282284 0.145655 0.150162 0.022322 
3.704049 0.842550 1.617104 0.878976 -0.219917 -1.368340 0.239445 -0.815208 -1.092736 0.045247 -0.467779 -0.123396 
-0.145147 -0.655647 1.919727 -0.710941 -0.480888 -1.362874 -1.009502 -0.727086 0.037590 -0.061894 0.036361 0.138977 
-0.182783 -0.638750 1.613851 -1.689795 -0.665967 -0.754839 -0.352556 -0.291525 -0.010918 -0.008617 0.224957 0.028251 
-0.917125 -1.114531 1.724285 -1.828934 -0.306900 0.538539 -0.234487 0.149527 0.710872 -0.192814 0.019201 0.042426 
-1.076853 -0.727919 2.411379 -1.097801 -0.836587 -0.504504 0.321845 -0.758512 0.283026 0.111275 -0.191108 0.144316 
-0.776665 -0.508532 2.187060 -1.773993 0.068253 -0.345787 0.640383 -0.733098 0.463425 0.103682 -0.244129 0.134059 
-0.721854 -0.798174 2.248158 -1.075054 0.367739 -0.779608 0.886843 -0.983341 -0.040919 0.329772 -0.406571 0.175579 
-0.869904 -1.239624 2.497933 -1.446766 0.204018 -0.557820 -0.248402 -0.479061 -0.261295 0.683404 -0.185458 -0.059624 
-1.241729 -0.997382 1.828443 -1.320115 0.489495 -0.651366 -0.016148 0.260491 0.331854 0.186830 -0.197285 0.148521 
-0.730103 -1.295276 2.565067 -0.584893 0.426928 -0.107201 -0.309100 -0.142901 0.517780 0.022797 -0.112392 0.098979 
-0.570294 -1.643422 3.333933 -0.165435 -0.454141 -0.037561 0.204660 -0.599414 0.292873 0.120899 -0.053979 0.073766 
-0.758914 -1.252637 2.727616 0.689540 1.639231 -0.300624 -0.315253 1.138274 1.158966 0.169772 0.025554 0.081776 
-1.#IND00 -1.#IND00 -1.#IND00 -1.#IND00 -1.#IND00 -1.#IND00 -1.#IND00 -1.#IND00 -1.#IND00 -1.#IND00 -1.#IND00 -1.#IND00 
-1.#IND00 -1.#IND00 -1.#IND00 -1.#IND00 -1.#IND00 -1.#IND00 -1.#IND00 -1.#IND00 -1.#IND00 -1.#IND00 -1.#IND00 -1.#IND00 
