-0.058334 0.440219 0.063951 0.103011 -0.277332 0.759491 -0.188914 0.043129 0.271611 0.137096 0.063472 0.012524 
-0.073015 0.317592 0.079891 0.255945 -0.627947 -0.328482 -0.344209 -0.220348 0.634431 0.223824 0.011853 -0.086603 
0.286153 0.034019 0.220590 0.487518 0.193760 0.050277 0.646465 -0.605136 0.475828 0.394058 0.119392 0.092837 
0.192580 -0.193788 0.244287 -0.375895 0.183258 0.039702 0.207825 -0.367484 0.385502 0.085016 0.260965 0.024371 
-0.189887 0.214198 0.177551 0.049412 0.151474 0.255951 0.184666 0.186173 -0.293807 0.021984 -0.118795 0.096506 
0.025579 0.107695 0.007536 -0.435609 0.177577 -0.007288 -0.267685 0.075198 -0.024991 0.290177 -0.155024 0.013783 
0.070182 -0.178286 -0.199237 0.401071 0.233663 0.132580 0.328788 0.121975 0.202314 -0.232967 0.317320 -0.042371 
3.652632 0.439152 1.327996 -0.072391 1.060864 1.065015 0.860390 1.544230 0.380750 0.178988 0.308825 -0.027154 
3.372447 1.068935 1.523890 -0.164991 1.248850 0.573795 0.046520 0.597143 0.363989 -0.092402 -0.129138 -0.013790 
3.701980 0.941646 1.855416 -0.401871 1.525692 0.681083 0.685384 0.638423 0.312983 -0.260998 0.292734 0.058405 
3.626829 1.179891 1.156576 -0.238406 1.186834 1.332390 1.562522 0.375786 0.271799 0.107729 0.027119 -0.018446 
3.804931 0.865664 1.492046 -0.028397 0.760344 1.761001 1.368103 0.486464 0.440373 -0.031373 0.056922 0.005339 
3.228608 1.091078 0.993467 -0.366946 1.436196 1.159647 0.884453 0.794068 0.371782 -0.033545 0.116249 0.009704 
3.361308 0.872160 0.793706 0.355007 1.116091 1.174350 1.001570 0.693520 0.406238 0.237328 0.007489 -0.015265 
3.522440 0.258857 0.997650 -0.452006 -0.041676 0.754757 1.193195 0.927783 0.213453 0.113943 0.013014 -0.002941 
2.417660 -0.674721 2.356206 -1.262296 1.779219 0.018333 1.206864 0.245569 0.052809 0.179814 0.129377 0.095212 
0.318850 -0.149793 3.105003 -0.737968 2.417647 -0.154336 1.971106 0.016760 0.448551 -0.045130 -0.112384 0.060854 
-0.606245 -1.081431 1.767362 1.147612 0.866473 -0.228820 1.076261 -0.113466 0.053159 0.700488 0.802742 0.016524 
-1.302175 -0.783292 2.313431 -0.845568 2.151290 -0.372438 0.726654 0.090350 0.735754 0.615230 0.061985 0.184326 
-1.181579 -1.238290 1.907329 -0.074393 2.001408 -0.927155 0.575559 0.682672 0.033845 0.124524 0.158147 0.106584 
-0.750971 -0.915803 1.617934 -0.931664 0.763176 -0.974354 -0.286507 0.946311 0.271747 -0.735205 0.099474 0.105855 
-0.713467 -1.331616 0.780700 -1.135835 1.735973 -0.083023 -0.359925 0.064692 0.652547 0.740322 -0.182765 0.018625 
0.302360 0.198230 0.867944 -1.486609 1.492520 0.820016 -0.233900 -0.574787 0.353907 0.501220 -0.094293 -0.174673 
0.850894 0.960515 1.058033 1.455257 0.221568 1.591093 1.788670 1.263011 0.739448 0.326411 -0.066823 -0.171032 
0.538943 1.480644 0.552717 0.686503 1.705720 1.333355 1.991416 1.335658 0.652308 -0.117550 -0.159504 -0.123413 
0.776074 0.084122 0.832655 1.963717 1.791218 1.493224 2.195417 0.717891 -0.052551 0.072370 0.055942 -0.095197 
0.981564 0.152490 0.468396 1.496833 1.999631 1.305534 1.961724 1.323536 0.526395 -0.051367 -0.323480 -0.116045 
2.245365 0.039421 1.250046 1.453363 0.745433 1.394511 1.564863 0.643527 0.607710 -0.212044 -0.145317 0.035251 
2.052512 0.615815 1.906115 0.736158 2.472644 0.975596 0.242068 -0.017383 0.975734 0.317991 -0.076995 -0.013509 
2.683565 0.105820 2.483534 -0.273810 1.238313 1.191602 0.301257 0.677858 -0.224201 0.789658 0.377781 -0.144744 
4.986660 1.741967 0.520709 1.149259 1.347929 1.602734 1.363710 1.071759 0.744717 0.195372 -0.017806 -0.020231 
4.558029 4.054383 2.804780 1.388786 0.387495 0.031543 0.480718 0.537005 0.089729 0.063667 0.272384 0.072595 
4.138883 3.530428 3.276166 3.026412 2.260853 1.327485 1.212083 1.007811 0.441994 0.087867 0.033317 0.006057 
4.904766 4.002153 3.667711 2.521034 2.025566 1.422936 1.141922 0.416312 0.023768 0.150691 -0.006798 -0.013713 
3.131436 1.889956 1.857751 1.598615 1.833504 1.876865 1.509754 1.118893 0.311349 0.310197 0.058131 0.045557 
2.775332 0.891693 2.046090 0.035325 1.425478 -1.786820 -0.807927 0.628479 -0.411091 -0.781021 -0.101417 0.070008 
0.147958 0.420166 1.227871 -0.149988 -0.353593 -1.376638 -0.818864 -1.547420 -0.370709 -0.100717 0.225003 0.097192 
-1.059242 -0.447443 0.999114 -1.866753 0.883815 -0.924735 0.691336 -0.266162 -0.217725 0.195826 0.364724 0.086638 
-0.977646 -0.693017 1.136697 -1.687724 1.039783 -1.209183 -0.516990 0.638743 -0.339894 0.019966 0.032294 -0.013706 
-1.129392 -0.535069 1.395587 -1.552706 1.064372 -1.459521 0.116425 0.522334 -0.498682 0.629851 0.095147 -0.045635 
-1.000605 -0.339861 0.861952 -1.168168 1.692485 -0.913359 0.005013 -0.441926 0.077085 -0.128531 0.162645 0.058079 
-0.988352 -0.276018 0.644505 -1.250646 1.877628 -1.356104 0.798474 -0.494179 -0.010102 0.687530 0.068942 0.115735 
-1.001752 -0.619536 0.654059 -1.600849 1.914400 -0.115545 -0.425805 -0.270239 -0.026996 0.864263 0.144861 -0.037294 
-0.690066 -0.521307 0.585354 -1.133334 3.357733 -0.728965 1.479317 -0.664989 -0.135046 0.393214 -0.104969 0.105647 
-0.931616 -0.516733 0.892555 -1.827174 4.135415 0.583806 0.652054 -0.424070 0.207823 0.324423 0.109611 0.094420 
-0.430864 -1.166326 3.943282 -0.822414 1.088758 0.709297 0.051975 0.447434 -0.104650 0.671428 0.451170 0.029261 
2.249614 0.573864 2.439379 -2.597083 1.729659 -0.623567 0.583513 0.379520 -0.384715 0.423664 0.078182 0.060447 
2.472993 0.769783 1.859054 -1.054042 1.821286 0.594960 0.834345 1.209121 -0.138870 0.482444 -0.005973 -0.044893 
-1.#IND00 -1.#IND00 -1.#IND00 -1.#IND00 -1.#IND00 -1.#IND00 -1.#IND00 -1.#IND00 -1.#IND00 -1.#IND00 -1.#IND00 -1.#IND00 
-1.#IND00 -1.#IND00 -1.#IND00 -1.#IND00 -1.#IND00 -1.#IND00 -1.#IND00 -1.#IND00 -1.#IND00 -1.#IND00 -1.#IND00 -1.#IND00 
