0.283608 0.029589 0.215395 0.484397 0.192832 0.046428 0.645075 -0.606196 0.475341 0.395093 0.119639 0.093129 
0.190967 -0.196246 0.241254 -0.379789 0.176110 0.032611 0.200229 -0.371740 0.381692 0.081876 0.259085 0.022713 
-0.173058 0.240339 0.211183 0.086453 0.194221 0.302955 0.233602 0.231347 -0.255006 0.050811 -0.098330 0.104279 
0.014456 0.092401 -0.013835 -0.462098 0.148950 -0.035240 -0.298398 0.045969 -0.046472 0.274362 -0.164877 0.009933 
2.981230 -0.043518 0.972870 -1.252285 0.379593 2.059652 1.123641 0.584242 0.566655 0.365789 0.040679 -0.007868 
3.208325 -0.109786 0.825423 -1.038964 0.578474 -0.071627 -0.079917 1.168141 0.099790 -0.303220 0.098473 0.019129 
3.345325 0.614215 0.745164 -0.496914 1.209773 0.638304 1.334039 -0.071394 -0.037285 0.602327 0.100959 0.014485 
3.138932 0.521405 0.933624 -0.231595 0.892157 1.376477 0.884787 0.512845 0.133138 0.150291 0.202528 0.030513 
3.084156 0.582886 0.821482 -0.744954 0.244446 0.836443 1.072809 0.828356 0.182330 0.193135 -0.015193 -0.005050 
3.392465 0.163244 0.505579 -1.643123 -0.140918 0.983561 0.213233 0.384080 0.173799 0.360315 0.037907 0.001344 
3.009006 0.820961 0.668051 -1.598336 0.715043 1.224857 0.250104 0.401567 0.061867 0.118721 0.117189 0.037066 
3.367384 0.392128 0.945624 -1.083841 1.360973 1.128934 0.978836 0.547186 0.016186 0.135939 0.230130 0.052705 
3.155410 0.746227 1.245146 -0.159919 1.415062 1.680177 1.600051 1.137317 0.080257 0.280376 0.145161 -0.003944 
3.414782 0.619854 1.027723 -0.796568 1.535619 0.746938 0.681179 1.052814 0.101005 0.495386 0.450287 0.028238 
2.999208 0.271728 0.724119 -1.295451 0.980071 0.617250 0.646717 0.993312 0.531717 0.239725 0.066668 -0.074457 
2.855566 0.027675 1.546342 -0.384424 0.180361 0.410316 1.122939 0.930710 0.549501 0.297852 0.233183 0.010253 
0.067967 -0.877504 5.930736 -1.282603 -0.964901 1.715301 1.313746 -0.003556 0.372369 0.504334 0.006243 0.038813 
-0.457596 -1.410028 6.134196 -0.203011 -0.397280 1.228042 0.733597 -0.031967 1.717585 0.187180 -0.117278 0.222713 
-0.518856 -1.211922 2.922544 -0.774059 0.062154 0.912987 0.892364 0.156049 0.153130 -0.552917 0.344957 -0.046054 
-0.855387 -1.348772 3.494026 -0.398893 -0.146022 -0.699720 1.254681 -0.249910 -0.068505 0.015000 0.172701 0.062898 
-0.944367 -1.286322 1.803196 -0.995342 0.078609 0.859534 0.211817 -0.101151 -0.297229 -0.227400 0.590634 -0.103943 
-1.003508 -0.849233 2.337349 -0.007163 -0.939985 -0.319359 0.080261 -0.108095 -0.009758 0.026343 0.115642 -0.012327 
-0.858463 -0.994658 2.048225 -0.187487 -0.047669 0.887083 0.499576 0.214135 0.636429 -0.130297 0.043908 0.051163 
-0.254494 -1.177294 1.389633 -0.807506 -0.374107 0.213700 0.806109 1.153281 1.443037 0.041836 0.015547 -0.042235 
0.728100 1.199751 0.648804 0.619456 1.228954 1.972505 1.663897 0.916559 0.169079 0.052799 0.087542 -0.157020 
0.806877 1.208837 0.800970 1.242314 1.886110 0.638634 1.239832 1.124880 0.809298 0.188655 -0.213518 -0.097333 
0.956717 1.189634 0.522438 1.656798 1.159388 2.068858 1.304326 0.569780 0.431137 -0.070417 -0.304251 -0.019791 
0.602587 0.708213 1.665914 1.695121 1.400081 1.274955 0.767137 0.788190 0.392501 0.131530 -0.112689 -0.068586 
1.899707 0.964420 -0.130567 1.642102 1.266835 1.386575 0.815643 0.681208 0.506228 0.343276 0.264483 -0.045075 
3.217160 0.440580 1.489715 0.731187 1.122028 0.940706 1.113405 0.681316 0.216186 0.267401 0.099692 -0.038090 
1.708802 0.942704 2.344918 0.428688 1.983842 1.329664 0.834518 0.297806 0.695433 0.486376 -0.482728 0.044776 
3.833541 2.683527 1.486199 0.740502 0.359926 0.339489 0.521838 0.588358 0.519607 0.222780 0.103378 0.017320 
3.289405 2.291067 1.322327 0.868440 0.752946 0.551947 0.290601 0.123370 0.248225 0.344856 0.261548 0.056124 
4.869753 3.695924 1.834759 0.340041 0.149494 0.891862 1.010679 0.675827 0.631895 0.386660 0.231026 0.059581 
2.240728 3.004737 0.614544 0.369527 0.229468 -0.337246 -0.754181 -0.015168 -0.287795 0.056935 0.482057 0.071032 
2.149275 1.708925 1.472873 -0.381956 0.274323 -0.144263 0.477137 -1.115521 0.747165 -0.037191 0.336375 0.111832 
0.436702 0.689174 1.073450 0.037153 -0.771106 -1.212402 1.052504 -0.548650 0.285820 0.670819 0.270995 0.227908 
-0.089576 0.060946 1.361017 -0.280022 -0.123889 -0.512054 0.180620 0.182102 0.694593 0.064323 0.365763 0.181965 
-0.440393 -0.487394 1.706130 -0.552306 1.819238 -0.504867 0.404335 0.119896 0.770394 -0.014609 -0.084960 0.115176 
-0.640557 -0.259135 2.009515 -0.379079 0.965524 -0.743627 -0.189091 -0.267938 0.732865 -0.027326 -0.056100 0.052828 
-0.881717 -0.174237 1.488548 -0.304055 0.803197 -0.959409 0.768538 -0.460247 0.160527 0.571182 0.004381 0.046846 
-0.738601 -0.446779 1.647893 -0.447188 0.462010 -1.932600 0.184719 -0.397095 0.024290 0.254546 -0.136318 0.034894 
-0.476454 0.077048 2.848360 0.244334 1.894698 -0.895225 0.402750 -0.865730 0.235465 -0.242577 -0.100058 0.041350 
-0.417002 0.067871 2.962266 0.687870 1.980204 -0.069710 1.097314 -1.054055 -0.455807 0.281048 -0.108105 0.077984 
0.082797 -0.077035 2.992559 0.412290 0.961240 -0.676510 0.701630 -0.347056 0.240381 0.025805 0.265552 -0.055865 
0.893924 0.091912 1.670305 -0.686539 0.845006 -1.368349 0.245879 -0.199519 0.071127 0.278477 -0.062428 -0.087818 
2.907769 0.506450 1.491355 -2.433227 1.037434 0.690345 0.471713 0.106073 0.521997 0.053098 0.048914 0.071176 
3.866483 0.976884 0.840671 -0.881621 1.971014 0.634789 -0.020621 0.071768 0.040640 0.157967 -0.251190 -0.054432 
-1.#IND00 -1.#IND00 -1.#IND00 -1.#IND00 -1.#IND00 -1.#IND00 -1.#IND00 -1.#IND00 -1.#IND00 -1.#IND00 -1.#IND00 -1.#IND00 
-1.#IND00 -1.#IND00 -1.#IND00 -1.#IND00 -1.#IND00 -1.#IND00 -1.#IND00 -1.#IND00 -1.#IND00 -1.#IND00 -1.#IND00 -1.#IND00 
