3.440759 0.172039 1.581774 -0.109868 1.570554 0.386090 0.953874 1.354670 0.249041 0.228958 0.286038 0.011478 
3.017695 0.431591 0.756302 -0.289798 1.584788 2.068010 0.816772 0.720844 0.399778 0.302764 -0.179498 -0.074075 
3.388043 0.991304 1.025158 -0.358284 1.308560 0.408174 0.647606 0.619974 0.628395 0.012493 0.270472 0.052823 
3.250849 0.559219 1.395484 -0.245010 1.329083 1.341229 0.905648 0.891225 0.332912 0.040265 -0.054355 -0.058526 
2.870480 0.765556 0.819323 0.081421 1.057373 1.408215 0.956936 0.711081 0.887148 0.163336 -0.037025 -0.025565 
3.446300 0.307683 0.735709 -0.366937 1.589201 1.212640 1.509296 0.930878 0.220534 0.427421 0.333213 0.032978 
3.258008 1.101165 1.227528 -0.184431 1.677310 0.795759 1.078221 0.970486 0.228632 0.367066 0.213712 0.014938 
3.566031 0.535831 1.165638 -0.366191 2.053795 1.350049 1.296043 0.539098 0.468425 0.393366 0.274733 0.036941 
3.305426 0.723347 1.629442 -0.765565 1.812062 1.589008 0.785446 0.714098 0.521232 0.346963 0.318524 0.027219 
3.268668 1.204895 1.103918 -0.638758 1.057135 0.954013 0.609226 0.239600 0.067790 0.692503 0.229661 -0.005078 
3.223803 0.869088 0.847982 -0.851830 1.708955 1.143401 0.744370 1.167469 0.394861 0.347019 0.046515 -0.062209 
3.204933 0.363682 1.101177 -0.977338 1.694927 0.594893 0.828737 1.193117 0.573949 0.381933 0.178384 -0.022289 
3.368110 0.794243 1.173132 0.131514 0.887604 1.439738 0.964830 1.114038 0.698951 0.174943 0.306458 0.026198 
3.366994 0.923909 1.094195 -0.373266 1.220335 0.656472 0.872290 0.502970 0.085513 0.472838 -0.043863 -0.030460 
3.333434 0.880136 1.181244 -0.774147 1.249568 1.211538 0.120357 0.779203 0.332957 0.460089 0.127374 -0.021895 
3.061570 0.576438 0.771122 0.002420 1.073703 1.108231 0.435211 0.666267 0.449074 0.351281 0.228712 -0.067254 
2.747691 -0.541398 2.398265 -0.899038 0.777724 0.107366 2.404132 0.986164 0.009151 0.007120 0.167675 0.007382 
0.759180 -1.260549 3.048149 -1.726177 0.776245 1.146286 2.109793 -0.394535 -0.166998 0.196916 0.181646 0.025438 
-0.979510 -1.481380 3.427132 -0.335798 0.722760 0.502090 0.949713 0.809602 0.030714 0.441659 0.555882 0.029973 
-0.831867 -1.096266 3.042169 0.205214 -0.438160 0.179544 0.384517 -0.761543 -0.118792 -0.404197 0.195308 0.172149 
-0.808553 -1.354459 2.287047 -1.334021 -0.815898 0.132415 0.199883 -0.068761 0.098775 -0.247462 0.084698 -0.007746 
-1.048944 -1.498186 2.351864 -1.193020 0.639063 -0.749087 0.384794 -0.538185 0.525628 0.685116 -0.265957 0.027190 
-0.560807 -1.990180 0.449698 0.330669 0.132977 -0.616083 0.064578 0.039058 0.186108 0.336260 0.332132 -0.198428 
0.465953 -1.272415 0.976782 -0.654005 -0.183483 0.559078 -0.062313 1.563600 0.713462 -0.072508 0.011869 -0.049121 
0.956708 1.091182 1.525673 1.408731 1.126542 2.324569 -0.366554 0.314742 0.567461 0.104484 0.226880 -0.110800 
1.270897 0.913937 0.948440 0.909042 0.715462 2.611282 0.703402 0.963458 0.270754 0.022845 0.040621 -0.106204 
1.295666 0.815975 0.949925 0.179083 1.094212 1.313280 1.443161 0.523614 0.825931 -0.164638 -0.309245 -0.056092 
0.767218 1.088340 0.441343 0.289634 2.191096 2.209965 1.090464 0.441252 1.091744 -0.019691 -0.333703 -0.050226 
1.831681 0.925143 0.173111 0.582574 0.935054 1.533354 0.791305 1.172574 0.954204 -0.051059 -0.059990 -0.004657 
2.085860 -0.022109 1.607846 1.156830 0.985807 1.384360 0.932767 0.971749 0.428021 0.085989 0.175907 -0.057248 
4.624744 0.353667 1.449192 0.981572 1.102371 1.213583 0.616557 -0.973214 0.645579 0.503299 0.221811 0.066084 
4.414471 2.354648 1.109511 0.833945 1.351916 1.553035 1.064059 0.298538 0.429646 0.537044 0.094283 0.018580 
4.063638 1.616548 0.549403 0.717145 0.988628 1.341454 1.502903 1.217442 0.560567 0.009937 -0.193331 -0.042154 
3.586524 2.721293 1.543055 1.083373 1.653055 1.604536 1.522505 1.526570 0.922919 0.094638 -0.054554 -0.007554 
3.140791 2.161812 0.590048 0.634332 0.848834 -0.336835 -0.335059 -0.140328 0.393463 -0.256834 0.105732 0.053299 
0.940927 1.412847 2.554642 -1.212413 -0.213553 -0.175500 0.195804 0.544550 0.864702 -0.150135 0.312453 0.072727 
-0.107299 0.026762 1.662213 -0.977555 0.520034 -0.941399 0.385669 -0.609145 0.625787 0.532477 0.368813 0.122883 
-0.700995 -0.599155 1.681919 -0.521859 0.463557 -0.163294 -0.559947 -0.118580 0.901330 -0.114879 0.098566 0.240770 
-0.658267 -0.542129 1.887268 -1.093837 0.875557 -0.113943 0.459221 -0.129244 1.044840 -0.417357 0.062213 0.202489 
-0.856759 -0.982613 2.003986 -1.003853 0.450402 -0.519678 -0.084813 -0.244625 0.371966 -0.394473 0.038930 0.175670 
-0.912113 -0.991653 2.377127 -0.230817 0.634839 0.134570 0.456857 -0.549904 0.369471 0.107662 0.056871 0.063449 
-0.873955 -1.337564 2.658272 -0.648167 0.987928 -0.586349 1.161776 0.251119 0.728419 0.295598 0.232643 0.148977 
-0.701917 -0.389292 3.195732 -0.405657 0.525053 -0.961922 1.098649 -0.267152 0.639059 0.269277 0.539779 0.159973 
-0.460357 -0.884938 3.875054 -0.535701 1.481727 0.641359 -0.419532 0.624877 0.968733 0.430869 0.151343 -0.019847 
0.210687 -0.624920 2.710124 -0.836424 1.634022 -1.090881 -0.274379 -0.425823 1.604913 0.135484 0.101340 0.101302 
1.594020 -0.531914 4.036415 -2.660837 -0.601972 0.439968 -0.041172 -0.003989 0.016857 0.283804 0.200841 0.081095 
3.003833 0.266193 2.163031 -0.921314 0.372729 0.274152 1.012732 0.353722 -0.234061 0.052550 -0.013347 -0.027977 
3.208302 0.947147 1.602902 -1.652635 1.644962 0.837301 0.441034 0.796936 0.248131 -0.222963 -0.149208 -0.000039 
-1.#IND00 -1.#IND00 -1.#IND00 -1.#IND00 -1.#IND00 -1.#IND00 -1.#IND00 -1.#IND00 -1.#IND00 -1.#IND00 -1.#IND00 -1.#IND00 
-1.#IND00 -1.#IND00 -1.#IND00 -1.#IND00 -1.#IND00 -1.#IND00 -1.#IND00 -1.#IND00 -1.#IND00 -1.#IND00 -1.#IND00 -1.#IND00 
