3.514085 0.606910 1.250717 0.360688 1.228771 1.285314 -0.160903 0.844434 0.574434 0.444758 0.093545 -0.036047 
3.270478 0.310102 1.297137 -0.834782 1.258986 0.809770 0.331572 0.997021 0.023596 0.276431 0.223003 -0.023784 
3.311363 0.671548 0.716503 -0.433966 1.318170 0.959237 1.057581 0.766850 0.705347 0.266339 0.189590 -0.000108 
3.565151 0.446828 0.686452 -0.843005 0.867573 0.514176 1.223525 1.307152 0.251600 0.308155 0.246611 0.028042 
3.481070 0.264482 0.694848 -0.835166 1.119770 0.621539 1.411520 1.158570 0.074258 0.398157 0.109060 -0.046747 
3.201106 0.608518 0.809175 -0.271699 1.194524 1.003931 0.870872 0.817185 0.014084 -0.212659 0.272298 0.006007 
3.195027 0.822476 1.165861 0.099276 1.574579 0.770831 0.570125 1.074064 0.083817 0.379720 0.166606 -0.005708 
3.697867 0.757962 1.081178 -0.152652 2.213558 1.778374 0.158110 1.088427 0.532415 0.363159 -0.004457 -0.064740 
3.422341 0.775460 1.209828 -0.106059 1.755922 1.397913 0.602694 1.249760 0.186728 0.239375 0.274554 0.005110 
3.108560 0.437477 0.695329 -1.150470 0.554411 0.869172 0.990089 0.695523 0.352334 0.064351 -0.196921 -0.010513 
3.299913 0.927150 1.099699 -0.192388 1.507385 1.153126 1.887643 1.220815 0.208109 0.100613 0.126183 0.024690 
3.426122 0.668875 1.030448 -0.974458 1.508868 1.418299 1.250375 1.082293 0.127122 0.887339 0.158871 -0.062837 
3.200485 0.603882 1.169574 -0.639675 1.019787 0.700933 0.580422 0.601918 0.086444 0.124620 0.207489 0.018614 
3.089057 1.039241 1.280868 -0.885888 0.962646 0.760343 0.547055 1.058110 0.119208 0.243920 0.296655 -0.014049 
3.176295 0.484144 1.503162 -0.679199 0.979065 1.179473 0.548679 0.845333 0.400127 0.084512 -0.044610 -0.007081 
2.083087 -0.160155 1.762187 -1.174149 1.012143 0.270465 0.930246 0.893280 0.430945 0.187191 0.177844 -0.056519 
0.862593 -1.102165 3.204457 -0.026431 -0.470126 0.526325 1.700683 -0.360518 0.399944 0.206323 -0.052338 0.054959 
-1.305597 -1.707734 2.950404 0.305615 0.124187 -0.702003 0.501486 0.326446 1.387110 0.998736 0.064053 0.035345 
-0.958552 -1.395104 3.016649 -0.955140 0.485462 -0.111396 -0.257652 0.459719 0.477836 -0.208510 0.091720 0.078334 
-0.688252 -1.288023 2.007532 -0.769561 -0.495501 0.812395 0.370491 0.260337 -0.197525 -0.660656 0.314386 0.015494 
-0.656429 -1.930970 1.669149 -0.029963 0.446557 0.208869 -0.347843 0.036242 0.370357 -0.121133 0.306458 -0.130730 
-0.686178 -1.905504 1.379573 1.029322 0.512562 -0.702883 -0.336629 -0.677288 0.026898 0.587448 -0.009209 -0.135861 
-0.324225 -1.052015 1.749522 -1.449555 -0.373328 0.417218 0.651615 0.692186 0.801919 -0.218583 0.039754 -0.063002 
0.823730 0.318053 2.054471 0.693253 -0.242976 -0.102595 0.866598 1.531097 1.460615 0.094395 0.256907 -0.096791 
0.949578 1.096771 0.554170 0.756888 1.890061 1.904988 1.329255 0.718744 0.566559 0.200514 -0.070509 -0.102270 
0.925991 1.312493 1.021365 1.132254 1.090774 1.720774 1.278810 0.415171 0.528773 0.113966 -0.098378 -0.083635 
0.525358 1.011880 1.105665 0.546106 2.320776 1.900355 1.079082 1.007455 0.332458 0.188576 -0.336535 -0.045166 
0.951718 1.497080 0.989080 1.747203 2.019280 0.260066 0.531586 0.396700 0.879708 0.177674 0.002202 -0.046827 
1.404557 0.501766 0.875498 1.399288 1.488793 2.136577 1.232479 0.335965 0.410158 0.607636 -0.394595 -0.060034 
2.016842 0.112370 1.986211 0.594616 1.371855 1.331255 0.901815 0.509348 0.805081 0.325228 0.167378 -0.078009 
4.512989 1.827361 0.617357 0.633870 0.984876 0.449015 0.225976 0.549464 0.547129 0.263257 0.121876 -0.000754 
4.237135 3.594911 2.616695 1.232633 1.003627 1.097136 0.884309 0.616938 0.536381 0.277079 0.192356 0.046729 
3.490734 2.948269 2.470832 1.767909 1.352797 1.254375 1.274476 1.097881 0.732446 0.269847 0.005860 0.013686 
4.303352 3.029106 3.111951 1.942862 2.473211 1.758555 1.200574 1.126240 0.177000 0.122017 0.015153 -0.003515 
4.775809 -0.351339 2.285548 -0.194042 0.407408 -0.035596 -0.972648 -0.237212 0.249527 -0.113329 0.318887 0.216565 
0.982648 0.778889 1.992447 0.330048 -1.460097 -0.785368 0.039182 -0.129068 -0.242105 0.095470 0.446872 0.102531 
-0.592572 -0.466211 2.062777 0.003713 -0.080918 -0.758367 0.469373 0.191197 -0.076661 -0.024215 0.443570 0.126845 
-0.571738 -1.387442 1.764653 -0.068067 -0.901346 -0.021211 0.377544 0.794952 0.286523 -0.435496 0.436283 0.069340 
-0.221552 -1.403669 1.799087 -1.068766 -1.440838 0.365862 -0.072223 -0.160954 0.930453 -0.233027 -0.254086 0.080535 
-0.600956 -1.328025 1.635795 -0.750367 -0.725279 0.599169 -0.285287 -0.251820 0.528577 0.089486 -0.489038 0.094384 
-0.509841 -1.212515 1.956545 -0.041811 -0.320286 1.292169 -0.207617 -0.835276 0.733877 0.070087 -0.068514 0.023298 
-0.837813 -1.607182 2.068153 0.047513 -0.465668 0.770993 0.017132 -0.066196 0.073994 -0.080846 0.167776 0.061802 
-0.701888 -1.828797 1.756318 -0.392510 -0.717217 -0.126516 1.072491 -0.187427 0.565416 0.012066 0.048219 0.021746 
-0.338492 -1.211082 2.978444 0.321537 -0.377644 -0.773422 0.692612 -0.586849 0.600732 0.218191 -0.133387 0.048747 
1.506144 -0.041669 1.536250 -0.556880 -1.141113 -1.343663 1.362993 0.897777 0.250166 0.285246 -0.037254 0.094150 
3.668255 -0.466794 3.043817 -1.472610 -1.259861 0.141417 0.225785 -0.039691 -0.487343 0.200428 -0.161349 -0.139900 
2.929633 -0.061757 2.013637 -1.460089 0.849405 1.156475 0.445328 0.736934 0.216594 0.378183 0.295313 -0.028484 
2.891285 -0.224497 1.909036 -1.472724 0.979578 1.800433 0.438565 0.246058 -0.053947 0.351689 0.083965 -0.031724 
-1.#IND00 -1.#IND00 -1.#IND00 -1.#IND00 -1.#IND00 -1.#IND00 -1.#IND00 -1.#IND00 -1.#IND00 -1.#IND00 -1.#IND00 -1.#IND00 
-1.#IND00 -1.#IND00 -1.#IND00 -1.#IND00 -1.#IND00 -1.#IND00 -1.#IND00 -1.#IND00 -1.#IND00 -1.#IND00 -1.#IND00 -1.#IND00 
