3.550151 0.466108 0.929732 -0.641011 1.721375 0.458709 0.280598 0.563945 -0.001690 0.581282 0.225595 -0.017597 
3.506698 0.380465 0.933682 -0.528126 1.049801 1.512948 0.112108 0.538689 0.228406 0.662379 0.138787 -0.054175 
3.239814 0.395842 0.632426 -0.414874 0.918076 -0.111123 -0.095495 0.447939 0.759862 0.296613 0.298490 0.053958 
3.575486 1.111224 0.787153 -1.029023 0.720564 1.212754 0.416593 0.355346 0.577340 0.462605 0.147379 0.032086 
3.420381 0.698118 1.507274 -0.412943 0.904923 0.784346 0.571168 0.617829 0.292925 0.334247 0.156511 -0.007015 
3.289436 0.511966 0.822862 -0.970058 0.997700 -0.035203 0.424509 0.732407 0.444178 0.051243 0.299948 -0.006167 
3.600961 0.403706 1.062083 -0.654687 1.200743 1.145401 0.680605 1.274433 0.539649 0.270763 0.241669 -0.023441 
3.169548 0.901614 0.595112 0.037263 0.752390 0.637164 0.254139 0.731708 0.507784 0.452565 0.205600 -0.061908 
3.370252 0.509338 0.467568 -0.329051 1.648160 0.600427 1.019573 0.789209 0.494451 0.223242 0.269438 0.030722 
3.398452 0.678287 1.374521 -0.443224 1.627218 0.821620 0.153858 0.280606 0.664868 0.455756 0.170413 -0.004424 
3.127275 0.564449 0.904068 0.242491 1.231242 0.322581 0.768644 1.111098 0.285169 0.480490 0.090484 -0.038487 
3.248336 0.437036 1.224621 -0.505264 1.568475 1.023451 0.905866 0.466605 0.282122 0.175166 -0.174569 -0.036158 
3.375947 0.459916 1.103570 -0.348663 1.420388 0.908975 0.408623 1.114585 -0.230750 0.374605 0.297981 -0.044215 
3.312520 0.848426 0.782515 -0.293147 1.852638 1.044115 0.369866 1.232622 -0.172561 0.016928 0.136272 -0.039480 
3.299357 0.784226 1.362051 -0.383618 1.012988 1.315729 0.034813 0.285840 0.140923 0.178420 0.330553 0.057330 
3.294939 0.432541 0.810789 -0.687727 1.719320 1.330284 0.598127 1.076675 0.190983 -0.060964 0.181183 -0.005946 
2.997866 -0.635944 1.468934 -0.202098 -0.374307 0.508947 1.550834 0.575300 -0.146440 0.255754 0.050939 -0.064624 
-0.446811 -0.314726 3.411074 1.772395 -0.876211 -0.553882 1.412637 0.054129 -0.000870 0.241322 0.156441 0.173370 
-0.868415 -1.584356 3.055440 1.215787 -0.729587 -0.544674 2.319110 -0.211218 0.306916 0.667931 0.385554 0.092112 
-0.654026 -1.834948 2.178619 1.036727 -0.945767 -0.332620 0.318423 0.330299 0.234473 -0.474290 -0.105381 0.075754 
-0.553799 -1.363830 1.937955 0.374156 -1.087029 0.028029 1.570951 -0.567616 -0.647959 -0.418117 0.367814 0.040505 
-0.747524 -1.327356 2.355314 -0.084248 -0.410418 -0.569845 0.692917 -0.541599 -0.396638 0.059895 0.509567 0.005595 
-0.161789 -1.209140 1.988070 -1.211623 -1.231687 -0.556701 0.368220 -0.208156 1.067472 -0.041344 -0.166152 -0.031515 
1.069604 -0.202493 1.763346 0.491115 0.366274 1.463551 0.926130 0.176916 1.053770 -0.207507 -0.165247 -0.115490 
0.758025 0.720351 0.954208 2.062131 0.614431 0.986197 0.761040 1.646696 1.200033 0.096689 -0.127961 -0.113872 
1.066423 0.976032 0.740636 0.852535 1.110791 1.073988 2.287836 0.707331 0.555862 0.259783 -0.180012 -0.154966 
1.256686 1.501953 0.784562 0.664635 1.043088 0.377032 1.408490 0.931059 0.129126 -0.127447 -0.143805 -0.048868 
0.857438 0.942617 1.107815 0.780173 1.029946 1.978457 2.315227 0.430582 0.660629 -0.157717 -0.159145 -0.085435 
1.913410 1.052824 0.355591 2.044509 0.448434 1.175890 0.773825 0.707771 0.252957 -0.040890 0.180923 -0.024467 
2.045816 0.184392 1.270541 0.653919 1.838582 1.182674 1.546720 0.575948 0.456638 0.347427 0.159687 -0.076405 
4.477539 -0.528707 1.025983 0.875381 1.685029 1.217842 1.357396 0.268361 0.119926 -0.046202 -0.145577 -0.025711 
4.834802 1.635404 0.962444 0.904163 1.529988 1.261934 0.083532 -0.107715 0.302419 -0.156000 0.188094 0.090060 
5.962278 3.620790 1.810887 0.490994 0.323546 1.109407 1.588194 1.663753 0.406763 -0.017562 -0.005231 0.004840 
4.180034 3.026815 2.513945 2.273711 2.002009 1.699585 1.778404 1.899693 0.369936 -0.263287 0.094284 0.033638 
2.826756 1.756150 2.603531 1.106028 0.615962 -1.509926 -1.158184 0.459373 0.389878 -0.076240 0.594008 0.135347 
1.137984 0.291608 2.240292 -0.850569 -0.667420 -0.615728 -0.266129 -0.203739 0.299669 -0.238313 0.490075 0.249918 
0.041004 -1.040368 2.298459 0.277865 -1.426182 0.284133 -0.024312 -0.204252 0.217328 0.069190 0.258076 0.108044 
-0.492057 -0.913781 1.935529 0.078089 -1.457374 0.086220 0.318037 0.030823 0.392820 -0.000429 0.053526 0.096076 
-0.382033 -1.271532 2.029656 0.286696 -1.411762 -0.028469 0.675626 -0.593772 0.459193 0.160821 -0.291646 0.071082 
-0.808063 -1.783922 1.743443 0.167621 -0.327864 0.529040 -0.580284 -0.550951 0.490718 0.087165 -0.337551 -0.014254 
-0.487608 -1.834041 1.903991 -0.057154 -1.492308 0.710388 0.805112 -0.173310 0.293297 0.257702 -0.117671 -0.001788 
-0.710728 -1.622219 2.195285 -0.703777 -1.388349 -0.400751 0.749930 -0.978601 -0.441272 0.041336 -0.023604 0.130669 
-0.891541 -1.683261 2.735378 0.453821 -0.679535 0.136933 1.032090 -0.142753 -0.083548 0.370731 -0.027770 0.026981 
-0.552638 -1.471654 3.377163 1.910545 -1.050584 0.386073 1.006529 0.101639 -0.208547 0.421895 0.308914 -0.006516 
-0.321701 -1.246634 4.050231 0.960379 0.496790 -0.101590 1.736246 -0.307285 0.663317 0.560694 0.076835 0.043219 
1.113869 -1.427172 2.925471 1.877274 -1.976796 -0.495628 0.702672 0.694076 0.756153 0.127514 0.307426 -0.054563 
3.282748 0.350194 2.780143 0.041732 -0.040403 0.594426 0.602182 -0.155377 -0.512644 -0.222214 -0.229254 -0.014969 
3.201379 0.181746 2.257488 -0.529555 0.325383 1.771711 1.105555 -0.178790 -0.086048 0.377558 0.186972 0.008127 
-1.#IND00 -1.#IND00 -1.#IND00 -1.#IND00 -1.#IND00 -1.#IND00 -1.#IND00 -1.#IND00 -1.#IND00 -1.#IND00 -1.#IND00 -1.#IND00 
-1.#IND00 -1.#IND00 -1.#IND00 -1.#IND00 -1.#IND00 -1.#IND00 -1.#IND00 -1.#IND00 -1.#IND00 -1.#IND00 -1.#IND00 -1.#IND00 
