3.365396 0.314944 0.360668 -0.592860 0.976032 0.471565 1.067916 0.801496 -0.125910 0.408937 -0.078415 -0.021716 
2.882709 0.017143 0.895003 -0.723062 1.064828 0.924650 0.487214 0.783802 0.157379 0.143352 0.046167 -0.015323 
3.004953 0.444566 0.698655 -0.966017 1.189187 0.382959 0.286948 0.660782 -0.350199 0.019189 0.027437 0.007325 
3.024509 0.713019 1.058476 -0.810812 1.247096 0.866753 1.051655 0.659360 -0.450013 0.219759 0.129343 -0.018774 
3.256230 0.777708 1.156246 -0.845652 1.365498 1.207912 0.954948 0.293447 0.528821 0.539948 0.112929 0.000091 
3.451938 0.610817 0.813886 -0.840847 1.081715 0.867338 1.268720 0.172285 0.192138 0.184126 -0.005562 0.054245 
3.384118 0.589088 0.706922 -0.092708 1.338035 1.807144 0.720741 0.556063 0.518672 0.512184 0.058340 -0.037074 
3.311396 0.968402 1.146654 -0.345197 1.042431 1.017490 0.120494 0.912421 -0.150245 0.282493 0.287480 0.015113 
3.511383 0.681097 0.907235 -0.585237 1.950165 1.076115 0.982605 1.798048 0.613112 0.171476 0.340055 0.004215 
3.393933 0.784132 0.838428 0.464255 1.563036 1.164029 1.662923 1.005090 1.023791 0.114533 0.108540 0.025192 
3.210716 0.427742 0.554781 -0.568318 0.331144 1.007182 0.587222 0.821790 -0.167269 0.131041 0.069839 -0.010535 
3.362381 0.681665 1.049907 -0.761578 1.152011 0.976989 0.481713 1.049226 0.254441 0.267886 -0.057543 -0.038346 
3.283757 0.297720 1.196593 -0.825840 1.113510 0.337801 1.130121 1.128891 0.336632 -0.138351 0.021154 0.008695 
3.021566 0.914558 1.476825 -0.531125 1.257914 0.802376 1.296698 1.341358 0.370712 0.238192 0.098395 -0.016967 
3.202827 0.812272 0.858571 -0.162609 1.582085 0.134227 1.344972 0.806830 -0.025072 0.399582 0.205977 0.034402 
3.443819 0.316376 0.363563 -0.686006 1.353494 1.172747 1.380435 0.746366 0.288312 0.370592 0.210125 0.010330 
2.769374 0.080904 1.065812 -1.646014 1.122695 0.540692 0.398147 1.186721 0.249946 -0.037256 -0.024582 -0.016086 
0.985159 -0.401547 2.801306 -1.376156 0.836514 -0.589417 1.407317 -0.398349 0.686541 -0.393124 0.308649 0.222056 
-0.923740 -0.769274 1.945852 -0.852157 1.898603 0.280835 1.192110 -0.181758 1.020550 0.038782 -0.027785 0.115572 
-1.101253 -1.078451 1.226544 -0.931025 2.292579 -0.232629 0.875674 -0.615683 -0.216420 -0.270714 0.065246 0.082643 
-1.073493 -0.960708 1.367225 -1.394380 1.339581 -0.381986 0.781358 -0.318355 -0.367287 0.125661 0.169175 0.207623 
-0.937910 -0.780262 1.378817 -1.351334 0.628021 0.047925 -0.028137 -0.073027 -0.231525 -0.262119 0.606002 -0.053084 
-1.060361 -0.732926 1.265659 -1.022689 1.762453 0.026061 -0.086671 -0.015718 -0.459949 0.195205 -0.148919 0.088704 
-0.516379 -1.268211 2.245064 -2.084134 0.713984 -0.227934 0.634871 -0.920033 0.177835 0.101595 -0.275999 0.003103 
-0.062514 -1.298182 0.565302 -1.320862 -0.363549 0.712601 0.538473 0.512573 1.485717 0.386833 0.030699 -0.130077 
1.086720 1.203890 0.496938 1.965177 0.997699 0.987275 1.932004 1.249496 -0.502144 -0.059855 0.070578 -0.052267 
1.028411 0.652430 1.122970 1.258059 1.217569 1.455068 0.698063 0.970426 0.727068 0.230140 -0.305319 -0.109164 
1.014238 0.454242 0.874741 0.418775 1.409141 2.489213 1.067270 1.137393 0.732572 0.016395 -0.129606 -0.171100 
0.961327 0.957208 0.628351 1.429004 1.182522 1.918649 1.212954 1.213220 0.369452 0.019878 -0.127032 -0.071314 
1.085620 1.012258 0.831076 1.604604 1.508285 1.102579 0.980345 1.277882 0.343039 0.089491 0.003307 -0.051179 
1.903138 0.575667 0.899168 1.272001 1.522113 1.262389 0.957285 0.109740 0.658757 -0.083125 0.245927 -0.023498 
3.229719 0.052725 1.167719 0.617141 1.184277 1.243912 1.024858 0.427166 0.440399 -0.452168 0.079296 0.020669 
6.004513 0.439344 1.313825 1.553011 1.156973 2.091046 1.375528 0.380768 0.062786 0.481046 0.320456 0.039003 
4.705423 2.219521 0.725037 0.826107 2.177387 1.916674 1.901032 1.557712 0.576383 0.133668 -0.225534 -0.054664 
1.232544 1.325219 1.690628 2.442112 0.544804 -0.562226 -2.253912 0.677490 0.773220 -0.221729 0.235541 0.066622 
2.092351 1.657795 0.832329 -0.430596 1.924038 -0.696987 -0.809005 -0.312119 -0.437012 0.206155 0.412774 0.051342 
0.365977 0.373657 1.253523 -0.266552 0.091436 -0.697534 0.581026 0.289794 0.768828 0.333649 0.280507 0.108992 
-0.372426 0.267126 1.420360 -0.858113 0.428832 -0.503690 1.170752 -0.286401 0.717171 0.488642 0.293243 0.009635 
-1.024645 0.225052 0.884430 -0.637265 0.632196 -0.572617 1.861948 0.214934 0.112287 -0.007190 0.498623 0.069723 
-1.044476 0.595704 1.536983 -0.480473 1.410656 -1.429813 1.066740 0.056621 0.365614 -0.184055 0.071440 0.178527 
-1.067760 0.235203 1.617303 -0.745120 0.841745 -0.782054 0.640752 -0.277635 0.552778 0.122333 0.018109 0.249097 
-1.313894 -0.291597 1.473531 -1.176595 0.373633 0.398666 0.303263 -0.362114 -0.105017 0.496745 -0.232819 0.012476 
-0.755123 -0.851538 1.668404 -1.418814 1.210670 -0.457111 0.201414 -0.888807 0.193129 0.472758 0.171893 -0.033090 
-0.875094 -0.804939 1.473229 -1.673771 1.000436 -0.655862 0.166432 -0.387287 0.177379 -0.164203 -0.124308 0.059485 
-0.490571 -1.453504 0.923727 -0.602699 1.293175 -0.349906 -0.390891 -0.231764 -0.329484 -0.026841 -0.013532 0.071222 
-0.301827 -1.796972 1.286553 -1.346260 1.717801 1.085348 0.113573 -0.637899 0.044712 0.393962 0.195395 0.019060 
0.523681 -0.461484 3.271494 -1.172992 0.430119 0.685451 -0.716942 -0.730742 -0.114304 0.286842 -0.028823 -0.019041 
1.652358 0.032886 3.275828 -0.849425 1.129930 0.911864 -1.416662 -1.614345 -0.743802 0.228337 0.408702 -0.052959 
-1.#IND00 -1.#IND00 -1.#IND00 -1.#IND00 -1.#IND00 -1.#IND00 -1.#IND00 -1.#IND00 -1.#IND00 -1.#IND00 -1.#IND00 -1.#IND00 
-1.#IND00 -1.#IND00 -1.#IND00 -1.#IND00 -1.#IND00 -1.#IND00 -1.#IND00 -1.#IND00 -1.#IND00 -1.#IND00 -1.#IND00 -1.#IND00 
