3.331706 0.179914 0.885912 -0.376385 0.688562 1.189164 1.194018 1.230460 0.294146 -0.054993 0.001839 -0.008553 
3.563707 0.502111 1.021877 -0.901518 1.671320 0.251681 0.689385 1.418537 0.131789 0.126993 0.122808 0.011429 
2.920602 -0.579080 1.612195 -1.194229 1.224228 0.642360 0.505463 0.865217 -0.272094 0.036209 0.155027 -0.006094 
3.493861 -0.623108 1.617231 -0.801719 0.227725 -0.589067 -1.249552 -0.008940 0.473196 0.084192 0.428811 0.172039 
3.735617 -0.099328 0.149822 -0.228584 0.589923 0.365639 0.785156 0.755089 -0.025349 0.107363 0.201987 0.041732 
3.253124 0.268508 0.537568 -1.676676 1.048620 1.389496 1.023315 0.858529 -0.049949 0.239624 0.081339 -0.006470 
3.245753 0.189414 0.797753 -0.535906 0.615091 1.322892 0.390979 0.458655 0.877182 0.372768 0.200322 -0.012899 
3.116418 0.349292 0.573889 -0.182014 2.154827 1.579386 0.361424 0.896314 0.815974 0.332585 0.267426 -0.015719 
3.436970 0.355045 1.245785 0.035895 1.413065 1.910200 0.382581 1.030197 0.813983 0.215371 0.237989 0.008206 
3.187912 0.928519 1.146662 -0.471959 1.750406 1.032477 1.110595 0.895910 0.156093 0.179864 -0.093165 0.011453 
3.698998 0.090026 1.516643 -0.187232 1.339845 1.262938 0.761010 1.202556 1.180494 0.580062 0.305296 0.000880 
3.226184 0.263095 0.975869 -0.416035 0.884133 1.282819 1.511841 1.114296 0.348905 0.145891 0.035021 -0.006994 
3.511629 0.578403 0.963386 -0.979164 1.147568 0.648485 0.890114 0.984997 0.252987 0.506017 -0.087895 -0.054226 
3.085329 -0.789956 1.437916 0.325887 -0.253858 1.107351 1.332256 -0.054573 0.197612 0.406489 0.312558 0.013110 
1.505059 -1.791145 3.193686 -0.481040 -1.652240 0.438893 3.025211 0.117166 -0.036712 0.362073 -0.000709 -0.004182 
-0.277817 -1.575109 3.013761 0.800065 -0.696967 0.272674 3.626748 0.283356 -0.654004 0.670962 -0.022075 0.157759 
-0.591500 -1.180191 3.227982 0.667508 -0.763058 -0.360302 2.775062 -0.690672 0.064863 0.435667 0.163021 -0.072453 
-0.647023 -1.501129 2.093674 0.768841 -0.460757 0.604584 1.595986 -1.049741 -0.666910 0.277473 0.282078 0.011033 
-0.355341 -0.576152 1.240513 0.758954 -1.639286 -0.397184 1.316599 -0.276302 -0.561451 0.870090 0.218553 -0.127772 
-0.482576 -1.540456 1.210175 0.369373 -0.505643 -0.763339 0.832423 -0.641901 -0.300444 0.583997 0.154972 -0.073014 
-0.424404 -2.033751 1.693675 0.207529 -0.755176 -0.180177 0.870779 -0.115493 0.145361 0.069147 -0.112660 0.093457 
1.032643 1.513489 1.648942 0.199015 1.858782 1.635237 0.609911 0.645554 0.006006 0.312987 0.008679 -0.035218 
0.989962 1.703900 1.264799 1.192126 0.855253 -1.263422 0.463802 0.062072 0.271485 -0.008794 -0.169458 -0.107789 
1.202025 1.097156 0.922813 1.200976 -0.049275 -0.363643 0.099201 -0.110822 -0.116748 -0.039476 -0.561614 -0.051610 
1.632839 1.187145 0.806157 0.691783 0.067194 -0.194213 -0.387336 0.296206 -0.248087 -0.607962 -0.161974 -0.081352 
1.484323 1.595709 0.517786 0.508331 0.266109 0.374565 -0.146854 -0.239309 0.239235 -0.158674 0.081869 -0.072929 
1.248586 1.641795 1.042235 1.044425 -0.145649 0.237193 -0.473662 -0.167563 0.803642 -0.006479 0.023927 -0.028411 
1.098965 0.940822 1.596970 0.399214 0.784969 1.392460 0.283506 -0.282645 0.428727 0.258501 0.094328 0.012378 
1.385711 0.633177 1.270435 1.621380 1.522573 0.451599 0.912512 0.569004 0.535532 0.361639 0.194372 -0.046766 
1.672895 1.146125 1.717588 0.954098 0.726296 0.978412 0.568398 0.675334 0.496339 0.313212 0.255228 -0.008930 
1.187084 1.467178 1.167446 1.141350 0.648830 1.418881 0.382887 -0.031977 1.022419 0.205989 0.262244 -0.011119 
1.160719 0.891715 1.834247 1.064853 1.409435 0.637530 0.994351 0.964512 0.139781 -0.131623 0.307307 -0.025808 
1.246809 1.002506 1.253613 1.078593 2.002474 1.041387 -0.148929 0.803974 0.276704 0.075138 0.010513 -0.001824 
1.426134 0.182259 1.134880 2.122548 2.376266 1.365951 0.498964 0.505553 0.289715 0.308675 0.209315 -0.068975 
2.089895 0.615659 1.421119 0.695255 1.118747 0.531433 0.983599 0.670713 0.800773 0.073267 0.338202 -0.034209 
5.543311 -0.619535 1.815254 1.185094 0.484553 0.125230 0.938019 -0.082388 -0.366068 0.680463 0.293160 -0.082226 
5.784321 -0.257711 0.736381 2.078531 -0.006691 1.262724 1.270965 0.754237 0.307534 -0.101934 0.020137 0.110463 
5.090654 1.397061 -0.798174 0.391413 1.800529 1.270390 0.225608 0.377561 0.747134 -0.017842 0.046654 0.022024 
4.516490 2.151037 0.344089 0.442963 1.096660 1.032081 0.609642 0.674623 0.793454 0.495087 0.250695 0.014002 
4.098574 2.779799 1.696397 1.304996 1.125748 0.663562 0.251491 0.153944 -0.022973 0.013231 0.179776 0.052585 
4.217006 3.172163 2.277447 1.034522 1.358307 1.587283 1.255338 1.305864 0.827038 0.263759 0.268650 0.064628 
3.789655 2.701171 3.040059 2.522643 2.353878 1.696427 1.191703 1.120635 1.053975 0.098600 0.021439 0.034615 
3.371751 1.916682 1.302497 0.440112 2.018452 2.053076 1.474282 1.563657 0.450626 0.218602 0.089800 0.007442 
3.469798 0.780580 1.733484 -0.744959 1.540812 1.725518 0.938384 0.818448 0.069933 0.076801 0.196314 0.004601 
3.334646 0.264559 1.038590 -0.571035 1.702236 1.282561 0.589958 1.116565 0.859696 -0.001263 0.061822 -0.038741 
3.077182 0.426826 1.409242 -0.035673 1.723398 1.187740 1.454777 1.025382 0.659353 0.452282 0.227933 0.005487 
3.537505 0.569411 1.711994 -1.242506 1.290630 1.193088 0.976389 1.201283 0.568372 0.229346 0.217757 0.014146 
3.454003 0.317125 1.157422 0.068864 0.949092 1.113233 0.460048 1.001041 0.092002 0.280346 0.349165 0.029273 
-1.#IND00 -1.#IND00 -1.#IND00 -1.#IND00 -1.#IND00 -1.#IND00 -1.#IND00 -1.#IND00 -1.#IND00 -1.#IND00 -1.#IND00 -1.#IND00 
-1.#IND00 -1.#IND00 -1.#IND00 -1.#IND00 -1.#IND00 -1.#IND00 -1.#IND00 -1.#IND00 -1.#IND00 -1.#IND00 -1.#IND00 -1.#IND00 
