3.333326 0.341415 0.748980 -0.631589 1.261465 1.739015 0.920723 1.022056 0.331332 0.511217 0.108907 -0.037217 
2.971688 0.366240 0.941745 -0.390413 1.546801 0.534979 0.744614 1.550428 0.784487 0.216516 0.169237 -0.025271 
3.176099 0.212011 0.979745 -1.014307 1.006333 1.528525 0.535223 0.776033 0.656794 0.223420 0.035122 -0.009034 
3.478055 0.493611 1.076747 -1.361446 1.546429 1.798435 1.072616 0.802946 0.005260 0.065901 0.039446 0.013865 
3.653259 0.549859 0.894673 -0.299199 1.523932 0.830994 0.882841 0.810497 0.566070 0.776106 0.403930 0.009747 
3.407356 0.367337 1.008453 -0.404021 0.749670 1.521871 0.643590 0.883822 0.385688 0.413559 0.263279 -0.001392 
3.367649 -0.086797 0.658836 -1.160029 0.909383 0.899013 0.468414 0.719676 -0.145596 0.584304 0.111573 -0.034288 
3.219994 0.406807 1.307881 -0.951065 1.148678 1.341314 0.723588 0.927191 0.026370 0.310696 0.180400 -0.016139 
3.507798 0.657262 0.661429 -0.200029 1.774704 0.384844 0.467854 0.685868 0.305538 0.208458 0.328608 0.067753 
3.231263 0.175455 0.763868 -1.265883 0.506735 0.613498 0.425345 0.814173 -0.009653 0.026902 0.198724 0.003207 
3.130763 0.589027 0.431498 -0.197883 1.504668 1.325643 1.657762 1.226211 0.028002 0.428542 0.087867 -0.016168 
3.198030 1.089868 0.732533 0.128141 0.721428 0.898890 0.613886 0.891115 0.777560 0.212684 0.193459 0.024281 
3.318866 0.474611 0.765974 -0.339207 1.599808 1.090130 0.615023 1.153860 0.350755 0.104203 0.435320 0.049870 
3.197889 0.269122 0.920048 -0.491620 0.514790 0.454503 0.774356 0.615837 0.341751 0.035754 0.125194 0.049788 
2.990684 0.303737 0.569853 -0.638542 1.455146 1.054675 0.398421 0.762175 -0.259817 -0.169247 0.266088 0.094040 
3.246248 0.143364 1.380216 -0.557281 1.016030 0.477252 1.175625 0.824043 0.491492 0.065076 0.015483 0.042973 
2.222530 -0.481642 2.701987 -1.705997 2.025338 2.068048 1.766855 1.092956 0.332076 0.543047 0.193466 -0.085454 
-0.642191 -0.602648 4.392345 0.521809 0.079617 -0.872872 2.156565 -0.836644 0.294257 0.682258 0.475468 0.053710 
-1.049651 -0.510926 4.388401 -1.615576 0.282160 0.575109 0.872938 -0.733175 1.587363 0.340114 -0.063573 0.257048 
-0.942402 -0.261125 3.777196 -0.247129 0.940005 -0.265361 0.648549 0.259822 1.096120 0.258155 -0.097155 0.257850 
-0.868822 -0.797403 2.160999 0.993419 -1.064044 -0.329246 0.659591 0.554531 1.009512 -0.269074 -0.084749 0.286015 
-0.834051 -1.865515 1.026963 -0.475888 0.568380 0.163742 0.297116 0.154581 0.561183 0.113856 -0.517611 0.216856 
1.857296 -0.414623 1.827784 0.532459 -1.322643 0.068270 -0.703473 0.363695 -0.561965 0.008584 -0.076943 0.035954 
1.006609 1.416818 1.009973 0.892145 0.954009 1.063767 0.295450 0.783796 -0.301770 -0.028821 0.048364 -0.089499 
1.045246 1.184143 1.013223 1.451726 0.680193 0.412984 -0.274072 -0.798056 -0.417062 -0.338103 -0.222748 -0.127489 
1.292948 1.230380 0.928537 0.134873 -0.109912 -0.906867 -0.502988 -0.378232 -0.560013 -0.034619 -0.297226 -0.154080 
1.590540 1.386191 0.096295 0.984156 -0.016697 -0.088246 -0.562669 -0.562426 -0.597417 0.101225 -0.238950 -0.102677 
1.544559 1.536451 1.048656 -0.007074 0.102998 0.132326 -0.903967 -0.409458 0.175883 0.073406 -0.326731 -0.065290 
1.547917 1.326336 1.729300 0.943983 0.014649 0.464256 -0.402523 -0.070519 0.163562 -0.054069 -0.023641 -0.063143 
1.527511 1.354800 1.410740 1.059001 0.662786 1.154998 -0.152647 0.819714 -0.259601 0.054666 0.004518 0.016275 
3.179961 0.123694 1.051738 0.583830 0.692411 1.282335 1.064458 0.354176 0.483679 0.244324 0.224950 0.024031 
1.425408 1.006401 0.771988 1.455556 2.232063 0.597457 0.778614 0.238641 0.706813 0.198630 0.207888 -0.023011 
1.651011 1.333605 1.741508 0.444320 1.091146 0.006474 0.728668 0.938221 0.007205 0.058422 0.132657 -0.045872 
1.362115 0.731451 1.372652 1.403326 1.650344 0.424330 0.655403 0.090953 0.551192 0.028493 0.107008 -0.023904 
1.290151 0.869827 0.462245 1.604836 1.353381 1.287256 1.018096 1.008367 0.157283 0.122440 0.121325 -0.024658 
2.113671 0.344831 1.838769 1.512081 0.982543 0.950793 0.198735 1.143296 0.767190 0.126670 0.213094 -0.038289 
3.047927 1.093981 0.419929 0.054554 2.330342 0.137017 0.266448 0.635310 0.366266 0.129834 0.102472 -0.036802 
4.365012 1.314020 0.279196 0.750982 0.670849 0.965156 0.888597 0.484053 0.478968 0.082597 0.164723 0.030332 
4.043288 1.901727 0.404101 0.443727 0.819800 0.898083 1.119242 1.092300 0.618384 0.301775 0.327018 0.042994 
3.188101 2.566750 1.975859 1.356210 0.837811 0.555527 0.449032 0.326920 0.246662 0.108296 0.005806 0.008676 
4.944896 3.712540 1.806602 0.700599 0.494163 0.559563 0.880810 1.170260 0.555988 -0.202369 0.080607 0.002711 
7.480404 3.707859 2.607626 -0.054337 -0.298066 0.445014 1.336610 0.914336 0.932293 0.712359 0.201138 -0.000606 
5.851689 3.461770 2.395895 2.204603 0.793656 0.382322 0.808285 -0.017582 0.757165 0.769155 0.295425 0.042115 
4.332374 3.494589 3.642064 3.452538 2.613542 1.351438 0.975784 0.601429 0.152907 0.051593 0.163896 0.025182 
3.512329 2.928563 2.581822 2.278935 1.853423 1.417180 1.132277 0.575168 0.074750 -0.010756 -0.013849 -0.015038 
3.636627 2.900364 2.118819 1.765193 1.986226 1.094578 0.560828 0.628357 0.557104 0.158639 0.097305 0.012554 
3.709295 0.831187 1.198078 -0.176169 1.523723 1.298798 1.972185 0.641562 0.233174 0.166120 0.190147 0.045123 
3.173013 0.430478 1.019544 -0.284637 2.146275 0.974574 1.358324 1.127376 0.257304 0.450935 0.148370 -0.023536 
-1.#IND00 -1.#IND00 -1.#IND00 -1.#IND00 -1.#IND00 -1.#IND00 -1.#IND00 -1.#IND00 -1.#IND00 -1.#IND00 -1.#IND00 -1.#IND00 
-1.#IND00 -1.#IND00 -1.#IND00 -1.#IND00 -1.#IND00 -1.#IND00 -1.#IND00 -1.#IND00 -1.#IND00 -1.#IND00 -1.#IND00 -1.#IND00 
