3.112920 0.349698 0.794460 -0.582541 0.575446 0.530077 0.720205 1.158697 0.225062 0.278831 0.138853 -0.019988 
3.072752 0.597068 0.741897 -0.896743 1.376977 0.813449 1.142663 0.880833 0.589127 0.433216 0.046457 -0.003154 
3.304314 0.710505 1.391370 -1.004134 1.296669 0.958629 1.137073 0.685286 0.050148 0.278296 0.122291 0.023931 
3.441203 0.055279 0.606953 -0.871466 0.533712 0.404897 0.998136 0.914359 0.569310 -0.042908 0.055477 0.043204 
3.399533 0.212433 0.392765 -0.468759 1.176513 -0.032197 0.576364 0.875046 0.250383 0.311613 0.070210 -0.029922 
3.047624 0.318390 0.475093 -0.890151 0.750597 1.324650 0.153684 -0.046686 0.411157 0.057433 0.414500 0.093504 
3.432205 0.536709 0.848942 -0.071910 1.098138 0.332978 0.469767 1.416155 0.543721 -0.020642 0.136536 0.031395 
3.409240 0.680994 0.708410 -0.331936 1.396523 0.739237 0.480889 0.907400 0.830411 0.114843 0.108612 0.013358 
3.430099 0.217460 0.460504 -0.379588 1.402414 0.955332 0.512564 1.004651 -0.020521 0.130034 0.076930 0.005603 
3.243163 0.712148 1.197076 -1.244195 0.523208 1.066091 1.080605 0.868267 0.414285 0.579904 0.020281 -0.049462 
3.128618 0.459588 0.907867 0.061893 0.562632 0.370945 0.317582 1.114685 0.220832 -0.193077 0.142673 0.063311 
3.072400 0.420035 1.088539 -0.337663 1.234740 1.462817 -0.063177 0.201283 0.320962 0.249528 0.064758 0.023973 
3.288561 0.608904 0.882166 -0.425719 1.301183 1.294112 0.871737 0.579468 0.477160 0.423445 0.098559 -0.029438 
3.424438 0.255880 1.307630 -0.398418 1.712615 1.603624 1.306752 1.152620 0.156533 0.404929 0.266368 -0.001007 
2.306923 -0.011734 3.234961 -1.695328 1.609798 1.387328 -0.185052 1.259266 0.504676 0.160561 0.339828 -0.024623 
-0.033378 -1.530576 4.383924 0.041452 -0.664555 0.776846 0.442128 -0.462295 0.574697 0.378016 0.560873 0.034169 
-0.505584 -1.008811 4.979852 -0.439421 0.017756 0.223789 0.982572 -0.095513 0.341043 0.531013 0.299126 0.049911 
-0.725327 -0.382751 4.697848 -0.743986 -0.230384 1.100589 0.742562 -1.049159 0.303330 -0.041813 0.532866 0.061350 
-1.056990 -0.598551 3.495113 -1.532623 0.036545 0.947820 0.720536 -0.382875 -0.073699 0.471410 0.175401 -0.058457 
-0.941041 -0.222814 3.601734 -1.429052 0.849794 0.230115 0.731086 -0.234888 0.371566 0.015660 0.008908 0.045936 
-0.779474 -0.812632 3.949025 -0.736112 1.180677 0.561068 -0.223827 0.151731 0.997440 0.436490 0.132713 0.037524 
1.003369 1.634612 2.149777 -0.746411 0.257585 0.205223 0.991975 0.485353 0.275765 -0.011725 0.042581 -0.200724 
1.347592 0.446021 2.330208 1.448702 1.076993 0.344492 0.350435 0.005542 -0.136937 -0.081015 -0.101311 -0.071155 
1.088785 1.405358 1.638112 0.659199 1.036278 -0.595228 -0.498814 -0.195000 -0.127119 -0.375173 -0.241475 -0.069658 
1.067653 1.880199 1.007336 -0.139149 -0.154434 1.075420 -0.425551 -0.045478 -0.454216 -0.572510 -0.072109 -0.138265 
1.427784 1.048596 0.975459 0.327543 0.479793 0.405381 -0.179023 0.011540 -0.133458 0.055904 -0.304083 -0.090152 
1.607153 1.250965 1.192353 0.996483 0.274967 -0.535740 -0.101829 0.381064 0.685047 -0.040314 0.169377 -0.007850 
1.457624 0.693437 2.049701 1.112419 1.034953 1.085395 0.782651 -0.095515 0.648490 0.087420 -0.172619 0.062495 
1.579048 1.317160 0.941161 0.556328 1.453528 0.966099 0.258310 0.705204 0.268344 0.415516 0.294522 -0.015715 
1.535630 1.526002 0.494286 1.720529 0.393412 -0.111373 0.382547 0.405936 0.792959 0.491648 0.074723 0.017189 
1.022680 1.067851 1.302328 1.636590 1.323038 0.878259 0.630211 0.109061 -0.277185 0.243186 0.023397 -0.031357 
1.331951 0.999055 1.366073 1.272031 0.951979 -0.059255 0.427816 0.704798 0.480068 -0.179208 0.102396 -0.030956 
1.346010 1.203992 0.649414 0.739253 0.883383 1.707736 0.716605 1.117035 0.377206 0.080483 -0.212293 -0.014172 
1.707815 0.670695 1.435209 1.351543 0.220934 2.229096 0.282614 0.474164 0.900514 0.111117 0.066452 -0.046669 
2.117268 0.086058 1.676317 1.238734 1.212183 0.278022 0.932088 0.543760 0.539635 0.594947 0.127151 -0.045364 
2.350360 0.453291 0.721606 1.046862 1.440315 0.506604 1.042653 1.408939 0.503115 -0.060855 0.260466 -0.012841 
4.988523 0.854320 0.830174 1.171690 1.129091 0.765591 1.168017 0.439182 -0.105470 0.456444 0.376174 0.051584 
4.622983 2.412011 0.662942 0.427510 0.757514 0.825559 0.535162 0.327735 0.350537 0.076920 0.166646 0.045502 
3.425502 2.676133 1.809219 0.979659 0.525560 0.565757 0.661844 0.366377 0.036363 -0.038125 0.148337 0.017116 
3.163989 2.442791 1.515840 0.654920 0.343661 0.414532 0.538817 0.610505 0.700429 0.420964 0.115548 0.018330 
4.224749 2.915532 1.693454 1.084610 0.954017 1.078404 1.198071 1.016544 0.648629 0.326897 0.093206 0.007287 
4.332265 3.091206 2.929905 2.605417 2.854768 1.761287 0.614800 0.673281 0.512816 0.231926 0.036278 -0.004760 
3.865715 2.844283 2.696986 2.343458 2.597072 1.699304 0.915322 0.498667 0.082647 0.119729 0.065783 -0.001894 
4.002867 2.431480 2.629979 2.040668 2.408791 2.013469 1.142598 1.498581 0.823408 0.174573 0.000864 0.019157 
3.655406 0.687668 1.404839 -0.987256 1.212947 0.907119 1.470722 1.078020 0.401784 -0.126594 0.169411 0.039987 
3.163458 0.421028 1.067472 -0.687920 1.031212 1.678511 0.924791 0.441332 0.325475 -0.081674 0.126464 0.058332 
3.390004 0.484487 1.077767 -0.168854 1.185276 0.864195 -0.095919 0.593788 0.733144 -0.012372 0.026522 0.008612 
3.152091 0.565519 1.353858 -0.733994 1.051886 0.651496 0.936542 0.808174 0.419736 0.375831 0.188015 0.011444 
-1.#IND00 -1.#IND00 -1.#IND00 -1.#IND00 -1.#IND00 -1.#IND00 -1.#IND00 -1.#IND00 -1.#IND00 -1.#IND00 -1.#IND00 -1.#IND00 
-1.#IND00 -1.#IND00 -1.#IND00 -1.#IND00 -1.#IND00 -1.#IND00 -1.#IND00 -1.#IND00 -1.#IND00 -1.#IND00 -1.#IND00 -1.#IND00 
