3.076366 0.522155 0.890667 -0.665956 0.942673 0.820930 0.363230 0.475247 0.273794 0.445153 0.200071 0.003838 
2.995460 0.135421 0.347604 -0.694295 0.770163 0.160578 0.330849 0.731849 0.322295 -0.257514 0.098135 0.046873 
3.059799 0.514653 -0.258379 -0.825975 1.239400 0.510562 1.095980 0.813013 -0.087227 0.208975 0.228036 0.032549 
3.393156 0.609497 1.087946 -0.344993 0.856286 1.297837 0.921095 1.542767 0.231577 0.197151 0.347223 -0.005006 
3.470676 0.891914 1.265939 -0.086173 2.055696 1.044971 0.757570 0.666244 0.268546 0.471608 0.323488 0.036932 
3.482490 0.768028 1.106850 -0.724981 0.456411 0.388529 0.511256 0.742278 -0.086726 0.322387 0.155144 -0.003106 
3.142916 0.099979 0.407385 -0.278234 0.738395 1.077017 0.926141 1.013425 0.331118 0.464001 0.125377 -0.036274 
3.236658 0.489394 0.945543 -0.708370 1.398790 0.792750 0.510598 1.618032 0.086294 0.229511 0.182504 -0.013202 
3.514082 0.651425 0.894933 0.216753 1.790623 1.133525 0.613549 1.042236 0.448266 0.184435 0.472294 0.072843 
3.200215 0.424332 0.769184 -0.713051 1.390622 0.143286 0.395281 0.483598 0.334414 0.486728 0.351841 0.065008 
3.408343 0.541914 1.061871 -0.531026 1.657645 1.263659 1.298361 1.437217 -0.300164 0.231715 0.087525 -0.028893 
3.134434 0.675979 0.834274 -0.201775 1.220562 1.069485 1.214853 0.846348 0.397542 0.488612 0.163700 0.001146 
2.299817 -1.217665 2.903964 0.255238 -0.708618 0.875337 1.641670 0.957485 0.493291 -0.072322 0.295137 0.038827 
1.393993 -1.513423 3.999785 -1.349732 -0.342506 0.505885 1.755159 0.546488 -0.116087 0.073166 0.214012 0.012992 
-0.384281 -0.471530 4.863386 -0.433526 0.123656 -0.885095 1.223830 0.032325 0.614167 0.264947 0.087638 0.286243 
-0.521885 -0.942602 5.184702 -0.644884 -0.030379 1.013618 0.649793 -0.289019 0.540991 0.446794 0.171039 0.096747 
-1.128474 -0.591567 4.774504 0.021731 0.153736 0.242025 1.161276 -0.195339 0.562576 0.516584 -0.107968 0.205887 
-1.241781 -0.559299 4.012002 -0.132680 0.142665 0.059314 0.927942 -0.264611 0.386156 0.294320 0.222264 0.183855 
-0.864952 -0.247016 3.938990 -0.660775 0.128282 0.173740 1.471022 -0.536091 0.357070 0.055337 0.121942 0.272708 
-0.755054 -0.675851 4.085365 -1.130540 -0.319004 -0.249198 0.701356 -0.147172 -0.089861 -0.025518 0.157528 0.072884 
-0.867124 -1.233102 2.983698 -0.895640 0.409244 -0.392899 0.408003 -0.692847 0.344948 0.116596 -0.021740 0.019152 
-0.606214 -1.245921 2.781821 -0.387869 -0.196105 0.062667 0.992055 0.725447 -0.033550 0.406296 0.028788 0.026914 
1.739396 0.791644 2.077766 0.014343 0.011182 1.585366 0.113088 -0.007318 -0.318859 0.222653 -0.088474 -0.100648 
1.432407 1.408650 1.403013 1.032373 0.666056 0.591550 0.260303 -0.066301 -0.254191 0.179163 -0.190240 -0.050426 
1.560864 1.225843 0.918272 1.046436 0.454875 -0.025842 -0.297132 0.394359 -0.503010 0.524401 -0.119765 -0.104138 
1.221048 1.084144 1.786203 0.447138 -0.094874 0.080391 -0.469052 0.008785 -0.168596 -0.328464 -0.008213 -0.131380 
1.534262 0.837247 1.397934 1.291176 0.159870 0.145792 -0.028131 -0.055274 -0.087322 -0.165632 -0.199446 -0.050932 
1.454584 1.884964 1.020920 0.183445 0.520763 -0.241689 0.113806 0.052386 0.227618 0.304058 0.237599 -0.085481 
1.418920 1.235582 0.885235 1.140244 1.724717 -0.053518 0.682174 0.580854 -0.211166 0.036383 0.216747 0.043688 
1.793457 0.720557 1.237873 0.790439 1.201534 0.643555 0.964542 0.560047 0.421469 0.465645 0.079588 0.011578 
1.196612 1.889885 0.531255 0.749893 1.382337 0.866602 0.723041 0.460795 0.195997 0.390471 0.090101 0.012099 
1.351299 1.554778 0.402036 0.813112 1.547429 0.969326 0.194929 0.237077 0.211934 0.394926 -0.164939 0.017654 
1.259419 0.841867 1.340044 0.819517 0.776968 0.691820 1.260123 0.349574 0.655542 0.040549 0.002731 -0.041907 
1.373079 1.238189 1.751744 0.954332 1.119864 0.898344 0.967132 0.452344 0.369375 0.225593 0.177130 -0.017372 
1.383096 0.805697 1.150301 0.591980 1.692990 1.264049 1.002387 0.919200 0.202436 0.531271 0.053633 -0.029580 
1.551882 0.897598 1.582714 0.735699 0.685473 1.138245 1.027688 0.855855 0.269915 0.472262 0.191580 -0.062914 
3.263996 -0.418497 1.417884 1.345348 0.580108 0.453102 1.803971 0.176903 0.745745 -0.055238 -0.187754 -0.003656 
6.346064 -0.659908 1.701292 0.181205 0.887093 -0.088324 1.635326 0.697352 0.404782 0.387896 0.042245 0.162770 
6.745327 -2.695007 2.062370 1.254088 0.722955 1.649814 0.948168 0.259434 0.598022 0.528452 0.094857 -0.003525 
7.553736 2.951674 -0.698338 -0.446178 1.488875 1.346867 0.219759 0.052018 0.349431 0.347821 0.226626 0.054391 
5.518319 4.178923 2.609969 0.548847 -0.290022 0.384310 0.818883 1.314055 0.477967 0.114906 -0.019318 -0.059274 
6.385871 3.742516 3.794384 3.140988 0.382131 -1.071974 -0.010520 1.548221 0.468989 -0.090627 0.356125 0.210298 
3.861494 3.258378 3.215895 3.349296 2.282911 0.993696 0.835673 0.901328 0.428739 0.185561 0.247508 0.066897 
2.916153 2.665854 2.283440 1.615081 1.780468 1.425969 0.863141 0.382385 0.611665 0.468597 0.243301 0.053921 
3.974781 2.845710 3.087326 1.151718 3.153172 2.472195 1.424037 1.676022 0.668711 -0.020882 0.113386 0.025334 
3.243887 1.702678 1.614716 0.844625 1.714225 1.299353 1.043224 1.281570 0.782131 0.119833 0.145913 0.010433 
2.983793 1.190811 1.307206 0.176469 0.702399 1.327897 1.154264 0.619477 0.283732 0.249595 0.183648 0.007616 
3.495303 0.783063 1.072045 -0.188896 1.045417 0.831771 0.945931 1.612358 0.446711 0.326424 0.091362 -0.052264 
-1.#IND00 -1.#IND00 -1.#IND00 -1.#IND00 -1.#IND00 -1.#IND00 -1.#IND00 -1.#IND00 -1.#IND00 -1.#IND00 -1.#IND00 -1.#IND00 
-1.#IND00 -1.#IND00 -1.#IND00 -1.#IND00 -1.#IND00 -1.#IND00 -1.#IND00 -1.#IND00 -1.#IND00 -1.#IND00 -1.#IND00 -1.#IND00 
