3.199748 0.451154 0.004279 -0.607692 0.797787 1.805940 0.426442 0.970234 0.737876 0.330464 -0.042816 -0.046697 
3.596211 0.463788 0.534812 -0.465829 0.871218 1.304451 1.020476 0.791357 0.412234 0.513992 -0.127278 -0.079397 
3.264271 0.123738 0.719322 -0.497246 0.981016 0.371495 0.792287 0.774324 0.075761 0.355753 0.184793 0.008119 
3.679150 0.270205 1.275891 -0.977468 1.007981 1.163620 1.270473 0.802420 0.296248 0.398308 0.088620 -0.007880 
3.483904 -0.001967 0.990533 -0.154686 1.042193 0.574283 0.599289 1.685494 0.703986 0.121497 0.162870 0.004344 
3.375285 0.523124 0.927726 -1.181708 1.018648 1.206154 0.797702 0.705325 0.651926 0.317596 -0.136431 -0.031889 
3.593831 0.069870 0.792078 -0.720058 1.067830 1.305873 0.630092 0.937516 -0.047420 0.208038 0.121740 -0.046987 
3.430484 0.229388 0.950606 -1.486967 0.532838 0.560278 0.521642 1.312611 0.030174 0.307718 0.069861 -0.021110 
3.574799 0.512895 1.108367 -0.470371 1.097701 0.666530 0.597152 0.646283 0.214174 -0.237596 0.049448 0.052773 
2.918847 0.598172 0.731834 -0.524745 1.755924 0.454909 -0.158138 0.497766 -0.245242 -0.023385 0.213640 0.019502 
3.245737 0.528909 0.062999 -0.820797 0.352201 0.493249 0.795737 0.826257 -0.243081 0.764806 0.202321 -0.013786 
3.396621 0.290321 0.724410 -0.091265 1.033044 0.693512 0.350543 0.761706 0.061248 0.211713 -0.218526 -0.072229 
2.983439 0.307911 0.743133 -0.446902 0.604306 0.659218 0.256361 0.169142 0.233393 0.220088 0.055048 0.031352 
2.990827 0.590370 0.581109 0.189714 0.385966 0.263350 0.786382 1.028200 0.356976 0.016852 0.070905 -0.009724 
2.092034 -1.261338 3.792793 -1.817301 -1.277609 1.315577 2.557956 -0.366386 0.395381 0.358935 -0.404046 0.032715 
-0.457070 -1.260906 3.125477 0.442916 0.945981 1.450628 0.565076 -0.098675 0.595495 0.393269 0.255346 -0.003623 
-0.797827 -0.984805 3.839207 0.520286 0.809521 0.295875 0.876299 -0.553260 0.482783 0.637519 -0.032908 0.161380 
-1.333877 -1.473412 3.839524 -0.030238 -0.117178 -0.219338 1.625575 0.336617 0.863614 -0.004836 0.341654 0.239134 
-0.433585 -0.481980 2.396177 0.304735 -0.641611 -1.560766 1.469392 -0.125049 -0.716019 0.626883 0.391097 -0.065197 
-0.916270 -0.829665 2.642970 -0.997469 0.755356 -0.302293 1.764031 -0.178097 0.211339 0.605447 0.107900 0.093543 
-0.597065 -0.367390 3.019431 -0.689309 1.127036 -0.443454 0.427208 -0.235398 0.365005 -0.120465 0.003106 0.109601 
1.083051 0.992604 0.776104 1.195659 1.737675 0.916636 0.158090 1.573720 -0.271597 -0.096082 -0.510775 0.066992 
1.183585 1.825068 1.037315 0.377341 1.649911 -0.017633 0.070737 0.245374 0.732262 -0.057573 -0.171930 -0.055276 
0.801901 1.258682 1.312182 0.428387 0.197475 -0.515558 -0.027904 0.270432 -0.181978 -0.474585 -0.201502 -0.191251 
1.192039 1.050710 1.361803 0.733464 -0.079436 -0.551556 0.571867 -0.556212 -0.417340 -0.149384 -0.437843 -0.106807 
0.965414 1.106636 1.206521 -0.011325 -0.058790 -0.216782 0.119658 -0.034865 -0.379015 -0.811548 -0.528250 -0.094721 
1.033865 1.198099 1.471331 0.199595 -0.353168 -0.385747 -0.147213 0.482776 0.004449 -0.345358 -0.227646 -0.059121 
1.408087 1.013552 2.740237 0.340261 0.855221 -0.475742 -0.037931 0.301585 0.596961 0.290984 -0.127571 -0.023668 
1.413478 1.194843 1.591676 0.517852 1.248876 0.908451 1.130655 0.338819 -0.194980 0.311900 -0.195479 -0.019990 
1.556630 0.957139 1.833179 0.305176 1.827164 0.838781 0.156257 0.184362 0.405078 0.527938 0.032273 -0.006284 
1.740129 1.081403 0.519887 0.981409 1.539809 0.446116 0.636458 0.409179 0.448471 0.515277 0.044017 -0.029488 
1.326898 0.814296 1.471073 1.398780 0.593442 0.842463 0.249515 -0.056231 0.482951 0.375306 -0.099559 -0.065904 
1.241381 1.287654 1.005805 0.429029 0.797224 0.841694 0.748400 0.746946 0.512221 0.219473 0.192132 -0.125311 
0.845323 1.154616 0.933420 1.419225 1.110477 1.056606 1.258859 0.496775 0.546497 0.502328 -0.159566 0.013289 
1.715421 0.430663 1.097199 1.189569 1.852708 1.288557 0.881909 0.339121 0.231330 0.274517 0.267704 -0.027885 
1.521220 0.473692 1.913359 1.616670 0.564091 1.591362 1.220286 1.405966 -0.546871 0.222759 0.169369 -0.002200 
2.302826 0.574334 1.382095 1.184941 0.679979 0.388425 1.183783 1.060486 0.012609 0.222676 0.268992 -0.005249 
4.748051 1.629577 0.737329 0.532554 0.700492 0.839532 0.947068 0.401063 0.292303 0.346495 0.261470 0.044940 
6.665316 1.081026 0.411747 0.952078 0.172336 0.923111 1.067351 0.694870 0.765495 -0.046286 -0.014056 0.106055 
4.965304 3.366687 1.894838 1.413376 1.469719 1.236073 0.656621 0.172312 -0.016014 0.219143 0.310446 0.108014 
5.064183 2.990265 0.974364 0.394560 1.363994 2.284768 1.914745 0.477435 -0.160024 0.066470 0.104451 0.083821 
6.049107 3.327143 4.114322 3.446594 0.505521 -0.213145 0.317177 1.045759 0.260978 0.004404 0.234101 0.112983 
3.711487 3.186276 3.106118 2.779727 2.205233 1.323130 0.620701 0.615037 0.290296 0.114082 0.133118 0.021107 
3.106127 2.786243 2.446138 2.164321 1.672689 1.452243 1.558379 1.193791 0.425746 0.137440 0.071052 0.032982 
4.695338 2.053774 2.653324 2.682373 1.932813 1.670346 1.463546 1.554052 0.634866 0.438157 -0.135473 -0.051989 
3.600738 0.819242 0.935266 -0.870868 0.379021 0.705456 0.485160 1.058591 0.347759 0.006107 0.055225 0.022458 
3.269980 0.970088 0.843799 -0.584881 1.517153 0.776004 0.970515 0.900651 0.570746 0.315852 0.023275 -0.009784 
3.785511 0.741366 0.438615 0.120677 1.355569 1.940031 0.879936 0.882018 1.069177 0.159917 0.322827 0.046519 
-1.#IND00 -1.#IND00 -1.#IND00 -1.#IND00 -1.#IND00 -1.#IND00 -1.#IND00 -1.#IND00 -1.#IND00 -1.#IND00 -1.#IND00 -1.#IND00 
-1.#IND00 -1.#IND00 -1.#IND00 -1.#IND00 -1.#IND00 -1.#IND00 -1.#IND00 -1.#IND00 -1.#IND00 -1.#IND00 -1.#IND00 -1.#IND00 
