3.106260 0.606020 0.952611 0.013569 0.798382 0.641267 0.236286 0.300505 0.355146 0.500673 0.203667 -0.017033 
3.131257 0.483409 0.535287 -0.616300 0.579201 0.712484 0.946003 0.543734 0.295442 0.238587 -0.040158 -0.013727 
3.614906 -0.055950 1.009807 -0.718712 0.768891 0.992544 1.340880 0.328425 0.374841 -0.014540 0.126325 0.061696 
3.367135 0.832288 1.467042 -0.730475 1.713738 -0.053905 0.251353 1.327615 0.854419 0.357244 0.084027 0.000573 
3.328305 0.478473 1.220873 -0.580861 1.204664 1.374787 1.269052 1.403195 0.628673 0.008837 0.501000 0.043476 
3.197969 0.763773 1.188175 -0.109932 0.912105 0.925293 1.159834 0.584941 -0.121928 0.218350 0.146442 0.035992 
3.258125 0.576356 1.603033 -0.924993 1.359172 0.525430 1.165736 0.769635 0.072556 0.113755 0.137918 0.037382 
3.214908 0.487128 0.866484 -0.452829 1.723087 0.864840 1.220263 1.314519 0.733345 0.043658 -0.007833 -0.035583 
3.398545 0.671650 0.961014 -0.057536 0.863589 1.753022 0.513622 1.769936 0.542512 -0.129490 0.204393 -0.000301 
3.381031 0.564836 1.357750 -0.985277 1.335225 0.885027 0.758696 0.811825 0.597648 -0.174901 0.143103 0.048492 
3.094400 0.127716 1.321067 -0.403525 0.835436 0.867677 0.845240 1.348513 -0.312918 -0.056679 0.276166 0.009436 
3.266095 0.356337 1.144879 -0.687238 1.202495 0.720315 1.128412 0.662444 0.106422 0.185557 0.165861 0.011534 
3.269543 0.540150 0.955613 -0.632027 1.185408 0.503694 0.120329 1.073436 0.397470 0.198087 0.131921 -0.021974 
2.943939 0.320561 0.996014 -0.896870 1.163367 0.681426 1.037842 0.958282 0.233114 0.171763 -0.190935 -0.081875 
3.197651 -0.540965 1.058481 -0.258700 0.191908 1.842835 1.226625 0.369241 -0.007083 0.162283 -0.091234 -0.016677 
1.763447 -1.791749 2.842326 0.216510 1.278234 -0.804656 1.395504 0.255587 0.968718 1.128752 -0.071573 -0.055616 
-0.358692 -2.652043 1.517255 0.443782 -0.315316 1.425997 2.495559 0.869329 0.485038 -0.048995 0.104722 0.007995 
-0.314886 -1.742957 2.387431 0.146075 -1.135899 1.888742 1.324557 -0.675393 -0.121263 -0.000319 0.271445 0.094531 
-0.925575 -1.772006 2.229398 -0.169186 -1.014020 0.418498 0.930188 -0.007832 0.140123 0.392411 0.384174 0.119362 
-0.577373 -0.799428 2.261474 -0.564369 0.214714 0.265984 -0.272843 -1.262433 0.190917 0.374730 -0.084656 0.282042 
-0.620546 -1.423152 2.082820 0.057467 -0.053598 0.829885 0.499041 -0.388652 -0.193169 0.192683 -0.046972 0.213038 
0.019091 -1.346823 1.905538 0.264473 -1.367939 0.491027 1.185342 1.515455 0.560237 -0.073693 0.015150 0.054396 
1.557469 1.399768 0.391855 0.820979 0.670399 1.897308 0.496115 0.062676 0.583985 0.004092 -0.079266 -0.059138 
1.017907 1.425018 1.463146 0.989459 0.959483 0.296280 0.250943 -0.588351 -0.073836 -0.029894 -0.256458 -0.094991 
1.749350 1.183453 1.121565 0.313567 -0.032627 -0.344304 -0.028996 -0.357992 -0.101561 0.206678 0.013737 -0.111828 
1.094324 1.777832 0.700478 1.064078 -0.153242 -0.658371 -0.010491 -0.353115 -0.450627 -0.000624 -0.202536 -0.104758 
1.143206 1.590315 1.574928 1.261939 -0.329965 -0.276144 -0.030515 -0.279948 0.199691 0.164887 0.140194 -0.095473 
1.387080 1.647946 1.470112 1.068172 0.535020 0.230038 0.214961 0.333067 1.001985 0.245552 -0.157826 -0.014233 
0.908733 1.653901 1.303148 1.838155 0.856471 -0.495890 0.871055 0.551044 0.401598 0.391352 0.099413 -0.043524 
1.824850 0.602082 1.532365 1.522630 1.036770 0.569908 0.100048 0.851573 0.909049 0.444391 -0.090461 0.000912 
0.963067 1.410580 1.527015 1.006879 0.461852 1.990284 0.512776 0.571138 0.408740 0.251445 0.064958 -0.021732 
1.204842 1.293666 1.538325 1.091245 0.822602 0.382851 0.514262 0.047306 0.507994 0.201144 -0.405895 -0.004250 
1.778294 0.294825 1.821235 0.529234 1.503426 0.637966 1.114990 0.182875 -0.046932 0.216633 -0.219163 -0.000026 
1.233679 1.142452 1.017493 1.478852 1.160171 0.994749 0.585143 0.609540 0.553542 0.196304 0.132218 -0.026909 
1.711348 0.409550 1.478428 1.142201 0.378873 1.479366 2.112453 0.308991 0.819654 0.419424 0.125765 -0.082639 
1.481773 0.444032 1.413708 2.599587 0.955266 1.210673 0.442168 1.004400 0.195110 0.295468 0.301627 -0.026516 
4.717371 -1.170756 1.086186 0.742374 1.553955 1.252163 1.419685 0.679476 0.896326 0.280644 -0.159182 -0.017834 
7.867617 2.054593 -0.130354 0.743913 1.379888 0.765019 0.041775 0.282885 0.698761 0.550437 0.159378 -0.014327 
5.185317 1.050499 0.001479 1.072697 0.692682 0.726416 1.245597 0.871022 0.429859 0.128683 0.073709 0.000970 
3.600255 3.055883 2.347679 1.536644 0.905676 0.630352 0.512451 0.357386 0.393217 0.370824 0.098064 0.037146 
7.276798 3.439124 1.467538 0.091886 -0.676640 0.467357 1.514015 0.911997 0.052671 -0.051806 -0.038634 -0.000620 
4.682254 3.990658 4.042417 3.943906 1.928924 0.578183 0.873415 0.764828 0.394219 0.325019 0.104675 0.053968 
4.099819 3.000378 2.985843 3.091206 2.342499 1.523680 1.043831 1.244720 0.651930 -0.057620 0.111323 0.038130 
2.985333 2.291249 1.760122 1.695569 1.581600 1.687560 1.504434 1.338208 0.843776 0.320852 0.133163 0.038930 
3.207613 0.785829 1.427478 -0.156958 1.956717 1.117548 1.609632 1.438990 0.870614 0.371295 0.264066 -0.001966 
3.358957 0.368085 0.955221 -0.659805 1.207065 0.798860 0.902999 0.964991 0.175057 0.089684 0.063013 -0.007811 
3.410488 0.611255 0.923959 -0.352822 1.049036 0.450731 -0.029998 0.963897 0.373626 0.259345 -0.142293 -0.025824 
3.362010 0.506527 0.856928 -0.219377 1.311620 0.674679 0.496705 0.890427 0.713083 0.012405 0.075448 0.031659 
-1.#IND00 -1.#IND00 -1.#IND00 -1.#IND00 -1.#IND00 -1.#IND00 -1.#IND00 -1.#IND00 -1.#IND00 -1.#IND00 -1.#IND00 -1.#IND00 
-1.#IND00 -1.#IND00 -1.#IND00 -1.#IND00 -1.#IND00 -1.#IND00 -1.#IND00 -1.#IND00 -1.#IND00 -1.#IND00 -1.#IND00 -1.#IND00 
