3.322851 0.598839 1.209395 0.224686 1.140074 1.459426 0.913513 1.124853 0.909612 0.344877 0.386131 0.022281 
3.441142 0.659421 1.190723 0.466600 1.579466 1.343696 1.042132 1.053538 0.784078 0.391969 0.303417 0.011227 
3.781547 0.566373 1.156506 0.445677 1.692731 1.697797 1.618686 0.625725 0.624562 0.399768 0.004817 -0.002978 
3.288412 0.784313 1.221806 -0.332030 1.367786 1.429348 0.751957 0.998212 0.297713 0.465529 0.229086 -0.017429 
3.602758 0.384073 0.983815 -0.298510 1.791788 1.096431 1.133017 0.802751 0.403159 0.524904 0.094454 -0.025847 
3.385959 0.562764 1.094965 -0.179599 1.517441 1.444902 1.247803 0.684079 0.142948 0.486716 -0.074677 -0.025814 
3.403116 0.704427 1.013153 -0.955015 1.037853 0.721161 0.558186 1.268843 0.794852 0.186818 0.045523 -0.042407 
3.208918 0.533134 0.656769 -0.195735 1.929155 1.501821 1.427603 0.822041 0.418845 0.105158 0.070131 0.028345 
2.975496 0.026982 -0.008116 -0.818602 0.137345 -0.580649 0.169599 0.956575 0.031575 0.118711 -0.041376 0.010736 
2.910581 0.102096 0.546116 -1.048224 0.717688 0.403618 0.639710 1.111145 0.363902 0.166389 -0.166407 -0.052847 
3.263541 0.504940 1.416186 -0.486641 0.846079 0.915148 0.628067 0.479940 0.222328 0.399837 0.109627 -0.016762 
3.215816 0.317077 1.220859 -0.682296 0.427168 1.196667 0.969859 0.856706 0.360182 -0.283505 0.011782 0.021128 
3.252475 0.317287 1.019872 -0.686568 1.525963 0.613387 0.409819 1.189364 0.505285 -0.055435 0.204959 -0.002916 
3.481241 0.956594 0.916608 -0.800424 1.156860 1.733789 0.546782 0.835792 1.017706 0.118034 0.112674 0.011885 
2.297637 -0.476488 3.141224 -1.229990 -0.052748 1.839218 1.317017 0.511153 0.361125 0.245529 0.435916 -0.038489 
0.102482 -1.342328 6.382326 0.677351 0.291250 1.294410 0.040691 0.044772 0.346095 0.011001 -0.035736 -0.001977 
-0.578582 -1.217087 5.170606 -0.075102 -0.251330 1.467815 0.131874 -0.368520 0.246516 0.340398 -0.022110 0.122808 
-0.942066 -1.075794 3.991056 -0.635637 0.495009 -0.106921 1.159533 -0.032520 0.700844 0.158336 -0.236948 0.172823 
-1.006679 -1.451252 4.007637 -0.018229 0.650669 -0.250963 0.998339 0.069829 0.482118 0.088476 0.320700 0.146387 
-0.816090 -1.495640 4.084494 0.062118 -0.196578 -0.174979 0.751122 0.650330 0.869801 -0.002024 -0.036151 0.163368 
-0.545041 -1.229710 2.012304 0.913455 -0.763548 -0.521815 1.171549 1.537779 0.566191 0.566164 -0.001124 0.192000 
1.278562 1.321807 1.377381 0.941395 1.657391 0.087929 0.994550 0.449093 -0.422449 0.205444 0.323191 -0.156743 
0.973336 1.210071 1.215711 1.136858 1.692704 0.268030 0.902497 0.520180 -0.280728 -0.043332 -0.130873 -0.016331 
1.337823 0.915014 0.801198 1.447603 1.120577 0.463714 0.003021 0.200040 -0.230079 -0.425453 -0.016347 -0.091553 
1.304573 1.281164 1.005857 1.305156 0.821833 0.197357 -0.277454 -0.223137 -0.200524 -0.190338 -0.170767 -0.040024 
1.026098 1.777398 1.294041 0.467095 0.184911 0.608873 -0.608857 -0.430061 0.033444 -0.008114 0.160476 -0.131903 
1.191752 1.517950 1.157720 1.071548 0.558510 0.466367 0.032506 -0.158517 0.490468 -0.088400 0.150066 -0.015990 
1.608414 0.690453 1.461446 0.857113 0.659233 1.008656 1.085771 0.255192 0.303357 0.564692 0.071371 0.011375 
1.382132 0.914527 1.304451 1.135796 0.894101 0.947958 1.130610 1.215402 0.229614 0.255950 -0.194112 0.045722 
1.347213 1.245303 1.695930 -0.010730 1.010779 1.544148 1.006080 0.016729 0.581072 0.088304 0.171746 -0.021401 
0.718654 1.548492 1.173025 0.775409 1.052543 0.653777 0.467755 0.284666 0.675299 0.169068 -0.173756 -0.012579 
1.603400 1.016557 0.631537 1.093600 1.136142 0.803559 0.905558 0.341902 0.535385 0.030886 -0.342544 -0.043152 
1.134248 1.411344 1.934086 0.813078 1.589551 0.418695 0.352073 1.038565 0.245136 0.722275 -0.292811 0.016269 
1.209780 1.170461 0.899610 1.470869 1.310099 0.517853 1.154167 0.186758 0.756256 0.504681 0.048454 -0.036637 
1.358193 1.003900 1.148413 1.640480 0.416384 0.562971 1.112844 1.514839 0.524387 0.239996 -0.019002 -0.025090 
1.831205 0.469173 1.910930 1.378458 1.614766 0.114194 0.690904 0.567682 0.048226 0.648314 0.209860 -0.090527 
5.296670 -0.487925 1.208060 1.080518 1.932746 0.644057 1.508324 -0.641065 0.534453 0.971465 -0.003300 -0.042326 
6.768758 -0.765335 1.699476 0.428129 1.118186 0.096639 0.705356 0.955567 0.684477 0.625037 0.154753 0.018261 
8.458280 0.254182 0.144337 0.620563 0.573231 0.220981 0.882000 0.741631 0.230124 0.012266 0.114680 0.115444 
5.889223 3.787356 1.017129 0.134628 0.636250 1.052612 0.951410 0.680253 0.439454 0.224700 0.164100 0.053150 
4.695720 3.774511 2.640032 1.739116 0.912034 0.481846 0.590257 0.700912 0.335062 0.228663 0.359142 0.109436 
2.950402 2.577855 2.494239 2.365952 2.063804 1.712344 1.660911 1.493297 0.860293 0.325119 0.140647 0.077031 
4.032640 2.255123 2.603553 1.829650 2.390967 2.049401 1.428892 1.018902 0.463982 0.084252 0.034362 0.018067 
4.364697 2.454098 2.275817 0.634379 1.593197 1.995463 1.602393 1.084090 0.399755 0.478674 -0.156601 -0.055966 
3.699922 0.962999 1.684787 -0.109442 1.696066 1.775065 1.487875 1.449960 0.650471 0.185619 0.216021 0.010013 
2.909529 1.676177 1.716417 1.023729 1.017577 1.285816 0.856418 0.565583 0.368624 0.274668 0.198111 -0.010923 
4.804050 2.923498 4.292570 4.196856 1.207265 0.078648 0.167350 0.741310 -0.249475 -0.232780 0.126369 0.056345 
5.825259 3.800608 4.606159 3.444324 1.179111 -0.697486 -0.116463 1.148565 -0.057394 -0.040705 0.183074 0.085398 
-1.#IND00 -1.#IND00 -1.#IND00 -1.#IND00 -1.#IND00 -1.#IND00 -1.#IND00 -1.#IND00 -1.#IND00 -1.#IND00 -1.#IND00 -1.#IND00 
-1.#IND00 -1.#IND00 -1.#IND00 -1.#IND00 -1.#IND00 -1.#IND00 -1.#IND00 -1.#IND00 -1.#IND00 -1.#IND00 -1.#IND00 -1.#IND00 
