3.171849 0.464557 1.358794 0.120252 1.074366 1.387467 0.930108 0.639297 -0.103768 -0.040548 0.116422 0.032938 
3.145184 0.342037 0.802707 0.374634 1.011733 0.358695 0.931527 0.553102 0.751493 0.431003 -0.065149 -0.037279 
2.671223 0.776823 1.186276 -0.467393 1.130478 0.955880 0.954917 1.014935 0.063242 0.266519 -0.093273 -0.067525 
3.131021 0.999140 1.495909 0.068562 1.355365 0.963444 1.459706 0.369192 -0.068612 1.004543 0.199501 -0.009012 
3.068340 0.650373 1.519083 0.546330 1.059992 0.637682 0.427136 1.227731 0.721533 0.393403 0.207080 0.008221 
2.906164 0.740115 1.064013 -0.062568 0.486310 0.638148 0.557029 1.066231 0.639244 0.165623 0.083793 -0.013711 
2.945039 0.596969 1.811389 -0.012690 1.484878 0.939056 0.999673 1.467079 0.331186 0.400002 0.296064 -0.040837 
2.886757 0.824772 1.674333 -0.236884 0.692208 0.048912 0.373418 0.520826 0.624485 0.582863 0.171057 0.012062 
2.819800 0.230251 1.555488 -0.512851 0.907946 0.463255 0.626904 0.142074 0.239342 0.432748 -0.018496 -0.061317 
3.124779 0.791064 1.669605 -0.292050 1.020108 1.656865 0.748775 0.666160 0.033071 0.516499 0.062173 -0.028593 
3.049934 1.023894 0.472449 -0.364896 0.891826 0.192799 0.288968 0.740244 0.230169 0.202393 -0.048074 0.026786 
2.520249 -0.322161 1.379675 0.542467 1.592732 0.293376 0.758829 0.650345 0.075565 0.782000 0.174904 -0.106014 
2.929044 0.648882 1.352221 0.072923 1.216827 0.451476 0.600053 1.222235 0.575711 0.038980 0.113759 -0.032326 
2.792105 -0.538226 0.694066 -0.115905 0.884784 0.694994 0.536431 0.360297 0.182922 0.346344 -0.015845 -0.052233 
2.806998 0.520072 1.202930 -0.449516 1.277251 0.318624 0.868402 0.584635 0.326330 0.961418 0.100004 -0.063136 
2.915960 0.420297 0.923779 -0.484014 1.376145 0.363396 0.275102 1.023782 0.258691 0.168310 0.080404 0.012968 
2.923820 0.765594 1.612523 -0.201446 1.373314 0.207867 0.574839 0.884392 0.558670 0.307471 0.183303 0.016947 
0.752803 0.950605 1.293550 0.867556 0.848611 0.321123 2.502962 0.470323 0.445762 0.362114 -0.125614 -0.053019 
0.708030 0.409968 0.733610 1.863218 0.933942 1.545550 1.585718 1.330924 0.385057 0.248661 -0.112162 -0.165806 
1.353103 0.684074 0.282530 1.040600 1.534396 1.514006 0.949101 1.026394 0.847689 0.146469 -0.166646 -0.105422 
1.312918 0.303542 -0.198408 1.047278 1.844630 1.696345 1.565962 1.092368 0.237246 0.211074 -0.072162 -0.168117 
0.648399 0.847382 0.024664 1.203891 1.540258 1.754997 1.793235 0.822051 0.239947 0.175947 -0.259058 -0.115029 
1.202162 0.641468 0.261254 0.559414 1.415210 2.221678 1.391796 0.743946 0.720109 -0.047772 -0.291889 -0.102275 
1.083332 0.407510 0.221238 0.439154 1.828293 1.863796 1.737875 0.514966 1.109153 -0.075335 -0.520257 -0.080703 
1.146962 0.075181 0.405089 1.044754 2.337800 1.263488 2.090829 0.077307 0.311858 0.192933 -0.179935 -0.108006 
0.712745 0.711809 0.313843 1.026265 1.561466 2.659940 1.278336 1.068752 0.417445 -0.142725 -0.460864 -0.031307 
0.500681 0.546227 0.765621 1.596758 1.406877 1.844465 1.384798 0.705802 0.269133 0.458840 -0.225170 -0.155086 
1.040979 1.090394 0.465972 0.734575 1.032467 1.630559 1.356608 1.086352 0.449345 -0.235979 -0.344024 -0.057224 
0.898502 1.067256 1.474906 1.237230 1.039769 1.921428 0.100999 1.330617 0.804921 0.197628 0.007976 -0.043030 
2.338292 0.326235 0.420931 1.315969 1.281174 1.846941 0.849619 0.946854 0.164412 -0.117444 0.221045 -0.020394 
3.281945 0.696172 0.890684 0.633454 1.663987 0.691900 0.415103 1.458813 0.001072 0.114615 0.231347 -0.009677 
3.606152 0.219695 1.665770 0.039805 0.981167 2.145153 0.857168 0.774643 0.354775 0.531109 0.070377 -0.058255 
6.636526 -0.058082 1.684230 0.574081 0.035265 1.891506 0.911848 0.775905 0.276747 -0.215530 0.235957 0.192813 
6.250363 0.114859 1.772016 -0.658960 2.556374 2.901016 1.201232 1.019729 0.767451 -0.341196 -0.290785 0.043584 
4.622593 2.877158 2.977756 3.189829 3.369594 1.705064 1.499091 1.537115 -0.083912 -0.423070 0.200154 0.073861 
4.898374 3.273948 3.651246 3.318119 2.553228 1.249583 1.393117 1.540253 0.456431 -0.540828 0.150443 0.065761 
3.536450 1.435223 1.377826 0.716214 1.477951 1.740297 1.637561 1.091651 0.233108 -0.095717 -0.106206 0.014382 
2.504521 0.519411 0.743693 0.540566 0.215181 1.034116 1.575523 1.282625 0.599471 0.398128 0.256267 -0.093959 
3.184903 0.693641 0.317487 -0.288546 0.142292 0.042766 2.901714 2.274254 0.322070 -0.175736 0.321376 0.000004 
5.499891 1.380922 0.523159 0.196743 0.804844 -0.280852 1.446152 2.402826 1.939856 0.354983 0.060230 0.031884 
3.550431 1.418728 0.833365 0.340850 1.150759 1.702243 1.540872 1.556928 0.623762 0.569984 0.336869 -0.000558 
3.510823 0.251672 0.776838 2.283381 2.034869 -0.061958 0.172739 2.031673 1.889527 0.242460 -0.099820 -0.011774 
3.532627 0.351962 1.637397 0.543466 2.127670 1.402272 0.473354 0.724583 0.584202 0.232931 0.278081 0.008714 
3.170791 0.715491 1.406474 1.522513 1.576117 0.807468 1.157667 1.448720 0.450876 0.005680 -0.165945 0.001116 
3.527045 1.383037 2.378967 0.520964 1.594570 1.847091 1.284127 0.796653 0.597638 0.195513 0.358366 0.069757 
3.399384 2.384806 3.056614 3.282751 2.575832 1.827788 1.625434 1.321131 0.907039 0.379002 0.061413 0.071346 
3.408387 3.118716 3.236634 2.937542 2.463401 2.170822 1.605707 0.821469 0.339299 0.083491 0.184060 0.028022 
3.701323 2.821764 3.134665 2.575258 2.363946 2.522951 1.421499 1.178623 0.692739 0.077741 0.134662 0.051843 
-1.#IND00 -1.#IND00 -1.#IND00 -1.#IND00 -1.#IND00 -1.#IND00 -1.#IND00 -1.#IND00 -1.#IND00 -1.#IND00 -1.#IND00 -1.#IND00 
-1.#IND00 -1.#IND00 -1.#IND00 -1.#IND00 -1.#IND00 -1.#IND00 -1.#IND00 -1.#IND00 -1.#IND00 -1.#IND00 -1.#IND00 -1.#IND00 
