3.319933 0.595242 0.756123 -0.541042 1.531560 1.244618 1.062674 0.376281 0.305176 0.511439 0.349843 0.023885 
3.360116 0.621946 1.004058 -0.549816 1.059286 1.739985 0.679469 0.872623 0.587374 0.207053 0.217776 0.017714 
3.445716 0.070922 1.009917 -0.730447 0.530804 1.395109 0.595720 0.651656 0.043282 -0.039815 -0.030030 -0.002698 
3.326952 0.458658 1.007696 -0.629014 0.487149 1.333768 1.255221 1.228194 0.306764 0.084618 0.096900 -0.005397 
3.411869 0.160973 1.310742 -0.586885 1.150359 1.145946 1.186005 1.198214 0.129270 0.221331 -0.053556 -0.037111 
3.307990 0.700652 0.436462 -0.313758 1.325829 1.370223 0.648354 0.432747 0.287692 0.380610 0.100986 0.032445 
3.198353 0.717930 1.286842 -0.416737 1.520665 1.242175 0.625773 1.243344 0.610616 0.143753 0.374549 0.010568 
3.411647 0.775001 1.271315 -0.156998 1.439752 1.456027 0.768300 0.491563 0.791905 0.463778 0.041922 -0.003119 
3.184119 0.312203 0.278713 -0.621523 1.539466 1.123434 0.541296 1.150202 -0.005284 0.431621 0.095878 -0.039737 
3.472819 1.054251 0.984380 -0.495681 0.502780 0.666146 1.217733 0.216067 0.528581 0.560071 0.079314 0.023071 
3.209137 0.265378 0.929236 -0.520889 1.177595 1.325462 0.812511 0.644579 0.233598 0.112479 -0.118284 -0.037965 
3.341458 0.570153 0.722875 -0.339640 0.791869 1.078856 0.719438 0.875553 0.483904 0.124611 -0.011694 -0.022898 
3.217073 0.484862 1.137837 0.322396 1.879473 1.186509 1.102069 0.751160 0.556210 0.132671 0.033870 0.021342 
3.156894 0.182706 0.991053 -0.685075 1.148219 0.621522 0.165734 1.318659 0.706125 0.233877 0.018767 -0.048805 
3.266722 0.516408 1.121586 -0.277347 1.289216 1.124491 0.407372 0.659810 0.487707 0.371567 0.241248 0.013654 
1.388578 0.399767 0.778512 0.854543 1.227655 1.863261 1.870712 0.346564 1.022361 0.002616 -0.010584 -0.130571 
0.653046 1.203634 1.393429 1.060551 0.654284 1.626482 -0.005017 1.864849 1.018990 0.112138 -0.258813 -0.111548 
0.938430 0.973339 0.980668 1.844077 1.995705 0.472518 0.621508 1.041763 0.513450 -0.129362 0.057068 -0.123551 
0.806163 1.216188 0.904274 0.817253 0.882611 1.273370 1.389412 1.281810 0.371420 -0.256783 -0.231116 -0.120620 
0.393710 1.390114 0.828758 1.177450 1.698648 1.400041 1.313233 0.713615 0.655736 -0.140338 -0.105518 -0.098015 
0.743722 1.032470 0.829269 1.156097 0.971253 1.280900 2.003575 0.733585 0.962640 -0.192198 -0.175487 -0.157008 
0.679096 0.914326 1.430108 0.675945 0.913678 1.471140 1.870942 1.052946 0.808176 -0.119780 -0.161093 -0.158916 
1.037461 0.328551 0.546866 0.780266 1.912974 1.453178 1.826656 0.925955 0.156926 -0.123490 -0.075671 -0.141261 
1.297405 0.188571 0.452814 1.708951 1.099079 1.856210 1.688034 1.217231 0.284419 -0.265158 -0.238649 -0.078652 
1.176379 0.979555 -0.148783 1.177282 1.613694 0.372924 2.633880 1.350303 0.038449 0.171944 -0.200126 -0.109852 
1.113849 0.809259 0.696425 1.564563 0.685453 1.300545 1.220099 1.355405 0.478243 -0.310767 -0.191540 -0.068335 
0.522183 1.166710 0.514154 0.845371 1.499610 1.687514 1.770711 1.525401 0.543723 -0.340887 -0.356154 -0.108293 
1.125813 0.678926 1.048430 1.310034 1.644353 0.682959 2.069812 1.179317 0.785889 0.212175 0.061614 -0.081955 
1.510521 0.684770 1.442151 1.207683 1.217765 2.127268 1.101178 0.202201 -0.020515 0.409647 0.122253 -0.033694 
2.602638 0.129931 1.239209 1.340126 1.667406 1.243797 1.053019 0.080932 -0.028267 0.265143 -0.192235 -0.003860 
4.437269 -0.367029 1.413889 0.294463 1.974651 0.314394 1.667386 1.665352 0.150498 0.194541 0.026108 -0.014495 
5.251494 1.622073 1.048792 0.975245 1.013554 0.428530 0.242901 0.979491 0.447534 0.307097 0.265225 0.064564 
3.943836 3.043130 1.988387 1.429638 1.236202 1.247944 0.815378 0.145534 0.095260 0.283483 0.224384 0.052789 
4.712579 3.282477 3.452133 2.957649 3.141699 1.433290 0.732101 1.001755 0.081387 -0.187718 0.125370 0.019410 
3.571763 2.360233 1.520241 1.012751 1.112254 0.834800 0.765310 1.166662 1.147801 0.920314 0.310158 0.045742 
3.437079 2.285253 1.826279 1.430460 1.925679 1.757579 1.504061 0.558219 0.574719 0.441018 0.132977 0.048427 
3.930242 2.086058 2.153139 0.588163 2.048191 2.380358 2.043675 0.672359 0.650203 0.477779 0.137160 0.070203 
1.628634 0.291058 0.123223 0.472089 1.125328 0.501463 0.529814 0.302159 1.233537 0.535805 0.086975 -0.304107 
3.588207 0.426955 -0.111895 0.042114 0.688313 1.011294 1.059229 1.167882 1.344321 0.469437 0.039723 -0.075042 
4.661517 0.383463 0.451516 -0.055752 2.239545 0.795888 0.336310 1.911025 2.013113 0.866969 0.118253 -0.098140 
4.133323 0.540155 0.571073 -1.830981 0.495976 0.885017 1.186469 0.808272 1.129604 0.773608 0.211421 0.003174 
3.302230 0.590241 1.235907 -0.270133 1.201158 1.611910 0.717098 1.160733 0.383485 0.478459 0.492574 -0.004667 
3.382284 0.509681 1.473670 -0.426977 1.164451 0.835940 1.302467 0.671818 0.195568 0.552057 0.166275 -0.023641 
3.492388 0.525233 0.781883 -0.297799 1.515623 0.896059 0.650140 0.945426 0.508722 0.413061 0.184825 -0.035384 
3.263797 0.456092 1.145472 -0.420864 1.404259 1.435829 0.844121 1.262541 0.750247 0.291265 0.194275 -0.018068 
3.322277 1.002752 0.812319 -0.363142 1.770030 1.741156 1.403110 1.270746 -0.050500 0.219869 -0.002226 -0.003653 
3.430357 0.545430 0.607709 -0.737168 1.123383 0.957353 0.593212 0.108585 -0.051234 0.315407 -0.049612 -0.010747 
3.113012 0.716145 0.944393 -0.601116 1.196030 0.294915 0.818713 1.104849 0.592444 0.248916 0.121113 -0.022791 
-1.#IND00 -1.#IND00 -1.#IND00 -1.#IND00 -1.#IND00 -1.#IND00 -1.#IND00 -1.#IND00 -1.#IND00 -1.#IND00 -1.#IND00 -1.#IND00 
-1.#IND00 -1.#IND00 -1.#IND00 -1.#IND00 -1.#IND00 -1.#IND00 -1.#IND00 -1.#IND00 -1.#IND00 -1.#IND00 -1.#IND00 -1.#IND00 
