3.878329 0.428321 1.068708 -0.116504 0.554976 1.424048 0.186516 0.214894 -0.295012 0.066158 0.017651 -0.054269 
3.576547 0.900614 1.377278 -0.222955 0.917944 0.838444 0.651707 0.500701 0.454053 0.091844 0.076581 0.032476 
3.662706 0.764865 1.044873 0.446363 1.825343 0.906110 0.429288 0.735296 0.261960 0.184430 -0.096364 -0.022703 
3.558096 0.575418 1.300348 -0.138069 0.738174 0.597717 0.544608 0.581760 0.568547 0.444248 0.026221 -0.047200 
3.643572 0.658080 0.779743 -0.222249 1.244750 1.101900 0.699724 0.432274 0.473199 0.432754 -0.005080 -0.028212 
3.448338 0.682688 1.745819 -0.453475 1.609876 1.202443 1.099417 0.742127 0.498947 0.411227 0.062132 -0.001139 
3.602709 0.590078 1.413793 -0.027565 0.966518 0.889569 0.806442 1.487824 0.439603 -0.028042 0.245520 0.035925 
3.199561 0.827286 1.019555 -0.581371 1.168714 0.563885 0.928831 1.283127 0.264154 0.502342 -0.018744 -0.060701 
3.617544 0.825983 0.866395 0.225321 0.390187 1.438106 0.861329 0.734867 1.197400 -0.147762 0.075068 0.028712 
3.192115 0.525480 0.560059 -0.108223 1.368482 1.332985 0.488560 0.363841 0.780794 0.151858 0.065059 -0.018916 
3.187174 0.584756 0.280751 -0.427190 1.303686 0.330138 0.650013 0.230899 0.408185 0.337299 0.046962 0.001340 
3.171532 0.301905 0.861332 -0.148481 0.713521 0.554540 0.037498 0.255514 0.031327 0.152645 0.126096 0.048236 
3.351596 0.767250 1.326039 -0.726067 1.332501 0.572019 1.125187 0.865231 0.003334 -0.178001 0.115409 0.073641 
3.087391 0.669998 0.481606 -1.105349 1.661232 1.084994 0.632611 0.809615 0.111906 0.273329 -0.202785 -0.019166 
3.220411 0.104790 1.320953 -0.704673 0.951461 0.882877 0.461916 0.403502 0.562164 0.355642 0.218770 0.009827 
3.023169 0.595269 1.131424 -1.234903 0.975701 0.885100 0.823529 1.065320 0.310096 -0.007971 0.065164 -0.019897 
2.703534 1.171205 -0.274739 0.721008 1.449508 1.055072 1.800417 1.332361 0.222061 -0.224716 0.011392 0.049477 
1.376265 0.206096 0.519438 1.664179 1.177063 2.461485 0.848862 0.803937 0.512328 0.007202 -0.262722 -0.034699 
1.003939 0.408995 1.161438 1.068025 1.872067 1.090154 1.325810 0.113598 1.033310 -0.210210 -0.191956 -0.093146 
1.121704 0.326025 -0.145921 1.464391 2.352470 1.281482 1.394058 0.523335 0.477772 0.584723 -0.341632 -0.178452 
0.677320 0.513474 -0.261595 0.568218 1.910730 2.914120 1.056392 0.790786 0.279977 0.258692 -0.145969 -0.232112 
1.261018 -0.061962 0.212703 -0.058477 2.554627 2.982984 1.110290 0.363847 0.379194 0.274859 -0.161768 -0.182506 
0.676863 0.491935 -0.238168 0.494463 3.003915 2.199374 0.886002 0.244957 0.435970 0.180112 -0.208083 -0.156666 
0.816267 0.567173 0.644042 0.639367 1.880721 1.994220 0.423590 1.557700 -0.087589 -0.090226 -0.127935 -0.098457 
0.951142 0.363523 0.473179 0.173471 2.507274 1.888201 1.931872 0.985315 -0.011731 -0.016537 -0.330074 -0.083149 
0.860622 0.686260 0.243989 0.333084 2.049182 1.902696 1.576432 0.731769 0.822228 0.140228 -0.371980 -0.173585 
0.983503 -0.015443 0.200156 0.844839 1.953813 2.035763 1.921497 0.696766 0.864570 -0.563738 -0.069082 -0.172794 
0.571704 0.777189 0.418732 1.037505 1.288009 2.228205 1.717153 1.035586 0.434729 -0.203898 -0.458910 -0.032104 
0.929213 0.851776 1.114351 0.777000 1.663614 1.288320 1.408533 1.001458 0.564176 -0.065001 -0.091047 -0.084413 
1.115492 0.609823 0.717483 2.043386 1.397511 1.135548 1.911222 0.434412 0.796345 0.447656 0.062188 -0.097934 
3.110799 0.327447 1.097074 1.074076 1.606626 0.572765 1.248388 0.051648 0.172398 0.332060 0.355828 0.015708 
2.839197 -0.170045 1.385360 0.761343 1.127814 1.685347 1.599321 1.790363 0.008309 0.001070 0.164247 -0.065976 
3.700663 0.602117 1.595400 0.889549 1.337597 1.422660 1.007442 0.272475 0.586355 0.159512 0.183404 0.044670 
5.285139 1.621607 1.088084 1.919039 0.949850 0.832853 0.755007 0.355195 0.155155 -0.015524 0.248581 0.111119 
6.356104 1.991960 0.820861 1.829262 3.879549 2.504530 1.405568 1.290017 0.461617 0.391444 -0.024582 -0.060607 
5.175701 1.896746 0.516017 0.455791 1.587913 2.673481 2.934916 1.808291 0.009847 0.091175 -0.145673 -0.020527 
3.665919 2.800327 2.527827 2.307778 2.085624 2.231637 2.149149 1.217582 0.542958 0.282022 0.088489 0.052504 
2.925441 2.162647 1.777826 1.497073 1.800640 1.837428 1.302887 0.996052 0.524483 0.288175 0.156652 0.039974 
1.000924 -0.343937 0.925722 0.239992 0.928231 1.130727 0.304208 -0.703709 1.607113 -0.039995 -0.094991 -0.309685 
2.574831 0.331922 0.604867 -0.332589 0.279788 1.247061 1.252029 1.129236 0.502089 0.935657 -0.325411 -0.124793 
2.963306 -0.189941 -0.032221 -0.385248 -0.338955 1.315998 0.617737 0.954287 1.177244 0.087926 -0.304616 -0.078293 
4.132223 -1.368076 -0.118057 -1.421394 -0.238270 0.927190 1.412885 0.557293 1.007252 0.838011 -0.199748 -0.088358 
3.635606 0.435013 0.647040 -1.568824 0.774117 0.893171 0.667703 1.119899 0.762712 0.140439 0.211173 -0.021648 
3.382957 0.367114 0.771325 -1.109130 0.751575 0.922228 1.230944 0.477149 0.866742 0.253310 0.047051 0.004676 
3.227262 0.005352 1.027484 -1.264475 0.672330 1.198650 0.958311 1.358493 -0.077213 0.246462 -0.000255 -0.053835 
3.151616 0.042288 1.326940 -0.771858 1.162032 1.330779 0.847733 0.573706 -0.122271 0.629168 0.117560 -0.024462 
3.568583 0.420640 0.523959 -0.505316 1.222601 0.506245 0.984582 0.970225 -0.028501 0.169281 0.022870 0.034551 
3.169646 0.350638 1.066888 -0.406379 1.530114 0.966851 0.272384 0.412621 0.307086 0.093183 0.121228 0.027782 
-1.#IND00 -1.#IND00 -1.#IND00 -1.#IND00 -1.#IND00 -1.#IND00 -1.#IND00 -1.#IND00 -1.#IND00 -1.#IND00 -1.#IND00 -1.#IND00 
-1.#IND00 -1.#IND00 -1.#IND00 -1.#IND00 -1.#IND00 -1.#IND00 -1.#IND00 -1.#IND00 -1.#IND00 -1.#IND00 -1.#IND00 -1.#IND00 
