3.365962 0.263369 1.038336 -0.555486 1.052467 0.768432 0.631632 0.176121 0.317318 0.208446 0.320156 0.079626 
3.486304 0.650307 1.235035 -0.638676 1.255179 0.802280 0.524611 0.697564 0.375789 0.605091 0.122609 -0.021284 
3.168937 -0.124611 0.475241 -0.705965 1.167963 0.770096 0.314065 0.107351 0.392990 0.316022 -0.007000 -0.015407 
3.350583 0.100191 0.988793 -0.520780 1.399961 0.820429 1.200867 1.012694 0.054872 0.124186 0.137175 0.028139 
3.096392 0.682154 0.910219 -0.989381 1.249895 0.280245 0.683545 1.074110 0.302553 -0.280424 0.135220 0.012820 
3.511914 0.664589 1.182603 -1.359545 1.675204 1.271593 1.137585 0.861758 0.392762 0.472240 0.160309 -0.003653 
3.386444 0.318951 0.859737 -0.284821 1.574018 1.343513 1.333024 1.575796 0.343962 0.214752 -0.093357 -0.045878 
3.268443 0.309192 0.724636 -0.733410 1.425599 0.962013 1.002703 0.692165 0.004451 0.163649 0.073718 0.016977 
3.176546 0.236044 0.428060 -0.686582 0.844775 0.192688 0.692778 0.323891 0.158706 0.557830 -0.040255 -0.009436 
3.251317 0.243149 0.630543 -1.007117 1.183089 0.852136 1.088269 0.948813 0.352794 0.239963 0.057919 -0.018710 
3.007895 0.341578 0.501679 -1.254146 0.527695 0.790890 0.395329 1.002810 0.330556 0.245461 -0.122816 -0.042676 
3.214832 0.683682 0.958986 -0.705473 0.824268 1.446305 0.386457 1.164898 0.142598 0.238604 -0.071954 -0.043581 
3.254535 0.271976 0.969872 -0.610446 1.469465 1.133795 0.925543 0.596997 0.508479 0.455640 0.183123 -0.010360 
3.288101 0.057209 0.750235 -0.363102 1.485540 0.994605 0.636073 0.641705 0.028644 0.309804 0.096060 -0.018050 
2.943967 0.267494 0.759781 -1.017053 0.549402 1.074159 1.386790 0.618660 0.263417 0.213910 0.081400 0.007607 
1.284413 -0.152954 0.687744 -1.721494 0.679653 2.688678 1.989622 0.862062 -0.691820 0.014300 0.008655 -0.110605 
1.410515 0.447395 -0.370096 1.041427 0.956065 2.620642 1.269401 1.351261 0.488223 -0.212961 -0.077133 -0.148430 
1.134693 0.139701 0.472583 -0.099797 2.104383 2.274418 1.501138 1.072845 0.414269 -0.071503 -0.303573 -0.151722 
1.357122 0.320561 -0.008689 0.834583 1.973215 0.950511 1.615223 0.926303 0.355071 -0.175493 -0.038677 -0.147156 
0.984450 0.312620 -0.562013 0.921016 2.258217 2.486718 2.003593 0.549292 -0.010078 0.376991 -0.192294 -0.208688 
1.250985 0.461330 0.159628 0.165231 1.865137 1.943170 1.483768 0.710798 0.429787 -0.080500 -0.377738 -0.138468 
0.991888 0.615327 -0.504602 1.101094 1.800120 1.892047 1.619273 0.497893 0.373533 0.147453 -0.467145 -0.127777 
0.707945 0.003442 -0.080375 1.107030 2.519907 1.921223 1.553221 0.483361 0.554077 0.077652 -0.340746 -0.186814 
0.777442 0.406252 0.112676 0.417962 1.939119 2.662115 1.345745 0.854063 0.503417 -0.215768 -0.112174 -0.146245 
0.647871 0.697197 -0.080679 1.056866 1.671976 1.711671 2.131441 1.014166 0.481955 -0.032200 -0.321429 -0.164039 
0.686426 0.202155 0.746661 1.023016 1.491536 2.599713 1.080047 0.782252 1.308121 -0.359271 -0.288717 -0.136659 
0.704127 0.511026 0.890247 0.629702 1.550420 2.778687 1.450321 0.872541 0.519213 -0.011800 -0.280018 -0.098732 
1.013159 0.971168 1.140428 0.630693 1.544502 1.741007 1.366338 1.399194 0.160401 0.242685 -0.022650 -0.047009 
1.436577 0.533586 0.943859 0.798435 1.666441 1.668553 0.930374 1.285572 0.000408 0.645521 -0.149205 -0.052805 
2.930221 0.108621 1.164306 0.722194 0.892928 1.412384 1.374141 1.045453 0.512125 0.497002 0.029657 -0.083032 
3.485643 0.152245 1.305342 1.405661 1.192113 0.877878 0.584011 0.617585 0.709754 0.240800 -0.080436 -0.019369 
4.913048 0.595540 1.826066 0.934721 1.944302 0.504235 0.452231 0.737117 0.267815 0.100022 -0.077796 -0.033308 
5.736439 1.621419 0.666755 0.683511 0.790172 2.085180 1.202014 0.299576 1.070326 0.055097 -0.097959 0.006083 
4.076133 3.114620 1.955962 1.526054 1.993093 1.964954 1.291943 0.384931 0.463943 0.260779 0.153515 0.047532 
4.490822 3.259415 2.490901 1.581873 2.589894 2.253100 1.598633 1.365167 1.328539 0.277109 -0.074895 -0.019622 
5.142597 2.794282 2.161939 1.868078 3.396926 3.024087 1.782462 1.370318 0.714633 0.616877 0.012716 -0.020820 
3.447525 2.249431 2.045792 1.229849 2.238546 2.468288 1.203792 1.542572 0.527224 0.337682 0.237857 0.060944 
3.227036 1.750021 1.470092 1.223329 2.066849 1.996766 1.498222 1.076450 0.191050 0.234757 0.219540 0.050798 
3.447385 0.434635 1.019456 0.019688 1.790947 1.259908 0.599060 0.943772 0.831265 -0.021617 0.381255 0.049187 
3.645278 -1.193370 0.285346 -1.143372 0.156220 2.410399 0.157930 -0.023570 -0.160881 0.321795 0.060680 -0.074957 
3.498234 0.816087 0.960182 -0.374452 1.459604 1.041684 1.020519 1.064036 0.798732 -0.339219 0.103642 0.021896 
3.573952 0.521056 1.603709 -0.411382 0.943935 0.732665 0.653047 0.882290 0.434769 0.287250 -0.145659 -0.087333 
3.171341 0.298479 0.738082 -0.503002 1.457823 1.058088 0.985145 1.094853 0.338185 -0.241406 -0.144504 -0.120154 
3.587170 1.024493 0.703277 -0.946580 1.542356 0.731464 1.022500 0.716776 -0.330397 0.263840 0.124409 -0.043355 
3.463503 0.265714 1.204064 -0.658570 1.705494 1.263779 1.051044 0.967607 0.500393 -0.137111 0.107961 -0.001482 
3.618617 0.697573 0.636796 -0.844494 1.846825 0.776618 0.497448 0.191736 0.215117 0.364061 0.065958 -0.012619 
3.364408 0.016647 0.978929 -0.329719 1.121141 1.132884 0.755023 0.867794 0.406849 0.159089 -0.019647 -0.035847 
3.318767 0.270245 0.478849 -0.258947 1.790940 1.941189 0.969828 0.441751 0.284539 -0.184634 0.089975 -0.008739 
-1.#IND00 -1.#IND00 -1.#IND00 -1.#IND00 -1.#IND00 -1.#IND00 -1.#IND00 -1.#IND00 -1.#IND00 -1.#IND00 -1.#IND00 -1.#IND00 
-1.#IND00 -1.#IND00 -1.#IND00 -1.#IND00 -1.#IND00 -1.#IND00 -1.#IND00 -1.#IND00 -1.#IND00 -1.#IND00 -1.#IND00 -1.#IND00 
