3.221902 0.731160 1.284991 -0.100883 1.069693 1.588335 1.112175 0.905351 0.510345 0.113306 0.278828 0.041684 
3.490350 0.739051 0.924987 -0.062963 1.880852 1.008464 1.431272 1.631193 0.363146 0.266317 -0.037004 -0.026236 
3.260622 0.399498 0.812691 -0.348574 1.313652 0.512815 0.955408 0.833847 0.185428 0.219650 0.070091 0.029738 
3.174897 0.414057 0.484507 -0.927399 0.494697 0.131654 0.841018 0.670906 -0.031717 0.263460 -0.011869 -0.022200 
2.904576 0.364091 0.734185 -0.910569 0.502553 0.971786 0.939150 0.557410 0.721042 0.215437 -0.095383 -0.048392 
3.043450 1.092168 0.774475 -0.920806 1.268174 0.770481 1.163052 0.675378 0.279829 -0.199725 0.165257 0.036089 
3.413198 0.361759 0.992429 -0.561836 0.607719 0.895664 0.654488 0.839716 0.284659 0.359374 0.120695 -0.017989 
3.018426 0.925355 1.008115 -0.813139 1.735913 0.535801 0.510697 0.241131 0.273946 0.220231 0.148583 0.031368 
3.216407 0.577923 0.399289 -1.075239 1.420659 1.209297 0.877392 0.635207 0.795176 -0.026877 0.134567 0.020552 
3.359891 0.509437 0.703794 -0.730141 1.601502 1.273334 -0.098952 0.645913 0.159450 0.546851 0.180978 -0.021610 
3.484479 0.826340 0.870298 0.192724 1.231264 0.908170 1.566364 1.289233 0.593159 0.233907 -0.007158 -0.004418 
3.396909 0.168632 0.692921 -0.462007 1.639091 1.224424 0.547726 0.980749 0.163857 0.104870 0.227969 0.043625 
3.124202 0.032923 0.710876 -0.585076 1.198218 0.229222 0.435096 1.268049 0.294695 0.012339 -0.156175 -0.002399 
3.333858 0.703838 0.992576 -0.428537 1.884207 0.903316 0.941000 1.068788 0.389088 0.496584 0.277205 0.011885 
3.163784 0.486046 1.136946 -0.438417 0.355908 0.900940 0.991646 1.379892 0.232920 0.318953 -0.186761 -0.070077 
3.305354 0.566005 0.900406 -0.840168 1.012877 0.646333 1.091271 0.747214 0.748953 0.069675 0.155324 0.037007 
3.318603 0.723349 0.956828 -0.648697 1.668799 1.559433 0.985003 0.358007 0.184235 0.569211 0.115535 0.009941 
3.312196 0.530663 0.666246 -0.674525 0.561949 0.403175 1.044904 1.073441 0.051501 -0.064397 0.054529 -0.011287 
3.288963 0.295254 1.073930 0.068607 0.765141 0.477579 0.315012 0.103224 0.635518 0.304312 0.171944 0.023805 
3.507625 0.174101 0.799933 -0.401922 0.566486 1.216947 1.753479 1.427012 0.628817 -0.232074 -0.010108 -0.008901 
2.892202 -0.425459 1.515133 0.399521 2.366369 -0.087315 2.143539 1.373608 0.956604 -0.324437 -0.064487 0.082001 
0.471172 1.529185 0.750085 0.872878 1.398985 1.463540 1.823149 0.977449 0.732043 0.173958 -0.122649 -0.080593 
0.832635 0.557309 0.953576 1.879367 1.426521 1.821698 0.703828 1.308966 -0.078509 -0.038033 -0.034002 -0.054429 
0.506578 1.029106 0.989536 1.244351 1.550188 1.355247 0.822306 1.405987 0.304142 -0.130749 -0.268441 -0.070216 
0.894878 1.255486 0.649261 1.215483 1.913878 0.883528 1.406091 0.516916 0.403969 0.025504 -0.108637 -0.106154 
0.904483 0.834115 0.928559 0.310474 1.594883 1.809352 1.007978 0.966948 0.206563 0.014332 -0.145241 -0.139357 
0.874377 1.516165 0.856762 0.337934 1.063190 1.540412 1.604486 1.020566 0.218762 -0.207235 -0.245354 -0.070547 
0.926484 0.725919 -0.011017 1.079313 1.622751 1.918865 1.423180 0.990551 0.094208 0.088170 -0.399295 -0.100809 
0.957314 0.319545 0.926188 1.289002 1.297394 2.028373 1.111866 0.786081 0.099537 0.085503 -0.254068 -0.092927 
0.921476 0.105395 0.780989 0.348303 1.862818 1.793569 1.977741 0.551112 0.545179 -0.303601 -0.123210 -0.181570 
0.997803 0.857216 0.494376 0.700427 0.998369 1.792256 1.420016 1.501731 -0.020963 -0.282145 -0.318593 -0.057101 
1.441838 1.187749 0.309998 0.604523 0.254109 1.741617 1.726174 0.459813 0.177409 -0.070120 -0.423955 -0.045208 
0.630482 0.931163 0.209958 0.702227 1.573826 1.790019 1.517323 1.242027 0.776992 -0.351260 -0.258326 -0.169441 
1.014217 0.800886 0.481446 0.842053 1.176672 1.935173 2.258392 1.550696 0.109316 -0.200771 0.074505 -0.154772 
1.239866 1.348871 1.170838 0.268092 1.502516 1.686470 0.716063 1.315475 0.517006 0.124473 -0.319257 -0.030440 
2.689586 0.650522 0.899275 1.227045 1.151640 1.695032 0.403238 0.921405 0.253750 0.414492 -0.153261 -0.034939 
3.532139 0.178953 1.784591 1.219313 0.700279 0.561651 0.993469 0.496354 0.421358 0.019347 0.054240 0.030758 
3.879440 1.854633 0.306035 0.090383 1.481990 1.448467 0.706974 0.845954 1.080476 0.403861 -0.056766 -0.076936 
6.065376 1.029587 1.031194 0.677487 0.967434 2.094163 1.193986 0.952580 1.012483 0.026758 -0.212000 -0.029795 
3.926903 2.652049 1.247151 1.079724 2.115059 3.279722 2.075101 0.829827 0.095866 -0.181327 -0.142838 0.037589 
3.955912 1.740243 1.139862 0.348222 1.778248 1.895072 1.785047 1.461496 0.614663 0.202048 -0.013387 -0.002474 
3.955642 1.525497 1.530654 -0.144598 2.148931 2.865191 2.290060 1.550160 0.158040 -0.290801 0.068119 0.066460 
4.060927 1.416740 1.815555 0.352494 2.465581 2.553323 1.273906 1.438202 0.102583 0.264657 0.190143 0.012652 
4.269059 2.052842 2.000848 -0.581363 1.714594 1.071838 1.549628 0.998213 0.739157 0.549879 0.288398 0.069060 
1.277972 0.782652 0.729811 -0.754744 0.591992 -0.296583 1.522749 0.429558 0.163292 0.135733 -0.226238 -0.115666 
2.828383 0.209847 -0.012762 0.233095 -0.262118 0.780491 0.093758 1.876752 1.058059 0.239693 0.165015 -0.010275 
4.600538 0.784053 0.242276 -1.815396 0.239679 0.100641 1.701814 1.127252 0.528710 0.541977 0.097854 -0.012502 
3.907216 1.009309 1.156852 -0.719922 0.137540 0.215485 0.638743 0.811164 0.523395 0.104530 -0.002892 -0.055039 
-1.#IND00 -1.#IND00 -1.#IND00 -1.#IND00 -1.#IND00 -1.#IND00 -1.#IND00 -1.#IND00 -1.#IND00 -1.#IND00 -1.#IND00 -1.#IND00 
-1.#IND00 -1.#IND00 -1.#IND00 -1.#IND00 -1.#IND00 -1.#IND00 -1.#IND00 -1.#IND00 -1.#IND00 -1.#IND00 -1.#IND00 -1.#IND00 
