3.070857 0.790256 1.533128 -0.158138 1.272473 1.292362 0.130383 0.116467 -0.169669 0.329155 0.186954 -0.025916 
3.014453 0.609466 1.405192 -0.464711 1.738673 1.179470 0.437203 0.113903 0.054049 0.383496 0.206371 0.003007 
3.241152 0.268046 1.387218 -0.726919 1.638256 1.821991 0.614152 0.703014 0.162417 0.243674 0.217216 0.010822 
3.639459 0.652403 0.837802 -0.019192 0.956779 1.064956 1.246681 0.862282 0.443048 0.118324 0.274766 0.014171 
3.145145 0.482104 1.065567 -0.476377 1.728830 1.089301 0.536660 0.071558 0.459119 0.252665 0.091846 0.009801 
3.363130 1.057192 0.581547 0.096181 1.157038 1.065777 0.924436 0.435835 0.545414 0.637069 0.145381 -0.022916 
3.302006 0.531585 1.274058 -0.135653 1.813268 0.834558 0.207722 0.462474 0.406681 0.397248 0.345140 0.016173 
3.260746 0.549009 1.014123 -0.185142 1.158983 1.516339 1.266632 0.821123 0.110416 -0.001675 0.136531 0.029242 
3.290270 0.801923 1.117469 0.025379 1.117184 1.467384 0.913035 0.251900 0.544308 0.844801 0.153380 -0.015870 
3.164858 0.497445 0.930265 -0.258121 1.035194 0.531981 0.142089 0.094377 0.151841 0.138453 0.406296 0.074182 
2.554353 0.274052 0.392574 -0.336002 1.218379 0.002052 1.743432 -0.053500 0.373773 0.051715 -0.087565 0.035226 
3.143065 0.569391 1.206204 -0.471578 1.467892 0.715769 0.362638 0.765378 0.284114 0.408393 0.026060 -0.024178 
3.445715 0.563598 1.064304 -0.456793 0.845343 1.335585 1.423155 0.855929 0.205868 0.342604 0.188649 0.011611 
3.113597 0.421907 0.861223 -0.746363 0.627330 0.771807 0.679083 0.727258 -0.129493 0.200145 -0.001211 0.007465 
3.176972 0.621571 0.788261 -0.054758 1.026178 0.123567 0.355121 0.642093 0.765136 0.403302 0.157938 -0.022450 
3.049833 0.199628 1.255018 -0.233348 1.089932 0.832827 0.600129 0.358958 -0.097546 0.168085 0.310765 0.065618 
3.101453 0.600801 1.058650 0.022254 1.505513 1.215144 1.101441 0.837664 0.274635 0.667497 0.250928 -0.020707 
1.591662 0.369764 -0.811699 2.459896 1.137461 2.249461 -0.545524 0.790228 0.892349 0.337023 -0.074322 -0.103843 
1.041325 0.237664 1.046008 0.733364 1.637960 2.024926 0.432098 1.330541 0.496007 0.546753 -0.441746 -0.114828 
0.963001 0.595175 1.120836 0.266735 1.795856 1.554826 1.219833 1.073015 0.245085 0.187503 -0.155787 -0.106455 
0.769448 0.858235 0.832426 0.175464 1.690440 2.300584 0.895476 1.301282 0.382570 -0.093060 -0.124801 -0.171052 
0.935591 1.265634 -0.373554 0.934932 1.821760 1.676881 0.922829 0.910352 0.409650 0.371928 -0.331971 -0.170079 
0.688448 1.115139 0.220497 0.783219 1.603218 2.462508 1.086711 0.965575 0.126324 0.577918 -0.362611 -0.127812 
0.964117 0.449534 -0.114471 0.764292 1.574805 2.318919 1.369630 0.884992 0.398315 -0.036148 -0.073802 -0.203910 
1.005051 -0.004770 0.392557 0.701384 2.434118 1.677374 1.666076 0.894755 0.811602 0.021652 -0.188843 -0.203301 
0.908575 0.601884 0.625874 0.861043 1.875874 1.229497 1.403098 0.835737 0.756363 0.069077 -0.144678 -0.167931 
0.719802 1.125283 -0.010831 1.447825 1.780327 1.376826 0.739656 1.375504 0.241828 -0.204294 -0.012764 -0.135274 
0.782042 0.893548 0.988494 0.425833 1.115022 1.681280 1.455071 1.658414 0.154143 -0.056372 -0.298895 -0.156225 
0.862107 1.112296 1.278176 0.550936 0.350514 2.065289 1.666375 0.911059 0.680341 -0.246059 -0.140600 -0.100706 
1.335353 0.783196 1.336670 1.202986 1.081781 2.104499 1.075271 1.038640 0.667014 -0.132933 0.252979 -0.070437 
2.374960 0.148002 1.157121 0.594820 1.741429 1.422244 1.363282 1.242559 0.990471 -0.411230 0.012468 -0.009116 
3.081769 0.826259 1.285427 0.888312 1.412187 1.222297 0.780122 -0.052139 0.189497 0.161839 0.143523 0.029243 
3.564763 0.303508 0.649634 0.638203 1.150089 1.114193 1.341481 0.269591 0.413350 0.404252 0.215712 -0.001686 
4.653856 0.667289 1.789802 0.446217 1.076729 1.167374 -0.210902 0.832943 0.604063 0.399980 0.031281 -0.078664 
3.522472 2.808620 2.329064 1.905754 1.226193 0.620630 0.285730 0.281956 0.405855 0.370748 0.292479 0.048851 
3.049906 2.532427 2.245833 1.913642 1.454109 0.990121 0.697642 0.545243 0.417986 0.303457 0.173729 0.018321 
3.800575 2.275499 2.224858 1.188249 2.414810 2.412850 1.051268 1.021129 0.346022 0.297812 0.065302 0.016941 
3.814609 1.578709 2.289748 0.955855 2.642842 1.713135 1.138431 1.719183 0.469531 0.201632 0.254040 0.044952 
3.686237 1.711325 1.493980 0.923363 2.550922 2.177051 0.971633 0.678800 0.854434 0.578018 0.308619 0.049222 
2.101887 -0.379876 0.094145 0.791809 1.560035 0.897481 -0.809397 -0.461261 0.328560 -0.089919 0.241464 -0.080347 
2.444351 1.120337 -0.052450 1.348253 0.007650 -0.097210 2.016127 0.990708 0.300408 0.780681 -0.153380 -0.092776 
4.580710 0.055995 1.581847 -0.720068 -1.089413 0.934605 1.863414 0.713932 1.061860 0.714765 0.066191 -0.029483 
4.394806 0.521458 0.859488 -0.608690 0.680519 0.022039 0.114945 0.568223 1.130054 1.178282 0.392614 0.017053 
3.291575 0.643485 1.368344 0.046140 0.993228 1.584237 0.095678 0.673152 0.120321 0.427318 0.261407 -0.013319 
3.208291 0.526475 0.913766 0.151972 0.750092 0.624126 1.282846 0.014783 0.373896 0.341561 0.259601 0.009241 
3.121351 0.353988 1.545423 0.213205 1.117509 0.556938 0.963712 1.072780 0.274253 0.291650 0.161073 -0.008131 
3.186702 0.939505 1.419825 -0.222487 1.920747 1.223702 0.708094 0.499817 0.777633 0.218181 0.202901 0.040156 
3.125471 0.612023 1.545933 -0.068750 0.696162 0.564825 -0.094678 0.411797 0.408956 0.421296 0.151364 0.021421 
-1.#IND00 -1.#IND00 -1.#IND00 -1.#IND00 -1.#IND00 -1.#IND00 -1.#IND00 -1.#IND00 -1.#IND00 -1.#IND00 -1.#IND00 -1.#IND00 
-1.#IND00 -1.#IND00 -1.#IND00 -1.#IND00 -1.#IND00 -1.#IND00 -1.#IND00 -1.#IND00 -1.#IND00 -1.#IND00 -1.#IND00 -1.#IND00 
