3.263587 0.656446 0.577044 -1.035630 0.552575 0.434088 0.876896 0.972585 0.611534 0.371609 0.276395 0.049669 
3.169203 0.619868 1.233179 0.013797 0.886615 1.198028 1.000742 0.566172 0.621354 0.217684 0.108563 0.031300 
2.904315 0.966722 0.882083 -0.586033 0.903332 1.185939 1.253001 0.647518 0.141121 0.081359 0.113615 -0.009738 
3.163698 1.087509 1.652353 -0.304848 1.298927 0.900410 1.474769 1.163607 0.660062 0.344322 0.348689 0.026223 
3.136512 0.842974 0.661161 -0.752992 1.780785 0.675961 1.076248 0.841122 0.695582 0.264951 0.108281 0.003757 
2.947083 1.039692 0.859607 -0.032731 0.671184 1.548449 1.589520 0.624837 0.521626 0.406873 0.002591 -0.018075 
2.605329 0.810168 1.089708 -0.280879 1.013769 1.134838 1.425393 0.850221 0.413708 -0.092399 0.389531 0.015158 
3.061816 0.460967 1.263574 0.004629 1.215289 1.310252 1.987633 0.560206 0.526954 0.186468 0.214560 0.030401 
3.265098 0.720875 1.187408 -0.198517 1.263252 1.069852 1.183697 0.977701 0.014600 0.103538 0.014199 -0.029590 
3.505712 0.790865 1.539824 -0.552529 1.062912 1.929676 1.150382 0.567280 0.562757 0.472655 0.020038 -0.024765 
3.150382 0.688117 1.517889 -0.938422 1.118537 1.338008 1.004745 0.996391 0.562143 0.490565 0.136038 -0.021463 
3.126716 0.429142 1.351752 -0.811264 0.557944 0.517734 0.280720 0.902732 0.262944 0.274420 0.173144 0.019443 
2.949805 0.339445 1.501445 -0.335944 0.794955 1.489808 0.741564 0.915481 0.748221 0.501289 0.022471 -0.018546 
3.122977 0.144202 1.362439 -0.895295 1.424376 1.272542 1.693043 1.141472 0.138895 0.319130 0.016554 -0.022103 
3.346287 0.853461 1.151008 -0.729317 1.074299 0.934773 1.185868 0.377011 0.782733 0.170642 0.244317 0.057399 
2.568429 0.947641 1.241915 0.067943 1.405435 0.830808 1.684599 0.391969 1.232078 -0.186090 -0.067103 0.032753 
2.995159 0.788781 1.103042 -0.983082 0.809311 0.890165 1.035019 0.666044 0.017292 0.089605 -0.071591 -0.026562 
1.521623 -0.120262 -0.226238 0.465230 3.090595 2.194149 1.697535 0.807001 -0.103114 0.146022 -0.145562 -0.126159 
0.752447 0.824703 1.143494 1.291584 0.574247 2.383563 0.822567 1.351514 0.635846 0.345959 -0.262480 -0.106859 
1.016649 0.730907 0.523591 1.779047 0.927486 1.626440 1.413979 0.960853 0.580146 -0.260120 -0.088244 -0.102846 
0.533856 0.839514 1.015507 0.867505 1.879515 0.730011 1.768982 1.585523 0.581451 -0.136087 -0.214616 -0.166026 
1.126616 0.427261 0.090867 0.956878 1.799205 1.780485 1.684005 1.223441 0.768413 -0.414688 0.007084 -0.195143 
1.230395 0.026088 0.736720 0.895019 2.149131 0.509783 1.473328 0.656710 0.611500 -0.093574 -0.079885 -0.139871 
0.935567 -0.053044 0.312751 0.903655 2.109348 2.119380 1.051780 0.111823 0.542819 -0.080212 -0.038180 -0.187638 
0.971729 0.153531 0.378443 1.085411 1.657595 1.774865 0.945768 0.856886 0.513048 0.001864 -0.087943 -0.197943 
0.642358 0.694839 0.342789 0.428523 1.663118 2.539517 1.477599 0.618937 0.569887 -0.042174 -0.353892 -0.144671 
0.865555 0.341735 0.098084 1.362866 1.339444 1.177358 1.723836 1.654060 0.514676 -0.113225 -0.171638 -0.252384 
1.040623 0.194028 0.559306 0.303977 1.990346 1.236865 2.096816 0.789564 1.058723 -0.514490 -0.340914 -0.129180 
1.079594 0.841234 -0.058161 0.883313 1.274348 2.169229 1.058602 0.680532 0.552431 -0.146120 -0.264442 -0.100286 
0.771423 0.528905 0.163889 0.801499 2.457648 1.486054 2.172167 1.765227 0.311605 -0.208427 -0.216631 -0.146743 
1.704010 0.420882 1.244263 1.870024 0.891050 0.831269 0.633054 1.097401 1.116723 -0.467800 0.279870 -0.049588 
2.041058 0.701551 1.036134 0.248228 1.150084 1.550943 0.269651 1.249980 0.750409 -0.143569 -0.027843 -0.019618 
3.220377 0.341647 1.209917 0.492963 1.319941 0.404603 0.916167 0.964827 0.200497 0.200989 0.002077 0.010123 
3.816692 0.172257 0.859586 1.114283 2.019592 0.918979 1.303463 1.181066 0.675639 0.255820 -0.081259 -0.035072 
6.108456 0.078787 1.132561 0.988526 3.064813 1.397473 1.309336 1.095969 0.726061 0.467085 -0.184845 -0.112035 
6.192165 0.994402 0.823795 2.240195 3.219660 0.800471 0.834602 1.837735 1.257216 0.550377 -0.222201 -0.133221 
4.359614 1.220316 0.720597 0.698536 3.166315 2.946443 1.383281 0.761983 0.476896 0.314628 -0.073378 -0.027945 
4.116507 1.155278 1.281117 0.400351 1.375070 2.529384 2.454633 1.724281 0.450622 -0.219667 -0.100749 0.010636 
3.284400 1.337592 1.599714 0.758158 1.844156 1.191749 0.950244 1.537450 0.755294 0.474019 0.144281 0.010584 
3.244610 1.207708 1.100802 0.168398 1.955317 2.131235 1.736608 1.378818 0.772728 0.820889 0.328954 0.006394 
1.754085 0.919832 -1.261498 -0.959010 0.373163 -1.413820 -0.841210 0.739936 0.375988 0.015006 -0.164406 -0.231072 
2.609126 -0.023296 -0.376873 0.360062 -1.262593 0.500351 0.747518 1.980293 1.347588 0.285408 0.087569 -0.015839 
5.008368 -0.015230 -0.702096 -0.647397 -0.483953 -0.712388 0.340388 1.279575 0.515102 -0.122924 -0.144753 -0.040143 
3.340142 1.064098 0.689425 -0.230789 1.039582 0.756141 1.500065 1.714449 1.239385 0.634062 0.386596 -0.022396 
3.019553 0.657997 0.823660 -1.209068 0.708850 0.439935 0.447559 0.956714 0.228950 0.671920 0.059298 -0.067093 
3.069486 0.603517 1.256644 -0.872370 0.405193 0.414434 1.402986 0.885474 -0.155719 0.253535 0.141302 -0.001607 
3.017415 0.669833 1.615992 0.205778 0.998177 0.916042 1.437401 0.829330 0.631508 0.235692 0.026913 0.011726 
3.359196 1.052833 0.769891 0.079213 1.352857 1.058374 1.498073 1.043726 0.680697 0.546731 0.218487 -0.003156 
-1.#IND00 -1.#IND00 -1.#IND00 -1.#IND00 -1.#IND00 -1.#IND00 -1.#IND00 -1.#IND00 -1.#IND00 -1.#IND00 -1.#IND00 -1.#IND00 
-1.#IND00 -1.#IND00 -1.#IND00 -1.#IND00 -1.#IND00 -1.#IND00 -1.#IND00 -1.#IND00 -1.#IND00 -1.#IND00 -1.#IND00 -1.#IND00 
