3.588638 0.716830 1.556814 -0.026352 1.547200 0.485586 0.803219 0.936542 0.555340 0.143180 0.214326 0.027356 
3.124073 0.146356 1.079680 -0.362647 1.362481 1.004719 0.875254 0.697981 0.270835 0.220953 -0.069501 -0.011615 
3.219465 0.257341 1.099833 -0.731513 1.872341 1.523959 1.450239 0.369423 0.719612 0.053652 0.193377 0.056497 
3.173250 0.641182 0.547193 -0.555973 0.428921 0.982201 0.732821 1.079183 0.419343 0.302729 0.212881 0.021028 
2.913444 0.327756 1.128248 0.101750 0.650180 0.988129 0.596472 0.924286 0.435943 0.160130 -0.068831 -0.039069 
3.444742 0.804248 1.523020 -0.449687 1.557571 1.615915 0.988979 0.426708 0.591973 0.310295 0.005946 0.033050 
3.395458 1.000256 1.554146 -0.115899 0.980126 1.068226 1.217721 1.368246 0.616802 0.141211 0.136113 0.009616 
3.365320 0.768042 0.780792 -0.900529 1.342828 1.333086 0.726475 1.016686 0.173640 0.155775 0.051198 -0.015071 
3.356871 0.288683 0.433153 -0.448892 1.314091 0.883841 0.570019 1.231165 0.013448 0.187305 0.071982 -0.012739 
3.319732 0.250491 0.671909 -1.987406 1.560818 1.445928 0.511578 0.793734 0.374310 0.550466 0.283488 -0.023648 
3.155599 0.212580 1.235310 -1.123843 1.583752 1.225604 -0.007380 0.356212 0.361570 0.340365 0.189623 0.028019 
3.299346 0.198690 0.631186 -0.515465 1.739403 1.121943 0.747706 0.905414 0.620195 0.482774 -0.027613 -0.053402 
3.171033 0.570513 0.532229 -0.271843 1.469408 1.304254 0.923771 0.829554 0.426333 0.718968 0.172885 -0.028686 
2.930714 0.265839 0.357898 -0.090685 1.771937 1.070918 1.201657 0.632308 0.587294 0.423286 0.076143 -0.008344 
2.931736 0.110078 0.839618 -0.078577 2.152055 1.749491 1.102343 0.921203 0.579792 0.564993 0.094659 -0.042130 
3.676868 -0.431104 0.487889 0.083937 1.955767 1.931036 1.088276 1.935199 0.667450 -0.277894 -0.252417 -0.097687 
1.128627 -0.113328 0.694982 1.217320 1.805485 1.892978 0.806336 1.403281 -0.050487 0.582098 -0.690686 -0.053644 
0.762750 0.350792 0.492453 1.376941 1.813071 2.109085 0.661336 0.989684 0.698725 0.281664 -0.271413 -0.131113 
0.786046 0.838690 0.558608 0.741437 2.409449 1.010431 1.517739 0.102804 0.725334 0.329253 -0.187994 -0.144096 
0.655717 0.570641 0.325157 0.967578 2.421236 2.418537 0.832577 0.299371 0.427618 0.101518 0.016990 -0.181169 
1.018515 0.759285 0.425314 1.010720 2.046407 1.946994 0.664550 0.854263 0.411228 0.261748 -0.208519 -0.140139 
0.772722 0.559554 0.476910 1.159355 1.728265 1.807651 1.216607 0.066776 0.702331 0.219974 -0.145483 -0.200055 
0.816134 0.703403 0.177892 1.757178 1.141689 1.750241 1.042402 0.942517 0.521413 0.187585 -0.175220 -0.198965 
0.435766 0.503475 0.841549 0.840862 2.013374 1.629629 1.742470 0.756468 0.720370 -0.079341 -0.380785 -0.106422 
1.278064 0.349898 0.380030 0.866891 1.121972 2.823190 1.262899 1.137143 0.482051 0.118322 -0.404499 -0.119622 
0.871128 0.853261 0.973719 0.606426 1.533413 1.593649 1.927901 1.105385 0.360238 -0.023713 -0.461472 -0.057834 
1.025728 1.156572 1.310725 1.095672 0.987356 0.970863 1.069202 1.201604 0.328152 -0.202907 -0.195544 -0.049288 
1.103477 0.932785 1.124404 1.450453 1.701238 1.137485 0.482475 0.645651 1.118874 -0.008101 0.079001 -0.050694 
1.716212 0.632221 1.368631 0.866380 1.107701 0.982898 1.865880 0.957378 0.730428 -0.216856 0.084815 -0.029097 
3.341219 0.132892 1.196077 1.284606 0.740854 1.768239 0.854427 0.030843 0.093447 0.306049 0.030437 -0.014685 
6.091376 -0.074492 1.167181 0.455356 1.114878 1.336953 0.644888 0.592007 0.083348 0.396767 0.257627 -0.050284 
4.023036 3.056916 1.914477 1.220546 1.010048 0.892808 0.747166 0.713712 0.475774 0.159956 0.145691 0.015667 
3.145258 2.486017 1.923621 1.523979 1.425026 1.287988 0.996948 0.600756 0.240809 0.062636 0.051789 0.012008 
5.916503 2.303649 3.239438 2.668058 1.582470 0.070340 1.230608 1.267213 0.344354 -0.406551 0.037690 0.100012 
3.510833 2.590729 2.142584 1.774980 1.559763 1.622525 1.741206 1.082328 0.236138 0.265946 0.192582 0.046671 
2.851920 1.720098 1.736808 1.612232 1.535402 1.335595 0.886357 0.633710 0.567096 0.406423 0.290609 0.041249 
3.403207 1.695373 1.510325 0.684326 1.550129 2.131998 1.217351 0.907402 0.844639 0.539050 0.247916 0.038035 
2.255192 -0.399136 0.098522 0.179248 0.889599 1.235408 -0.226002 -0.981476 0.937296 0.136696 -0.026718 0.035173 
3.809380 -0.778106 0.585275 -0.244896 0.031835 0.043929 0.353852 2.116409 2.469902 -0.066345 -0.245613 0.024959 
2.997903 1.028547 0.445204 -0.150297 1.100698 1.288333 1.220911 1.291092 0.818466 0.282969 -0.083261 -0.061931 
3.357846 0.301695 1.018730 -0.831681 1.211544 0.162088 1.296911 1.164961 0.181909 0.618163 0.048230 -0.036002 
3.158903 0.810648 1.274380 -0.392283 1.283789 0.612682 0.155350 0.701679 0.675258 0.264453 0.023529 -0.002825 
3.337614 0.502103 1.120109 -0.331615 0.971520 1.412439 0.481113 1.295525 0.334306 0.387598 0.299071 -0.032147 
3.543920 0.574188 0.975736 -0.856795 1.691545 0.690771 0.912577 0.922090 0.525843 0.321163 0.055511 -0.028253 
3.435123 -0.190376 0.754181 -0.946755 1.436726 0.589563 0.211790 0.604561 0.029634 0.085571 0.200523 0.008574 
3.226338 0.570818 1.304201 -0.729380 0.859461 0.729103 0.633614 0.839943 0.425182 0.157604 0.043651 -0.022182 
3.595115 0.500035 0.899910 -0.554153 2.207207 0.748925 1.613796 1.132281 0.192481 0.653536 -0.017988 -0.022662 
3.251022 0.009306 0.707678 -0.860556 1.241915 0.862491 0.497916 1.285218 0.311702 -0.036818 0.159072 -0.013255 
-1.#IND00 -1.#IND00 -1.#IND00 -1.#IND00 -1.#IND00 -1.#IND00 -1.#IND00 -1.#IND00 -1.#IND00 -1.#IND00 -1.#IND00 -1.#IND00 
-1.#IND00 -1.#IND00 -1.#IND00 -1.#IND00 -1.#IND00 -1.#IND00 -1.#IND00 -1.#IND00 -1.#IND00 -1.#IND00 -1.#IND00 -1.#IND00 
