4.643929 1.627129 1.904596 1.016374 1.418293 0.716424 0.315675 0.749182 0.786480 0.529566 0.485348 0.117183 
4.044308 1.313697 1.372029 0.730215 1.612060 0.791893 0.469128 1.197748 0.776522 0.080593 0.173823 0.032729 
3.292003 2.209923 2.157041 1.134286 1.001051 0.665077 0.608749 1.569676 0.762475 0.246029 0.106660 0.010728 
3.001648 1.766479 1.573563 1.247118 1.531147 1.090075 0.425186 0.411105 0.538764 0.534465 -0.007854 -0.010371 
3.850562 1.026211 1.387300 0.393023 1.182057 1.475762 0.798445 0.867077 0.056727 0.177943 0.500421 0.073466 
3.616073 1.348131 1.630042 0.358970 1.362643 1.300518 0.678206 0.400384 0.638483 0.402586 0.157635 0.010722 
3.676477 0.595254 1.236513 -0.187275 1.592645 0.462796 0.548746 0.985677 0.411717 -0.115276 0.183231 0.052905 
3.635419 0.725104 1.231281 0.025066 2.274148 0.924340 0.638423 0.891844 0.601371 0.375975 0.274591 0.016187 
3.410833 0.545284 0.758939 -0.325785 1.344150 0.876213 1.033216 0.433317 0.422458 0.219347 -0.044105 -0.009797 
3.816283 0.646790 0.997653 -0.117601 1.401596 0.758822 1.395771 1.163553 0.109651 0.024452 0.145421 0.042980 
3.354593 0.526408 1.382653 -0.387386 1.022805 0.399991 1.091941 1.220290 0.563275 0.121018 0.111764 0.028022 
3.222260 0.654823 1.448051 -0.312805 1.126381 0.960208 0.494309 0.772173 0.133361 0.501848 0.258860 -0.014610 
3.345421 0.386203 1.372353 -0.385161 1.479733 1.035611 0.520328 0.350085 0.287413 0.051239 0.079513 0.045605 
3.394016 0.201985 0.711630 -0.104197 1.605998 0.919311 0.902076 0.621025 0.373149 0.270777 -0.370617 -0.084553 
2.468593 1.469256 0.832461 0.882817 1.246248 1.588933 1.078119 0.709142 0.475702 0.032334 -0.061693 0.029724 
1.226971 1.338721 0.010869 1.173148 1.024729 0.967685 0.873001 1.078826 0.485713 0.356658 0.144648 -0.107669 
0.598679 0.952537 0.271267 1.759670 1.359686 1.088882 1.935869 1.046946 0.449576 -0.118175 -0.452878 -0.073586 
1.212905 0.327063 0.559490 1.764980 0.850725 1.725352 0.770399 0.714677 0.526038 -0.001067 -0.117821 -0.148364 
0.826247 0.463437 0.330745 1.423878 1.200771 1.906429 1.390067 1.243813 0.481146 0.147971 -0.406341 -0.154421 
0.961045 0.329851 0.426822 1.157833 1.228247 2.115729 1.454737 0.682784 0.858880 0.242630 -0.331047 -0.192399 
0.861905 0.704208 0.424807 1.401172 1.080536 1.807354 1.672695 0.200560 0.699423 0.113102 -0.218124 -0.134244 
0.770977 0.894789 0.329210 0.626507 1.703319 0.844232 2.321488 1.123127 0.404404 -0.376812 -0.082668 -0.170385 
1.067386 0.421031 -0.376866 1.370792 1.356492 2.502948 0.876907 1.067157 0.526638 0.205079 -0.091293 -0.220889 
0.846410 0.272697 -0.154841 0.850794 1.732633 2.451091 1.158414 1.169565 0.606279 -0.118025 -0.381505 -0.205092 
1.040431 0.048626 0.243273 0.383540 2.400977 2.135498 1.484667 1.013896 0.417951 -0.107349 -0.416096 -0.141151 
0.832283 0.473999 0.288723 0.711277 1.545644 1.698628 1.698545 1.052806 0.646450 -0.278533 -0.256939 -0.161725 
0.824818 0.547928 0.455242 0.541896 1.721353 2.123937 2.529221 0.584051 0.450886 -0.315108 -0.334801 -0.099502 
0.862674 0.972523 0.315980 0.897606 1.042298 1.751750 1.954006 1.450607 0.450379 -0.321661 -0.230723 -0.099531 
0.912126 0.517619 0.934830 1.001308 2.125452 2.000908 1.787048 0.504092 0.646867 0.174547 0.030796 -0.062695 
1.768605 0.242719 1.377965 0.847647 1.431288 1.354949 1.101608 1.023114 0.109923 0.542086 -0.222923 -0.079092 
3.123513 0.535714 0.665096 0.571119 0.591265 0.984136 1.556197 0.579587 0.439212 0.039053 -0.028435 -0.061261 
5.332785 -0.053192 1.748105 0.981510 0.878757 0.451326 -0.362351 0.813943 1.250876 0.230196 0.071173 0.056685 
3.528637 2.417189 1.311433 0.563283 0.931291 1.934903 1.805945 1.275450 0.348265 -0.150657 -0.183809 -0.027418 
3.534259 0.838712 0.870102 -0.207344 2.186591 2.063586 1.626160 2.109846 0.434801 0.205827 0.074276 -0.034280 
3.657152 0.433573 1.167904 -0.208363 2.194446 1.390044 1.676107 1.374894 0.548092 0.294304 -0.007726 -0.042958 
3.699873 0.761335 0.947993 -0.290276 2.397204 2.304645 1.419616 0.471729 0.545875 0.235586 -0.006477 0.000548 
3.464748 1.021582 1.965464 0.243149 1.880846 1.174112 0.706531 1.180307 0.649208 0.201745 0.388378 0.046200 
3.101605 -0.169159 0.066715 0.602154 1.839082 0.629247 1.063930 0.531120 1.723991 0.544216 0.283349 -0.085895 
4.153011 0.582684 0.615120 -0.349515 1.586974 1.467150 0.799007 1.218294 0.581757 0.737025 0.079073 -0.132583 
3.431392 0.689200 1.213916 -0.767811 1.052711 1.286617 0.946640 0.501800 0.137341 0.053356 -0.077092 0.007851 
3.200917 0.530288 0.799313 -0.220552 0.876463 1.266151 0.774730 0.687751 0.288125 0.267545 0.113872 -0.038167 
3.128974 0.336895 0.977431 -0.807929 0.358498 0.744987 0.918868 0.647107 0.265632 0.313938 0.047203 -0.047959 
3.295062 0.189354 1.447913 -0.712696 1.401083 0.530465 0.499190 -0.022567 0.108763 0.606096 0.213443 0.005883 
3.206850 0.414715 0.973999 -0.408455 1.702096 0.527487 0.637310 1.215410 0.286086 0.314279 0.185537 0.006581 
2.908124 0.489212 0.992718 -0.686612 1.746074 1.380807 1.328469 1.621485 0.015405 0.528926 0.190901 -0.053206 
3.099620 0.375698 1.348068 -0.236643 1.660141 1.264702 1.173924 0.539785 0.193008 0.398686 -0.077680 -0.010057 
3.174099 0.571007 1.227405 -1.288192 0.885533 1.626210 0.748514 0.954669 -0.157647 -0.034976 0.000691 -0.029156 
3.410310 0.612697 1.210477 -0.679420 1.626706 0.887522 0.521142 0.772549 0.681070 -0.098872 -0.054550 0.003705 
-1.#IND00 -1.#IND00 -1.#IND00 -1.#IND00 -1.#IND00 -1.#IND00 -1.#IND00 -1.#IND00 -1.#IND00 -1.#IND00 -1.#IND00 -1.#IND00 
-1.#IND00 -1.#IND00 -1.#IND00 -1.#IND00 -1.#IND00 -1.#IND00 -1.#IND00 -1.#IND00 -1.#IND00 -1.#IND00 -1.#IND00 -1.#IND00 
