3.398233 0.065433 0.599927 -1.448395 1.005096 0.899740 0.893817 1.125461 0.188803 0.546038 0.134863 -0.071068 
3.313180 -0.160412 0.501441 -0.731522 1.126347 0.785816 0.628944 0.348719 0.538193 0.463604 -0.026731 -0.033234 
3.055387 0.322230 0.938513 -0.578200 1.056015 0.631895 0.312452 0.309200 0.306338 0.696522 0.105998 -0.002713 
3.349898 0.129414 0.544586 -0.557292 1.394493 1.191849 0.308916 1.047507 0.429236 -0.280298 0.125484 0.054449 
3.202047 0.317792 1.194761 -0.959064 0.996008 1.210506 0.981726 0.278272 0.121324 0.329263 0.145270 0.000169 
3.102650 0.126397 0.497702 -0.605941 0.857609 0.849866 0.424815 0.662827 0.130173 0.252328 0.302181 0.038114 
3.266943 0.625828 0.217476 -1.057833 0.676966 0.685342 0.538266 0.988725 0.607067 0.365290 0.002387 -0.024921 
3.202973 -0.300042 0.339859 -1.207717 1.389185 0.552119 0.077933 1.207179 0.171439 -0.083932 0.143813 0.007547 
3.291400 -0.125368 0.167495 -1.181498 1.025161 0.422200 0.700747 0.963626 0.321716 -0.128612 0.019812 -0.006900 
3.300570 0.099424 0.463656 -1.127047 1.030574 0.153178 0.397624 0.985930 0.729546 0.053764 -0.008997 -0.046909 
3.296167 -0.050877 0.833395 -2.045353 1.398309 0.756527 0.251120 0.637986 0.119976 0.405001 0.206235 0.013318 
3.512675 0.234466 0.865015 -0.667913 1.334155 1.193717 1.666636 1.261591 0.519757 0.015332 0.243683 0.046401 
3.422097 -0.021162 0.595861 -0.847874 1.283487 0.496124 0.692127 0.697239 0.222713 0.123368 0.166962 -0.012163 
2.951648 0.021377 0.512348 -1.073249 -0.195236 0.220679 0.150056 0.729239 -0.111350 -0.055868 0.018793 -0.010516 
3.312614 0.215769 0.545199 -0.612478 1.392782 0.940747 0.167126 0.848099 0.354552 -0.086053 0.144609 0.000787 
3.235254 0.397672 0.839166 -0.436268 1.125175 1.302051 0.580197 0.636352 0.703914 -0.024708 0.186797 0.034531 
3.116484 0.640341 0.788143 -0.497530 1.156635 0.921938 0.709646 1.027723 0.906564 0.290466 0.377522 0.008396 
3.101485 0.495689 0.569530 -0.628574 1.406948 0.459659 0.426071 0.860851 0.229370 0.389979 0.237159 0.008900 
3.563971 -0.006439 0.711269 -1.148628 0.416350 0.825715 0.674230 1.513970 0.058715 -0.087708 0.087037 -0.020662 
3.176128 0.256929 0.216464 -0.599509 0.996992 0.466647 0.734140 0.526098 0.451831 0.155475 0.050569 -0.032421 
1.909602 -0.262067 0.201936 0.400793 2.282945 2.373316 1.438252 -0.341340 0.545821 0.207301 -0.572809 -0.067437 
0.718856 1.071040 1.472422 0.892585 1.337266 1.362061 1.078675 0.880775 0.902119 0.148085 -0.295240 -0.062344 
0.490043 0.205919 0.943647 1.432411 2.320826 1.282593 1.365292 1.045282 0.094608 0.127636 -0.179934 -0.117750 
0.990583 0.724687 0.471179 0.853852 1.828198 1.758360 1.194560 0.856493 0.329131 0.208611 -0.245044 -0.154516 
0.744790 1.130999 0.801579 0.403308 1.860162 2.669558 0.222952 0.494655 0.859740 -0.100394 -0.176462 -0.089628 
0.187774 0.780598 0.587558 1.113574 2.424109 1.915608 1.060242 0.856948 0.633877 0.144183 -0.505188 -0.072289 
1.143173 0.898433 0.201894 0.734664 1.468584 1.746720 0.982399 0.961453 0.397612 -0.078957 -0.142289 -0.121945 
0.608620 0.596270 -0.369566 0.801695 2.564005 2.147785 1.456885 0.889685 0.521346 0.019256 -0.322756 -0.198306 
1.444724 -0.054316 0.174466 1.390309 0.813651 2.218781 1.683170 1.144646 0.521422 -0.077417 -0.224730 -0.164617 
0.995707 0.061612 0.585197 0.613659 1.993222 2.312090 1.512152 1.161300 0.148415 0.011637 -0.351878 -0.099026 
0.831789 0.954607 0.558562 0.821778 1.084241 1.875451 2.445588 0.591754 -0.091098 -0.155834 -0.059732 -0.121070 
0.698915 1.251750 0.689579 1.120693 1.540275 1.764510 1.541782 0.391612 0.080379 0.261111 -0.106193 -0.108805 
2.101628 0.346834 0.460370 1.169762 1.951522 1.401920 1.247899 1.255384 0.734044 0.009367 -0.061756 -0.052083 
3.138127 0.856413 1.345287 0.412134 0.927161 0.355503 0.849307 0.416774 0.549897 0.625470 0.229062 -0.011918 
3.716954 0.447420 1.640441 0.780542 1.078936 0.227773 0.923457 0.502368 0.224507 0.090073 0.165590 0.042855 
5.770502 0.624413 2.104846 0.009748 0.063081 1.310952 1.060172 0.398974 -0.173953 -0.014254 0.414950 0.168840 
4.756020 2.097448 1.252293 1.973862 1.882518 0.704937 0.102737 0.508920 0.849866 0.678943 0.277155 0.039489 
2.917319 2.169041 1.446789 1.062038 1.145021 1.411908 1.316807 0.501104 -0.127192 -0.218345 -0.086211 -0.001561 
4.571857 2.140322 1.366883 1.075214 2.430335 2.620018 1.561042 0.935214 0.274128 -0.227318 -0.234726 -0.037783 
3.881924 1.710111 2.127187 0.597483 2.660620 2.206423 0.799048 0.924323 0.599342 0.222379 0.143262 0.022130 
3.744639 0.368621 0.446598 -0.119600 2.166782 0.699861 0.538896 0.466252 0.577113 0.293643 -0.093684 -0.028180 
4.969728 -0.316594 1.282471 0.085986 -0.528290 2.260889 2.261017 0.527073 0.117131 0.035195 -0.057133 -0.008451 
4.396433 0.335358 1.177992 -0.538416 0.252425 0.718665 1.904964 0.709656 0.673571 0.407182 0.019305 -0.013215 
4.050504 0.776230 1.609881 -0.831739 1.468192 -0.645062 -0.045035 1.098920 0.786897 0.401955 0.334461 0.063582 
3.356989 0.209349 1.145473 -0.470257 1.233618 0.508732 0.277655 0.856207 0.514194 0.138583 0.158230 0.032416 
3.542326 -1.161679 1.141205 2.198364 0.902005 -0.562335 1.978334 1.403576 0.294000 0.789635 -0.085827 -0.167265 
3.578088 0.000075 1.556583 0.381450 1.653499 1.216508 0.635849 0.910887 0.092297 0.339037 0.247766 -0.056615 
3.661707 0.394896 0.778838 -0.163622 1.949745 1.016906 0.958270 0.721736 0.509831 -0.311385 -0.061601 0.008936 
-1.#IND00 -1.#IND00 -1.#IND00 -1.#IND00 -1.#IND00 -1.#IND00 -1.#IND00 -1.#IND00 -1.#IND00 -1.#IND00 -1.#IND00 -1.#IND00 
-1.#IND00 -1.#IND00 -1.#IND00 -1.#IND00 -1.#IND00 -1.#IND00 -1.#IND00 -1.#IND00 -1.#IND00 -1.#IND00 -1.#IND00 -1.#IND00 
