3.172623 0.426778 1.194268 -1.162409 1.272134 1.087293 0.972971 0.642582 0.372019 0.355049 0.166924 0.035219 
3.467934 0.536409 0.819535 -0.622334 1.228997 1.312483 0.868336 1.417275 -0.010077 0.343428 0.357286 -0.000480 
2.894140 0.057118 1.541906 0.180005 0.529490 0.780437 0.984707 1.011991 0.466822 0.265121 0.109843 0.000198 
3.038789 -0.359754 0.752482 -0.300372 1.653151 0.235214 1.225574 0.966408 0.391512 0.513319 -0.094823 -0.039697 
3.272696 0.665288 0.917451 -0.154709 1.026178 0.621605 0.415933 0.163791 0.292726 0.330142 0.259143 0.051363 
3.363458 0.606682 0.764108 -0.383593 1.109079 0.818722 0.181874 0.967720 0.258682 0.350492 0.170271 0.014427 
3.016249 0.225658 0.536067 -0.667758 1.037409 0.557151 -0.099252 1.132430 0.382264 0.235928 0.104352 -0.000806 
3.154386 0.624590 0.826713 -1.205744 0.350683 0.184356 0.109427 0.163340 0.120483 0.365493 -0.009843 0.004905 
3.226903 0.674100 0.652929 -0.311947 2.010286 1.510521 0.707193 1.270095 0.195059 0.357043 0.286025 0.001821 
3.294402 0.625136 1.281424 -0.398232 1.248129 0.841382 0.743964 1.102135 0.197226 0.504752 0.187154 -0.010852 
3.309563 0.176373 0.348428 -0.188509 2.055584 0.996896 1.009385 0.750723 0.276850 0.662827 0.123141 -0.031752 
3.293292 0.960505 0.452777 -0.619145 1.370119 0.366545 0.481261 0.845581 0.387893 0.351978 -0.083825 -0.014816 
3.336493 1.150472 1.189728 -0.260759 1.560691 1.489540 0.400681 1.143560 0.732968 0.364855 0.163365 -0.011266 
3.678215 0.579211 1.155411 -0.733805 0.837703 0.639193 0.752769 1.290179 0.171463 0.169533 0.111369 -0.010738 
3.292352 0.709985 1.204534 -0.816027 0.830022 1.230254 1.975998 0.994329 0.281797 0.189055 0.155623 -0.019309 
2.560947 2.028514 1.421755 0.931615 0.836426 0.514486 0.145684 0.005726 -0.050575 -0.025521 -0.005646 -0.009343 
3.164948 0.171535 0.915145 1.304044 0.684532 1.546661 0.678314 0.181136 0.701993 0.092666 0.240790 0.043198 
2.783551 -0.757259 2.040913 0.810675 1.293021 0.810519 1.316896 0.440017 1.060036 0.275315 0.178063 0.019825 
2.743732 -0.600876 2.132532 0.903663 1.186908 0.705344 0.568010 0.807317 0.652444 0.456532 0.206711 -0.063592 
1.676357 -0.174992 1.734731 1.281255 1.846490 1.951563 1.152164 0.832453 0.049678 0.178288 0.029559 -0.001610 
1.746149 0.063370 1.656037 1.004091 2.144585 1.217352 1.033861 1.038389 0.423760 0.485634 0.113407 -0.078795 
1.230802 0.170517 1.786023 1.214478 1.866460 1.631631 1.205862 0.743561 0.678713 0.351217 0.183766 -0.074137 
1.204969 0.529094 1.194159 1.553294 1.443548 1.377538 0.932457 1.074647 0.316126 0.182186 0.282343 -0.117319 
1.395685 1.478637 0.322911 0.295750 -0.398430 -0.442720 -0.305022 0.003924 -0.349224 0.204374 0.382360 -0.068741 
1.332704 1.579436 0.086462 0.222536 -0.424231 -1.362172 -1.204000 -0.671433 0.268908 0.096684 -0.045444 -0.030888 
1.544574 1.873846 -0.110875 0.246095 0.085150 -1.749420 -0.534951 -0.878048 0.354031 0.100045 0.172420 0.001417 
1.944521 0.854644 0.196991 0.035737 -0.003612 -0.240635 -1.075716 -0.578471 -0.095552 0.052812 0.247990 -0.006123 
1.774112 0.704766 0.289311 0.641115 0.887084 0.108677 -0.306175 -0.529377 0.404156 0.164769 -0.197540 -0.016419 
1.233998 0.885120 -0.059535 0.616498 1.082519 0.459192 0.267017 0.838409 0.386171 0.196198 -0.040330 -0.045652 
1.103683 0.228550 0.474480 0.351013 1.522539 1.459266 1.052816 1.035152 1.348830 0.147318 -0.354894 -0.056641 
1.147730 0.390104 0.800789 1.212023 2.011140 1.125754 0.353841 1.478652 0.860921 0.123162 0.056938 -0.076937 
0.739085 1.195157 1.638625 0.766441 0.827736 2.356812 1.319182 0.759641 0.372852 0.248240 0.000753 -0.003075 
1.243814 1.564227 0.975301 0.820283 0.859984 1.147366 1.416232 0.492401 0.979125 0.446116 -0.029701 -0.040241 
0.971723 0.792655 1.626889 2.312994 0.885692 0.447522 1.290464 1.084041 0.684307 0.137404 0.350017 -0.087262 
0.814772 1.362579 2.355744 1.452106 0.976329 -0.233226 1.575868 1.116914 0.709523 0.238634 0.276596 -0.078957 
0.986772 1.319397 1.337219 1.935059 2.169913 0.537531 0.719540 0.966027 0.255172 0.239301 0.028410 -0.010541 
1.034424 1.156642 1.039846 1.824567 1.413686 0.469052 1.233456 1.224273 0.763461 0.390048 -0.054675 -0.029353 
1.200332 0.750796 1.370385 1.100738 1.718252 1.135242 0.816998 0.653456 0.612909 0.244628 0.171896 -0.047830 
2.114174 -0.111359 1.485875 1.189883 1.496989 1.451204 0.794426 0.712300 0.053041 0.609460 0.148643 -0.046886 
5.003611 -0.074584 0.309145 1.403568 0.926688 0.970434 0.420175 0.475265 1.145304 0.275127 -0.031366 0.028097 
3.993556 2.593256 1.008032 0.266413 0.530332 1.045149 1.053206 0.587478 0.176064 0.185618 0.364591 0.083759 
3.992153 3.056392 1.662218 0.526577 0.154691 0.444440 0.752477 0.524274 0.098168 -0.074358 0.132574 0.012572 
5.444824 4.246464 1.691402 -0.320628 -0.421215 0.481291 1.146951 0.897543 0.303791 0.007098 0.060885 0.022585 
4.132980 3.721655 2.825967 1.546634 0.583593 0.182677 0.265165 0.669509 0.777219 0.586040 0.194047 0.062781 
3.067610 2.673098 2.427960 2.026846 1.609598 1.210510 0.831507 0.442046 0.261551 0.176563 0.120584 0.017686 
2.976498 2.561334 2.304437 1.995693 1.722787 1.422270 1.159294 1.080768 0.935942 0.258585 0.188072 0.050471 
3.521198 2.142006 2.028317 1.388372 2.042508 2.202047 1.713878 1.139349 0.843041 0.601175 0.234545 0.073675 
3.375584 1.810591 2.052558 1.937150 2.703324 2.312911 1.140015 1.821167 0.693868 0.258265 0.205404 0.071491 
-1.#IND00 -1.#IND00 -1.#IND00 -1.#IND00 -1.#IND00 -1.#IND00 -1.#IND00 -1.#IND00 -1.#IND00 -1.#IND00 -1.#IND00 -1.#IND00 
-1.#IND00 -1.#IND00 -1.#IND00 -1.#IND00 -1.#IND00 -1.#IND00 -1.#IND00 -1.#IND00 -1.#IND00 -1.#IND00 -1.#IND00 -1.#IND00 
