3.287287 0.215770 1.019508 -0.872778 1.115891 1.063375 0.516081 0.969874 -0.171452 0.012684 -0.147994 -0.058103 
3.303376 0.845818 0.872242 -0.726051 0.900460 -0.189115 1.131738 1.194229 0.320269 0.292198 0.065390 0.017834 
3.348195 0.404968 0.763127 0.005161 1.262997 0.574735 0.655256 1.104453 0.318531 0.223684 0.084671 0.007596 
3.229365 0.244489 0.261565 -0.878850 0.632592 0.133466 1.073511 0.360080 0.297392 -0.129777 -0.020121 0.035407 
3.099958 0.200792 0.990069 -0.421958 1.061830 0.487434 0.528478 1.133433 0.359613 0.219788 0.124080 -0.026940 
3.315519 0.676095 0.920165 -0.891089 0.819913 0.629046 1.053880 0.873788 0.014004 0.297867 0.240812 0.030852 
3.132937 0.651231 0.711821 -0.808326 1.073553 1.582539 0.803802 1.184185 0.311652 0.388089 0.049468 -0.039177 
3.101138 0.279324 0.276461 -0.958631 0.808804 1.169653 0.309236 0.717554 0.541237 -0.318680 0.037801 -0.018711 
3.348438 0.451397 0.665965 -0.514163 1.102704 0.823697 1.091527 0.547454 -0.106735 0.319259 0.114215 0.014677 
3.201151 0.340653 1.018086 -0.305611 0.504453 0.715086 0.587435 0.391758 0.512311 0.374780 -0.171936 -0.017997 
3.385515 0.675258 0.913500 -0.494298 0.890491 1.093458 0.378620 -0.002886 0.801647 0.316027 0.261388 0.081876 
3.120589 0.522633 1.306613 -0.061235 1.805020 2.177879 1.036116 1.125965 0.130230 0.333544 0.122826 0.001197 
3.334309 0.515182 0.655375 0.104757 1.069577 0.973418 0.926898 0.353429 0.250675 0.556030 0.072376 -0.000314 
2.897334 0.565707 1.431530 0.317414 2.166280 1.432862 0.907516 0.543515 0.585720 0.447623 0.263611 0.028900 
3.166173 0.581261 0.738141 -0.174422 0.689319 1.173124 1.484948 1.372715 0.106070 0.179411 -0.041810 -0.045678 
2.630113 0.866017 1.395516 2.734506 1.795977 0.133128 0.322683 0.769862 0.290088 -0.142875 -0.157802 0.019676 
3.323261 -0.760813 2.264879 0.425034 1.451164 0.729074 1.215431 1.121491 0.512820 0.468251 0.015798 -0.039601 
1.316021 0.754491 1.388183 1.404195 1.325557 1.080206 0.719216 0.544337 0.845820 0.477904 0.168362 -0.085285 
0.881652 0.774448 1.578594 1.605549 0.869659 1.057188 1.060883 1.110129 0.956183 0.109713 0.001249 -0.036787 
0.718971 0.766989 1.607124 1.910061 2.302598 1.081105 0.815246 0.791301 0.774893 0.264180 0.069236 -0.051709 
0.828993 0.780231 1.381248 1.696001 1.440655 1.508142 1.185075 1.154933 0.209143 0.287435 -0.047788 -0.003536 
1.124533 1.750381 1.041639 0.751427 1.109367 1.066834 0.551638 0.256341 0.601762 0.500038 0.037991 -0.014795 
1.731479 1.339017 0.952852 0.677363 1.113041 0.308868 -0.476306 -0.728133 0.447207 0.519627 0.002530 -0.022803 
1.371037 1.722496 0.956843 1.039811 0.000429 0.228369 -0.244274 -0.647481 0.218994 0.327978 0.080014 0.002166 
1.323170 1.346424 1.541943 0.337211 0.299041 -0.585513 -0.357776 -0.344858 0.846807 0.378259 0.081738 0.031449 
1.508440 1.335752 0.741035 1.015314 0.086021 -0.528352 -0.199383 -0.293154 0.474241 0.304055 0.154738 0.028982 
1.218862 1.499505 1.655984 0.211545 0.945822 0.461405 -0.215149 -0.140354 0.348582 0.255134 0.053758 0.022184 
1.415013 0.905767 0.201186 0.601622 0.878528 0.667165 0.838233 0.379918 0.754430 0.418737 0.212041 -0.097327 
1.321809 0.415516 0.048967 1.009096 2.033441 1.756415 0.536300 0.862711 0.656886 0.252894 0.037514 -0.051853 
1.153715 0.712258 0.314440 1.123932 2.095171 1.541560 0.607067 0.478004 0.699032 0.510977 0.090263 -0.053316 
0.721205 0.482704 0.947176 2.123159 1.829632 1.005259 1.295357 0.778209 0.886139 0.601293 -0.046784 -0.075072 
0.532649 1.176145 1.173389 1.129183 1.996880 0.630516 1.981795 1.446645 1.134448 -0.072788 0.128267 -0.073601 
0.918708 1.154684 1.172120 1.349005 1.196434 1.575947 1.298651 0.728771 0.530902 0.282486 0.020870 -0.002888 
0.837566 1.097960 1.115677 2.353275 1.194600 0.976944 1.226666 0.772119 0.381336 0.305754 -0.033883 0.031196 
1.148061 0.718256 1.774620 1.368346 1.703145 1.262894 0.190641 0.633955 0.569013 0.123384 0.051851 0.019619 
0.418049 0.675502 1.673346 1.452513 2.659484 0.939546 1.798498 1.165821 0.245380 0.469322 -0.038096 -0.007810 
0.691003 1.625158 1.226536 0.624155 1.541013 0.922253 0.876217 1.061194 0.669404 0.255768 0.174382 -0.069449 
0.772379 1.105651 1.278707 1.332220 1.625111 2.248888 0.924428 0.588013 0.384651 0.136528 0.126106 -0.023904 
0.595380 1.141572 1.670545 2.328417 1.296051 0.908224 1.146198 1.091246 0.535062 0.145541 -0.011566 0.012589 
0.855258 0.849750 1.280180 1.149233 1.488225 1.376767 1.979778 1.077488 0.508442 0.079406 0.314744 -0.097179 
3.076166 -0.869952 1.762073 0.261164 1.403894 0.787430 2.083401 0.063805 1.202499 0.141862 -0.100021 0.116462 
5.525411 -0.088506 0.235120 2.191337 0.516622 0.923334 1.423205 0.136811 0.389409 0.493701 0.237766 -0.015996 
5.027245 1.864224 -0.384472 0.457272 1.549516 0.959844 0.129088 0.685838 0.741319 -0.104274 0.068404 0.035162 
3.256033 2.852481 2.460173 1.901327 1.269106 0.740718 0.369744 0.313397 0.195592 0.271857 0.222131 0.034955 
3.486958 3.001821 2.676948 1.953007 1.165109 0.571867 0.350137 0.419401 0.392752 0.341808 0.311486 0.059040 
2.875456 2.392443 2.056543 1.751258 1.424548 1.099330 0.851299 0.645334 0.389905 0.221899 0.067429 0.010185 
4.083037 1.737891 2.128338 2.081179 3.339429 1.434740 1.647539 1.801872 0.045768 0.366631 0.165297 0.065082 
3.816531 1.163625 1.231442 0.172967 2.271580 1.297833 1.043808 1.452167 0.109988 0.244287 0.409865 0.049506 
-1.#IND00 -1.#IND00 -1.#IND00 -1.#IND00 -1.#IND00 -1.#IND00 -1.#IND00 -1.#IND00 -1.#IND00 -1.#IND00 -1.#IND00 -1.#IND00 
-1.#IND00 -1.#IND00 -1.#IND00 -1.#IND00 -1.#IND00 -1.#IND00 -1.#IND00 -1.#IND00 -1.#IND00 -1.#IND00 -1.#IND00 -1.#IND00 
