3.520246 0.823941 1.013788 -0.279746 1.140767 0.387772 0.874809 0.876483 0.322698 -0.048433 0.017015 0.014438 
3.487386 0.524262 1.410149 -0.093491 1.099172 1.109978 0.292845 1.170579 -0.043560 0.258727 0.312733 0.005175 
3.467540 0.492250 1.319451 -0.838594 1.750105 1.728837 1.124229 1.357350 0.450791 0.221655 0.097623 -0.027362 
3.314302 0.930549 1.005263 0.042016 0.893615 1.287621 0.714843 0.711604 0.558898 0.284141 0.085347 -0.001025 
3.653033 0.411571 0.965821 -0.548443 0.978050 1.206365 1.107899 0.755891 0.123720 0.288688 0.269066 0.040979 
3.515282 0.962339 1.285036 -0.020460 1.200030 1.144782 1.189475 1.255158 0.092220 0.344606 0.309355 0.016094 
3.211012 0.705701 1.500653 0.322388 1.664836 0.631996 0.903088 0.918762 0.469392 0.612642 0.129453 -0.037452 
3.500513 0.548119 0.972871 -0.042706 1.668535 1.001108 1.644918 1.251452 0.190018 0.461690 0.113328 -0.022611 
3.339492 0.987497 0.879654 -0.507513 1.533254 0.477268 0.921031 1.334999 0.549429 0.332201 0.038532 -0.039812 
3.350153 0.519734 0.710531 -0.124109 1.160770 0.977554 0.633349 0.522758 0.274032 0.243754 0.174612 0.010094 
3.428815 0.512955 0.915868 -0.180471 1.433473 0.410601 0.654589 0.811108 0.520364 0.252150 0.166394 0.005810 
3.025890 0.440725 0.804256 -0.259940 1.479706 0.862551 0.595002 1.342990 0.674824 0.452378 0.294975 -0.020424 
3.241326 0.372161 0.933650 -0.700871 -0.114633 0.550242 0.055886 1.009010 -0.122561 -0.101094 0.288912 0.072909 
3.154078 0.882299 0.743349 -1.294676 1.137416 1.220659 0.724422 0.676246 -0.129983 0.138369 0.113578 -0.004307 
3.362512 0.214298 1.268974 -0.236106 1.541179 0.722396 1.278801 0.832564 0.514669 0.369214 -0.034580 -0.016912 
4.643424 2.712862 1.249644 1.010590 0.647322 0.337180 0.534321 0.678907 0.839846 0.369811 0.086813 0.005141 
5.601234 -1.135403 0.456929 1.734567 0.323268 1.046153 0.923969 -0.008619 0.647795 0.597014 0.234748 0.062712 
3.761982 -1.153530 2.259757 0.794127 1.543326 1.060964 0.886217 0.801252 0.474310 0.546807 0.234557 -0.038760 
1.716026 0.158191 1.403156 0.873043 1.790474 1.457582 1.421895 0.474639 0.317671 0.344500 0.336724 -0.048289 
1.424265 0.797775 1.110787 0.714652 1.576074 0.859542 1.551605 0.715411 0.235523 0.293441 0.157153 -0.045622 
1.100847 0.533988 1.588782 1.699971 1.509039 1.495284 1.128422 1.240627 0.519902 0.004964 0.109324 -0.011059 
1.223402 1.119458 0.970465 1.047310 1.062371 0.955713 0.874642 1.173964 0.150227 0.048608 0.134093 -0.033083 
1.595132 1.545286 0.724639 0.449098 1.115419 -0.108579 -0.750029 0.220515 0.030536 0.463614 0.130363 -0.051574 
1.368124 0.892457 1.486532 0.517046 0.100208 0.327825 -0.746949 -0.520067 -0.148439 0.058566 0.131779 0.022941 
1.421602 1.381768 0.755941 0.513682 0.643749 -0.305152 -0.733633 -1.157468 -0.050861 0.002541 0.207188 -0.000221 
1.286572 1.427412 0.634057 0.997097 1.062060 -0.166590 -1.117311 -1.278094 -0.184022 0.025292 0.043680 0.003642 
1.394754 0.922869 0.604451 0.493260 0.394837 0.034638 -0.874983 -1.776229 -0.397600 -0.190488 -0.132513 -0.009742 
1.400751 0.716386 -0.155564 0.631427 1.748257 0.408596 -0.646377 -0.135268 0.513641 0.349896 -0.014392 -0.060889 
1.006017 0.809634 -0.383189 -0.065125 2.490608 1.597401 0.615675 0.911747 0.517130 0.385661 -0.082972 -0.085027 
0.819674 0.858115 0.603140 1.022313 2.132871 1.455838 0.624039 1.201171 0.703785 -0.187085 -0.097759 0.004007 
1.081987 0.700932 0.651544 1.441501 1.023458 2.290194 1.351272 0.043526 0.736047 -0.012764 0.142506 -0.029442 
0.966333 0.932046 1.388125 1.842123 1.491700 0.966272 0.539746 0.951468 1.296899 -0.264107 0.103766 -0.000522 
0.613958 1.078786 1.250852 1.855732 2.275398 1.702560 0.261079 0.639153 0.063938 0.242966 -0.048796 0.059414 
0.701840 0.909391 1.131300 1.807400 1.817825 1.617063 1.093246 0.794468 0.365068 0.159691 0.054670 0.007707 
0.730710 1.212965 0.967878 1.283838 1.645281 1.877301 1.452328 0.143404 0.692941 0.680884 -0.033112 -0.009011 
1.548644 0.153850 1.268915 -0.061315 3.064810 0.356791 1.691290 0.650657 0.815246 -0.055151 0.205368 0.045856 
1.586508 0.494372 0.940330 1.652060 1.291203 1.512298 0.964022 1.040105 0.548230 0.060753 0.578103 -0.067612 
1.263935 0.537206 1.430919 1.283933 1.702240 1.555903 2.273275 0.695777 0.314618 -0.208061 0.362390 -0.010964 
2.430299 -0.039685 1.301539 1.265035 0.920579 1.495280 0.154132 1.177770 0.639411 0.303473 0.206766 -0.012443 
5.267653 -0.431271 1.053366 0.380779 1.252322 1.002181 0.591178 0.913626 0.225670 0.183922 0.468625 0.124915 
5.586035 2.387106 -0.372652 0.218032 1.696871 1.263822 0.143084 0.067206 0.241256 0.025662 0.104875 0.023848 
7.953651 1.203372 -1.135865 0.091690 1.807169 1.124687 0.033905 0.906909 0.917044 0.636417 0.283484 0.071540 
4.783296 4.200243 3.152366 1.788341 0.535903 0.227140 0.677655 0.764415 0.665427 0.392839 0.222678 0.048481 
4.363886 3.857059 3.503487 2.986839 1.744193 0.627673 0.225505 0.206227 -0.086477 -0.065713 0.239910 0.059946 
3.980366 3.589024 3.022422 2.194246 2.866333 2.400096 1.858586 1.291207 0.227583 0.229417 0.029413 0.019375 
2.982626 2.225257 1.959906 1.410896 1.349344 1.419980 0.549001 0.043653 0.518737 0.473684 0.295781 0.025488 
3.510834 1.648451 1.203016 0.765268 1.599537 2.029646 1.273478 1.281869 0.907444 0.164443 0.057393 0.005734 
3.152842 1.378880 1.281038 0.868974 1.569919 0.763090 0.754720 0.647516 0.481741 0.343431 0.113493 0.003995 
-1.#IND00 -1.#IND00 -1.#IND00 -1.#IND00 -1.#IND00 -1.#IND00 -1.#IND00 -1.#IND00 -1.#IND00 -1.#IND00 -1.#IND00 -1.#IND00 
-1.#IND00 -1.#IND00 -1.#IND00 -1.#IND00 -1.#IND00 -1.#IND00 -1.#IND00 -1.#IND00 -1.#IND00 -1.#IND00 -1.#IND00 -1.#IND00 
