3.226919 0.887519 1.453819 -0.407754 1.255572 1.453250 1.060513 0.733019 0.403910 0.272017 0.223934 0.025378 
3.400644 0.537760 1.174427 -0.484917 1.352985 1.032173 0.786722 0.882612 0.505757 0.442419 0.301213 -0.004900 
3.241070 0.468415 0.351027 -0.075283 1.081146 1.142856 0.857037 0.822694 0.234531 0.327340 0.117491 -0.021767 
3.138097 0.652625 1.583025 -0.412343 1.137813 1.907987 1.037178 1.225697 0.495257 0.191699 0.041954 -0.021469 
3.375640 0.116711 1.409053 -0.829829 1.215027 0.905375 0.429342 0.851254 0.240559 0.190955 0.240194 0.036490 
3.051845 0.091914 0.673800 -1.114483 0.800819 1.211853 0.500073 0.784544 -0.051005 -0.072175 0.083110 -0.074742 
3.319568 0.115217 1.069819 -0.551881 1.028323 0.402297 0.680463 0.537000 0.218476 0.399489 0.069264 -0.002926 
3.322142 0.681730 1.513202 -0.658661 1.360326 0.922738 0.578099 0.590781 0.276731 0.394646 0.017362 -0.015836 
3.299622 0.789923 0.487539 -0.526777 1.451010 1.271891 0.676001 0.846396 0.264991 0.168181 0.058644 -0.001793 
3.577850 0.594650 0.926147 0.022550 0.764585 1.930412 0.310338 0.991675 -0.138240 0.205678 0.060630 -0.009950 
3.496173 0.053947 0.962859 -0.495150 1.291525 0.819720 1.470724 0.707590 0.492165 -0.070918 0.054934 0.047508 
3.281814 0.826557 1.105251 -0.471036 1.613933 1.049480 0.656665 1.066651 0.428431 -0.073553 0.289922 0.033409 
3.481149 0.208477 0.701597 0.067714 1.130022 0.564814 0.147722 0.930929 0.306512 0.113583 0.082068 -0.004350 
3.258173 0.891710 0.604376 -0.819316 2.793074 1.011124 0.900573 1.075101 0.513257 0.465299 0.194709 -0.023808 
3.452921 0.871531 1.290888 -0.038003 1.237877 0.656302 0.572617 0.806786 -0.058386 0.190031 0.166949 -0.002329 
3.244551 2.026811 0.890333 0.454346 1.203655 1.250674 1.638856 0.960439 -0.087432 0.002117 0.245731 0.022516 
5.027216 -1.380448 1.334986 1.860147 0.945255 1.236864 0.347325 0.646932 1.025419 0.199301 0.261254 0.168637 
4.844141 -1.753639 1.576414 0.867556 1.302486 1.358754 0.192865 0.499849 0.249779 -0.278095 0.045522 0.098289 
2.627016 -0.537851 1.978911 0.602916 1.306955 0.541042 1.096483 0.407506 0.815738 0.404997 0.260299 -0.001432 
1.635624 0.400506 1.832198 1.218888 1.687341 0.833776 0.708875 0.424659 0.629993 0.305492 0.296067 -0.053157 
0.974195 1.175541 1.796589 1.299952 0.716987 0.654108 1.270050 1.087636 0.677508 0.038840 0.229734 -0.077012 
0.587257 1.436006 1.490302 1.595853 2.204866 1.262314 0.900944 0.792823 0.652500 0.168040 0.057442 -0.041556 
0.688345 1.150913 1.516791 1.512288 1.454458 0.828969 1.248512 0.719457 0.600333 0.308497 0.042624 -0.099090 
1.400520 0.856181 1.181614 1.008298 0.856952 0.353933 0.014127 -0.035338 -0.172810 -0.181625 0.117666 -0.000109 
1.716617 1.160650 0.960439 0.528110 0.688544 -1.130168 -0.780560 -0.621078 -0.673686 0.087056 -0.025079 -0.038083 
1.284298 1.025570 0.647901 0.807504 0.008497 0.158635 -0.697749 -1.000493 -0.288578 0.041692 0.295193 -0.044511 
1.140393 1.275885 1.019789 1.138431 0.039292 -0.389116 -1.037791 -0.330176 -0.114287 0.223317 0.031911 -0.020524 
1.241735 1.049541 0.158781 0.416157 0.382888 -0.025961 -0.597566 -0.246973 0.012859 0.550124 0.034482 -0.070785 
1.428910 0.774997 -0.230559 0.733647 0.971217 0.928498 -0.125702 -0.149016 0.572363 0.351805 -0.016229 -0.085548 
0.828851 0.693917 0.545374 0.662754 1.964151 1.913285 0.578820 0.879025 0.289779 0.091167 0.029020 -0.088521 
0.609845 0.654900 0.804941 1.063795 1.891126 2.332042 1.373457 0.570949 0.643423 -0.103027 -0.130114 0.014216 
0.919952 0.484418 0.912712 1.083498 2.020254 2.018427 1.153499 0.663986 0.639596 0.296373 -0.067348 -0.000243 
0.368941 0.973510 0.725374 1.856670 2.547029 1.680056 1.130177 1.204546 1.187010 0.073503 0.179940 -0.085508 
1.189727 0.491974 0.971155 2.039886 1.290631 1.104790 1.219885 0.781762 0.225566 0.718199 -0.031141 -0.014801 
1.001789 0.959470 1.269600 1.120933 1.592698 1.188450 0.551539 0.026676 1.060759 0.590964 -0.004869 -0.029310 
1.129418 0.634021 1.546261 0.555788 1.350603 1.494244 0.642978 0.612551 0.135010 0.678331 0.041430 -0.031676 
0.676228 1.574382 1.241073 2.067062 1.516375 0.964953 0.757224 0.948335 0.228548 0.576201 -0.056912 0.007278 
0.665653 1.501267 1.044526 1.220122 1.533839 1.566972 1.222273 0.595262 0.725671 0.644138 0.137763 -0.069787 
2.098223 0.410959 1.413694 0.779886 0.935418 1.515928 1.353179 1.106064 0.159772 0.246774 -0.047054 0.009123 
3.744496 -1.136235 1.773550 0.734214 1.254013 0.873620 1.314616 0.487230 0.604937 0.355335 0.106492 0.028819 
4.757432 -1.547104 1.333438 1.348962 1.362186 2.071637 0.900409 1.351697 1.359324 0.091652 -0.222714 -0.015540 
5.086942 2.394953 0.182242 0.114685 1.123679 1.623284 1.282742 0.650270 0.402650 0.430278 0.221886 0.046778 
4.226492 3.407127 2.097197 0.917718 0.045127 0.186436 0.805170 0.858111 0.606803 0.252635 0.053098 -0.008841 
3.849007 3.291944 2.120958 1.055273 0.626520 0.418371 0.649302 0.527868 0.413965 0.259260 0.251364 0.057990 
3.041972 2.475887 2.264992 1.983224 1.884596 1.565388 1.050684 0.779307 0.636972 0.418158 0.189930 0.049251 
4.169796 2.905416 3.089228 1.619548 2.839017 2.180265 2.217708 1.747719 0.408119 0.225160 0.047767 0.030632 
4.115172 2.630337 2.920198 1.773139 2.247623 2.450291 1.197556 1.260546 1.249150 0.052337 0.135581 0.067694 
3.388125 1.138354 1.270394 0.805670 0.790844 0.435025 0.620518 1.187376 1.035985 0.143470 0.211247 0.023534 
-1.#IND00 -1.#IND00 -1.#IND00 -1.#IND00 -1.#IND00 -1.#IND00 -1.#IND00 -1.#IND00 -1.#IND00 -1.#IND00 -1.#IND00 -1.#IND00 
-1.#IND00 -1.#IND00 -1.#IND00 -1.#IND00 -1.#IND00 -1.#IND00 -1.#IND00 -1.#IND00 -1.#IND00 -1.#IND00 -1.#IND00 -1.#IND00 
