3.098276 0.297472 0.950129 -0.938806 1.358662 0.393133 0.423137 1.163224 0.267575 0.230921 0.156775 0.009809 
3.177651 0.064790 0.850434 -0.681742 0.773816 1.518545 0.943635 0.697994 0.389864 -0.163254 0.083551 0.024807 
3.337615 0.542610 0.232585 -0.218533 1.841240 0.516699 1.068895 1.219081 0.286949 0.380627 0.088271 -0.001080 
3.230381 0.516144 0.517470 -1.001260 0.831000 0.186281 0.452396 0.417977 0.243130 0.522373 0.044822 -0.024784 
3.002474 0.160220 0.667158 -0.392375 1.709329 0.633931 0.746443 0.874941 0.435309 0.183925 -0.004641 0.012275 
2.873284 0.406127 0.722249 -1.130592 0.621897 0.999448 1.152247 0.734047 0.337252 0.190992 0.229617 0.016752 
3.246939 0.392513 0.517906 -0.425502 0.740858 0.249050 0.820904 1.032426 -0.145054 0.342126 0.162977 0.052960 
3.373689 1.050250 0.797134 -0.862616 1.285395 1.658875 1.560656 1.038508 0.044508 0.495142 -0.056663 -0.014603 
3.039248 0.132036 0.770505 -0.769037 0.698751 -0.443384 -0.277820 1.003728 0.056728 0.261960 0.295820 0.004924 
3.247503 0.243156 1.002251 -0.653617 0.526668 0.946852 0.369657 0.673834 -0.122009 0.284366 0.284893 0.047006 
3.021924 0.504985 1.347688 -1.093434 1.218191 0.192860 0.663684 1.222517 0.448498 0.096449 0.223540 0.001772 
2.916535 0.564789 1.047160 -0.777355 1.341530 0.408639 0.112890 0.748728 0.247371 -0.263794 -0.074344 0.061682 
2.865612 0.015349 0.673900 -1.259961 0.327930 0.297536 0.248919 0.231030 0.284228 -0.021590 0.034954 0.024967 
3.239682 0.583209 0.267131 -0.438955 0.575274 0.937996 0.694101 0.473036 0.698019 -0.048007 0.006815 0.020095 
3.132942 0.604659 1.383313 -0.546903 0.937262 0.808836 0.755506 0.330952 -0.131487 0.466559 0.301455 0.032992 
3.395860 0.289404 0.898179 -0.930542 1.849334 1.046265 1.466214 1.130189 0.429146 0.008459 0.305129 0.050767 
3.320462 0.598466 0.633244 -0.065396 1.009892 0.776499 0.407877 0.618154 0.394930 0.059110 0.124414 0.029628 
6.039918 0.202995 -0.363242 1.598936 1.783478 0.627934 1.242378 1.248345 0.220653 -0.089131 0.105405 0.090418 
5.155026 -1.466496 1.404656 1.215533 1.192797 0.968571 1.319937 0.291072 0.584788 0.040599 -0.094955 0.122137 
2.622900 -0.329868 1.946786 0.697604 1.521927 0.866344 1.006021 0.547637 0.497957 0.175071 0.079077 0.015221 
1.762961 0.525795 1.446116 1.150391 1.553461 1.867439 0.700342 0.871433 0.327691 0.033891 0.232169 -0.008813 
1.780080 0.962899 1.612644 0.971886 1.053692 0.621648 0.437095 0.548317 0.679844 -0.031914 -0.079912 0.039707 
1.323223 1.638694 1.320255 0.804682 1.426761 -0.749273 -0.335224 0.297380 0.355453 0.222933 -0.112497 0.002291 
1.361239 1.338264 0.861025 0.724296 -0.218348 0.162043 -0.822032 -0.595306 -0.252677 -0.026500 0.054191 -0.043877 
1.899746 0.598301 0.547450 0.880758 -0.170426 -0.476331 -0.738280 -0.791231 0.164576 -0.043824 0.211786 -0.015664 
1.792168 1.023655 0.318280 0.082145 0.570781 -0.448655 -0.658649 -0.586528 0.058309 0.310935 0.005523 -0.017656 
1.722284 0.833316 0.688301 0.585107 0.722280 0.524133 -0.931670 -0.309599 0.166384 0.296733 -0.114568 0.000758 
1.487942 1.027047 0.354055 0.848027 0.833699 1.140023 -0.002343 -0.193818 0.255574 0.262802 0.025213 0.016882 
1.305770 0.806654 -0.122800 0.947946 1.993590 1.153525 -0.012203 0.845415 0.570557 0.336379 -0.127588 -0.048430 
1.172430 1.038178 0.064212 1.713553 1.156117 1.174582 1.301133 0.246591 0.063482 0.384533 0.039081 0.023211 
0.963225 1.257330 0.285242 1.157266 1.532905 1.535459 2.295660 0.160727 0.418608 0.255040 0.098558 -0.029353 
0.919944 0.544357 1.610930 1.212621 1.468687 1.277402 2.062853 0.212514 1.053844 0.554832 -0.272875 -0.039863 
0.992916 1.334690 0.117043 1.336329 2.439569 0.873698 1.180384 1.414559 0.630430 0.026149 0.075952 -0.075499 
0.813507 1.131834 0.844522 1.591880 1.725382 1.297392 1.167791 0.958733 0.536830 0.138356 0.317884 -0.115702 
1.087974 1.003744 1.503398 1.236116 1.629373 -0.087118 0.988470 1.551029 0.547454 0.416915 0.129146 -0.075454 
1.229216 0.780754 1.399140 1.744559 1.009395 1.395604 0.657071 1.162627 0.577174 0.226907 -0.216744 0.036591 
1.538685 0.554809 0.899656 1.298211 1.472824 1.252904 1.560465 0.216308 0.499279 0.573277 0.144321 -0.040983 
1.432782 0.327591 1.062615 1.453860 2.191342 1.452484 1.277456 0.612891 0.271132 0.325713 0.299751 -0.021921 
3.588826 -0.842118 1.597841 0.660000 1.141251 0.688779 1.559976 0.901833 0.735701 0.812445 0.156485 -0.065287 
3.656450 -1.001773 1.874925 0.877502 1.800106 1.123149 1.487903 0.890603 0.044646 0.404921 0.065677 -0.042418 
3.935594 -0.124509 0.466982 1.139039 1.286708 1.168936 0.483763 1.168788 0.794858 -0.060705 0.210559 0.071690 
4.342294 -1.153863 1.405468 1.229898 0.883301 1.383008 0.469652 1.432923 0.818915 0.291370 0.062287 -0.073426 
5.332787 4.270334 2.344207 0.616906 -0.264678 0.235725 0.997679 0.991811 0.408995 0.152242 0.209619 0.049082 
5.383541 3.969718 1.783427 0.223738 0.168836 1.052531 1.394946 0.743686 0.223223 -0.087822 -0.027741 0.002580 
3.392906 2.980444 2.685404 2.089490 1.412346 0.815042 0.662038 0.611161 0.412533 0.218455 0.137760 0.026713 
2.790775 2.219082 2.042474 1.742522 1.771025 1.619275 1.362501 1.067556 0.738923 0.364508 0.192938 0.054763 
4.299828 2.329978 2.437117 2.187984 3.150939 2.263516 1.875550 1.941691 0.531925 0.028324 -0.013305 0.037599 
3.364738 1.755826 1.652817 0.421610 1.614649 1.507270 1.058089 1.225650 0.560806 0.321461 0.183660 0.008868 
-1.#IND00 -1.#IND00 -1.#IND00 -1.#IND00 -1.#IND00 -1.#IND00 -1.#IND00 -1.#IND00 -1.#IND00 -1.#IND00 -1.#IND00 -1.#IND00 
-1.#IND00 -1.#IND00 -1.#IND00 -1.#IND00 -1.#IND00 -1.#IND00 -1.#IND00 -1.#IND00 -1.#IND00 -1.#IND00 -1.#IND00 -1.#IND00 
