3.265985 0.294003 0.626331 -0.644095 1.659548 0.765371 0.148714 0.741974 0.472851 0.282325 -0.041784 -0.067249 
3.007373 0.035740 0.606256 -0.919362 1.335411 0.266827 0.982343 1.329477 -0.147241 0.165528 -0.049744 -0.005265 
3.085109 0.600205 0.805713 -0.486013 1.664229 0.868150 1.083925 1.295218 0.028486 0.193626 0.073544 -0.024474 
3.294655 0.920433 0.952038 0.014191 1.308370 1.148172 0.905306 1.175412 0.392856 0.176829 0.158799 0.015403 
3.148751 0.189955 0.811129 -0.644345 1.285272 1.103456 0.826567 1.483739 0.544835 0.005155 0.028588 -0.007735 
3.230504 0.016436 0.589992 -1.365910 0.936481 0.798574 0.670190 -0.068396 0.147636 0.106921 -0.086790 0.034158 
3.102666 0.391147 0.765890 -0.677854 1.351104 0.989069 0.675354 1.206275 0.164377 0.262674 0.240308 -0.030097 
3.259685 0.049679 0.492064 -1.300637 0.997493 1.062671 0.361943 0.994417 -0.025554 -0.005189 0.251526 -0.014177 
3.137192 0.644085 0.641231 -0.863343 0.037511 0.282838 0.956147 0.502059 -0.614870 -0.046331 0.089863 0.024666 
6.130823 0.495740 -0.934634 1.295247 1.239163 0.030158 0.322551 0.710031 0.476230 0.203633 0.362049 0.188292 
4.465615 -1.981348 2.714710 0.444408 1.807712 0.669497 1.137133 1.261433 0.198375 0.476518 0.118293 -0.031825 
2.551026 -0.564582 2.005999 0.977251 0.946303 0.710317 1.176744 0.422296 0.658610 0.253344 0.095466 0.004140 
1.355983 0.604099 1.207832 1.024211 1.624475 1.192819 1.619180 0.822120 0.454504 -0.282177 0.055716 0.038672 
1.350364 0.803365 0.931438 1.237990 1.176739 1.725301 0.670111 0.461949 0.442791 0.443500 0.145030 -0.076164 
1.605030 1.175845 1.249714 0.943430 0.440574 0.640033 -0.375142 0.582293 0.306790 0.499242 0.005619 -0.048948 
1.447757 1.368815 1.422738 0.950071 -0.085437 0.173770 -0.087917 -0.140170 -0.227275 -0.092692 0.173315 -0.005615 
1.177179 1.461266 0.599173 0.925386 1.269981 -0.325191 -1.010104 -0.262395 -0.060225 0.191035 0.120697 -0.013544 
1.263841 1.389473 0.748692 0.808039 0.565972 0.214333 -0.350551 0.043950 -0.543753 -0.121226 0.058064 0.035112 
1.539115 1.029968 0.572557 0.836688 1.461375 -0.090862 -0.732179 -0.636765 -0.213766 0.549854 -0.030664 -0.020691 
1.257538 1.296496 0.300892 0.576121 1.303490 0.143004 -0.329134 -0.012365 0.804387 0.724668 0.078495 -0.082363 
1.096822 0.825294 0.107775 1.551576 1.797216 1.025007 0.714762 0.223137 0.419362 0.517324 0.121256 -0.030901 
1.000006 0.725862 0.760472 0.906707 2.343951 1.428042 0.807150 0.126524 0.294200 0.404242 0.112712 -0.014333 
0.898000 0.905124 0.865382 1.402199 1.481674 1.981616 1.284167 0.573187 0.436459 0.656176 0.069715 -0.072742 
0.717807 1.072549 1.356679 1.008723 1.918769 1.829532 0.931658 1.027077 -0.153478 0.275223 0.445435 -0.115578 
0.432566 1.373216 0.935933 1.433345 2.268918 1.681010 1.612091 0.561421 0.715285 0.098268 -0.067054 0.039484 
0.303945 1.360332 1.999188 1.102492 2.029948 1.884667 0.614533 0.815071 0.750603 0.438161 -0.226076 0.051081 
0.583030 0.919523 1.531941 1.638585 2.461635 0.542554 1.198303 0.608610 0.451165 0.297272 0.174181 -0.050581 
0.809437 1.020387 0.744427 2.204408 1.715184 0.668128 1.227873 1.533725 0.680615 -0.152911 0.083053 0.005370 
0.928762 0.974954 1.525952 1.932991 0.420035 2.047974 0.567955 1.019428 0.511928 0.087851 -0.090983 0.066136 
0.984271 1.114059 1.096228 1.144273 0.715352 1.130288 1.135224 1.182070 0.765833 -0.137907 0.195655 -0.002335 
1.607426 0.770716 0.930033 1.541294 0.356048 1.399112 0.608326 0.575482 0.543501 0.680313 0.112704 -0.035431 
3.371261 -0.652047 1.662634 1.228413 1.227233 0.669365 1.284316 0.513304 0.707702 0.560578 0.005835 -0.040059 
3.049899 -1.247711 1.829504 0.866471 1.635052 1.347080 1.803923 0.914744 1.136253 -0.059657 0.115679 0.065085 
4.254325 -0.102685 0.026032 1.769104 0.885999 0.848573 1.217738 0.714191 0.753590 0.607710 0.263649 -0.020480 
3.366242 1.615391 0.646660 0.828643 1.101884 0.634504 0.141949 0.198201 0.364996 0.390084 0.420872 0.045920 
5.210498 3.274114 0.679498 -0.162843 0.688380 1.073522 0.679200 0.383118 -0.005493 -0.097828 0.200378 0.090285 
3.356173 2.601326 1.992670 1.419647 1.112686 0.953566 1.031990 0.999451 0.737892 0.406993 0.126827 0.024817 
5.610278 2.923028 3.576092 3.598225 2.874499 0.962360 0.569784 0.464686 -0.202679 -0.182739 0.143969 0.061815 
4.805852 2.925405 3.880517 2.707229 3.494269 2.288333 1.245748 1.508846 0.361166 0.008236 0.244961 0.051855 
3.491682 1.615021 1.388050 1.089676 2.219052 2.038134 1.703602 0.890971 0.385982 0.216157 0.072281 0.021782 
3.539522 0.838930 1.318571 0.620943 1.657657 0.720236 0.806367 1.019700 0.772884 0.653814 0.286460 -0.012781 
3.381263 0.333135 0.824557 0.244676 0.841839 1.876332 1.286895 1.671585 0.489428 0.245882 0.111182 -0.040820 
3.667362 1.256304 1.311920 -0.744333 1.489134 1.642264 0.921095 0.953541 0.364657 0.328878 0.286385 0.025506 
3.587594 0.228444 1.643553 0.104017 1.685061 0.997511 0.730030 0.850143 0.168853 0.077868 0.193572 0.044154 
3.341685 0.602122 1.357033 0.019671 2.120892 0.716983 0.453947 0.585216 1.015399 0.351513 0.292598 0.043455 
3.420630 0.710042 1.713142 -0.609774 1.469963 0.914205 2.000730 1.035737 -0.096487 0.453561 0.206029 0.037600 
3.378709 0.388058 1.395275 -0.696000 0.754456 1.701138 2.121913 0.321591 0.231171 0.098240 -0.082746 0.038980 
3.427210 0.868060 1.131033 -0.219296 1.680745 0.526952 0.279927 1.525760 0.205072 0.063863 0.089019 -0.013115 
-1.#IND00 -1.#IND00 -1.#IND00 -1.#IND00 -1.#IND00 -1.#IND00 -1.#IND00 -1.#IND00 -1.#IND00 -1.#IND00 -1.#IND00 -1.#IND00 
-1.#IND00 -1.#IND00 -1.#IND00 -1.#IND00 -1.#IND00 -1.#IND00 -1.#IND00 -1.#IND00 -1.#IND00 -1.#IND00 -1.#IND00 -1.#IND00 
