3.429392 0.432972 0.783192 -0.344072 1.514499 1.332536 0.442259 0.804878 -0.010580 0.327287 0.259071 -0.014418 
3.279574 0.616736 1.331281 -0.508193 1.096798 1.253617 0.378690 0.381790 0.445263 0.474041 0.184257 -0.021792 
3.299813 0.442271 1.209380 -0.431438 0.773309 0.616409 0.389343 0.475256 0.440345 0.247945 0.144424 0.012446 
3.376773 0.614599 1.217109 -0.270864 2.069842 0.531220 0.621094 1.200733 0.705738 0.040178 -0.119546 -0.049093 
3.410738 0.755840 1.311945 -0.173633 1.276732 1.384825 0.600171 1.011472 0.224502 0.499952 0.130141 -0.058617 
3.651449 0.642325 1.274532 0.193234 0.721025 0.739994 0.848162 0.845752 0.112305 0.369886 0.359641 0.003140 
3.347366 0.453896 0.964733 -0.742665 1.022159 0.954810 0.247936 0.394469 0.521241 0.062923 0.101672 0.011212 
3.410436 0.923571 1.070414 -0.614509 1.170219 0.931794 0.195918 1.063547 -0.172236 0.352325 0.255292 -0.020099 
3.457710 0.813533 0.485240 0.008738 1.340384 1.193296 1.096101 1.055164 0.440133 0.139638 0.077745 -0.013605 
3.490295 0.823490 1.097791 -0.523883 1.618421 1.723065 1.165518 0.923102 0.385610 0.082355 -0.023587 -0.010035 
3.293021 0.585372 0.645678 -0.150490 0.504350 0.620732 0.712346 0.089138 0.445596 0.140554 -0.032583 0.011367 
2.904513 0.127383 0.699133 -1.023430 1.257381 1.384816 0.792635 0.680263 -0.133043 0.292128 -0.000064 -0.011247 
3.140519 0.552067 1.125059 -0.375262 1.327219 0.495418 0.883645 0.261317 0.305166 0.463543 0.056203 0.009021 
3.417924 0.360100 0.862253 -0.165725 1.359140 0.605982 0.352198 0.337113 0.223018 0.088355 0.229284 0.034128 
3.178868 0.410402 0.529696 -0.654943 1.125180 0.619754 0.131848 -0.268615 0.041456 0.725032 0.032809 0.006794 
3.595550 0.312860 1.001636 -0.492524 0.527962 0.409853 0.626110 1.310049 0.431948 0.033131 0.049859 0.024564 
3.070368 0.089578 1.124467 -0.522877 0.093065 0.939545 0.045873 1.014769 0.207000 -0.145733 -0.001419 -0.005216 
3.420655 1.295203 1.108050 -0.357229 1.686280 0.817447 0.694970 1.108413 0.471950 0.328476 0.196503 0.002570 
6.080273 -1.223124 0.323643 1.647995 1.447191 0.481145 1.923849 0.860033 0.427489 0.629753 0.296987 -0.007742 
4.997423 -1.729748 1.722433 0.633465 1.881256 1.133833 1.026846 0.672900 0.729872 0.302590 -0.138570 0.025157 
2.506160 -0.152626 1.652756 1.383743 1.537988 0.769630 1.831829 0.698382 0.046487 0.396622 0.068270 -0.031298 
1.590948 0.719833 1.003134 1.052677 1.364613 1.315513 0.914560 0.780260 0.511898 -0.113977 0.306626 -0.036863 
1.509241 1.389376 1.427105 0.956779 0.858353 0.139558 0.968361 0.619244 0.524448 0.473476 0.318709 -0.057842 
1.264733 1.037801 1.146331 0.739266 0.225561 -1.307232 -0.365140 -0.510504 0.266761 0.366169 -0.001357 -0.025318 
1.798973 1.163981 0.368276 0.230685 0.326832 -0.808733 -1.316559 -1.075704 -0.366838 0.223906 0.309321 -0.051998 
1.695837 0.725573 0.534972 0.726798 -0.282775 -0.745399 -1.004583 -0.401837 -0.342602 0.299433 0.070811 0.036664 
1.405942 1.189370 0.498130 0.267961 0.280085 -1.055553 -2.014366 -0.912936 0.057901 0.407836 0.118393 -0.106922 
1.056627 1.309405 0.738553 0.185371 0.374407 -0.310558 -1.740240 -0.979113 0.371456 -0.051753 0.003561 -0.060060 
1.825202 1.087024 0.181684 0.483111 0.865376 0.222424 -0.354472 -0.559170 -0.450748 0.178225 -0.146427 -0.008410 
1.383698 0.530402 0.278211 0.321142 1.409653 1.051162 1.090561 1.114701 0.857124 0.418189 -0.105124 -0.086300 
1.222609 0.621391 0.091737 0.862777 1.579881 2.008048 1.344949 0.546534 0.907851 0.235210 0.011707 -0.081014 
0.842599 0.658101 0.352689 1.498915 1.763857 2.148468 1.461011 0.040732 1.179620 0.489029 -0.079618 -0.056965 
1.200038 0.542889 0.824224 0.513934 2.246805 1.794456 0.319352 0.835868 0.701746 0.578676 0.032509 -0.049380 
1.089213 0.978628 0.703519 2.139629 0.971263 0.982537 0.113811 1.529516 0.756182 0.144415 0.270401 -0.065669 
0.732878 1.046428 0.979490 1.041015 2.600330 1.461273 1.211909 0.011243 0.524620 0.607024 -0.026020 -0.007638 
1.319120 1.036900 0.841675 0.236515 1.832814 1.552885 0.942476 1.032476 0.506285 0.393592 -0.019970 -0.019532 
1.726287 0.134833 2.447333 -0.145795 1.450718 0.684808 1.510790 0.748774 0.696097 0.131799 0.209468 0.013989 
1.263930 0.347848 1.507499 1.242800 1.721901 1.703475 1.454126 1.724411 0.410815 -0.035813 -0.066619 0.047119 
2.974429 -0.851546 2.323646 0.282418 1.550657 0.993861 1.503301 0.713818 0.695872 0.179391 -0.015771 0.053131 
4.451417 -1.749255 3.622292 -0.476906 1.769523 0.679865 0.594147 0.987083 0.226331 0.602608 0.179034 0.077507 
6.736238 -3.823799 2.598522 0.611621 0.460608 1.994621 0.827575 0.827798 1.091417 0.403687 -0.077744 -0.034578 
5.240254 -1.628884 1.570377 0.666748 1.258887 1.249535 0.495330 0.935813 0.479443 -0.159535 0.153719 0.102982 
4.921876 2.471644 0.126519 0.194729 1.311942 1.200298 0.195808 -0.182599 0.333810 0.431479 0.273217 0.048148 
5.194279 3.257085 0.890068 0.171383 0.397818 0.928504 0.887890 0.465606 0.109692 0.267101 0.313298 0.122831 
4.299485 3.806741 2.320824 1.212568 1.440615 0.451470 0.316836 1.069673 0.316318 0.093234 0.072694 0.001573 
3.537732 3.312113 3.173350 2.740386 2.094553 1.414949 0.831294 0.295447 0.307878 0.313008 0.267611 0.049152 
3.322210 3.113106 2.725991 2.543181 2.294883 1.894527 1.658289 0.955582 0.367275 0.235499 0.068775 0.034865 
4.847352 2.791881 2.422696 2.451526 3.337519 2.508404 2.135815 1.433329 0.391115 -0.042720 0.108353 0.071988 
-1.#IND00 -1.#IND00 -1.#IND00 -1.#IND00 -1.#IND00 -1.#IND00 -1.#IND00 -1.#IND00 -1.#IND00 -1.#IND00 -1.#IND00 -1.#IND00 
-1.#IND00 -1.#IND00 -1.#IND00 -1.#IND00 -1.#IND00 -1.#IND00 -1.#IND00 -1.#IND00 -1.#IND00 -1.#IND00 -1.#IND00 -1.#IND00 
