2.939390 0.767789 0.899725 -0.791521 1.256708 1.490894 1.061848 0.998401 0.469623 0.117607 -0.121801 -0.020682 
3.363978 0.715866 1.292339 -0.046454 0.452253 1.937467 1.033633 1.311994 0.448166 0.095440 0.211107 0.022959 
3.331956 0.554353 1.488152 -0.000918 1.390656 0.970810 0.780389 1.213154 1.000836 0.363649 0.224601 0.011535 
3.563938 0.753032 1.265318 -0.303069 0.805366 1.202608 0.885654 0.263376 -0.103047 0.801430 0.256205 -0.013948 
3.178070 0.144950 0.573985 -1.508504 1.277087 1.210513 1.237172 1.096070 0.064970 0.502232 0.091042 -0.075940 
3.291864 0.240281 1.119946 -0.631049 0.961098 0.949062 1.281567 0.990303 0.430286 0.204524 0.176264 -0.016468 
3.162513 0.234986 0.613344 -0.975143 1.170557 0.582357 0.496562 1.968784 0.024192 -0.300980 0.244196 -0.030231 
3.066547 0.550450 0.676581 -0.764126 1.571404 1.193700 0.380311 1.545981 0.334140 0.061617 -0.028812 -0.062459 
3.197151 0.395770 1.029971 -0.141174 1.352214 0.905627 0.352895 0.350724 0.009760 0.315447 0.184073 0.044911 
3.106407 0.578900 0.335239 -0.067874 1.442747 1.001782 1.572978 0.678499 0.253084 0.280770 -0.020029 0.006004 
3.221980 0.439941 0.685064 -0.844194 0.944564 1.232002 0.640453 1.084480 0.288033 0.449033 0.119006 -0.027422 
3.151945 0.531044 0.988094 -0.278951 1.362376 1.127552 1.396276 0.892497 0.284573 -0.096190 0.065915 0.010960 
2.932522 0.603452 1.158069 -0.420919 1.464428 1.645748 1.338188 1.067225 0.583831 0.398428 -0.004223 -0.029786 
3.249923 0.364073 0.655175 0.212776 2.473460 1.129163 0.652111 0.869057 0.374869 0.391238 0.335916 0.020797 
3.057970 0.208818 0.465033 -1.039712 1.051699 0.637427 0.841693 0.806664 0.007358 0.430755 -0.001345 -0.002318 
3.097479 0.271146 0.311923 -0.694476 0.957962 1.471522 0.603558 0.645144 0.547711 0.226804 -0.038390 -0.027915 
3.510299 2.292922 2.673756 2.726894 2.743390 1.687500 1.169766 0.425842 -0.090525 0.431546 -0.041443 -0.012080 
5.089374 -2.026464 2.024770 1.166160 1.015932 1.354977 1.128221 0.594934 0.118983 -0.059556 -0.127348 -0.005928 
3.061354 -0.306381 1.080544 1.215107 0.935741 1.160239 1.287522 0.555660 0.656874 0.371570 0.113052 -0.028494 
1.560082 0.259943 1.048580 1.852279 1.587025 1.827514 0.523111 0.805404 0.560186 0.345966 0.408820 -0.088784 
1.050791 1.336848 1.864795 0.823938 1.167431 1.033302 0.619614 1.394340 0.968478 0.105097 0.194926 -0.053265 
1.374603 1.700458 0.494072 0.792025 0.904006 0.358509 0.306725 -0.246647 1.160417 0.256835 -0.068941 0.018562 
0.995566 1.575832 1.446594 0.994786 0.769839 0.417176 -1.129138 -0.073234 0.598134 0.296468 0.004050 -0.016464 
0.793930 2.215475 0.928107 0.831726 0.713603 -0.079934 -1.359575 -0.347348 0.951330 0.682402 0.059895 -0.036480 
1.393590 0.923706 1.068825 0.598920 0.851393 -0.106928 -0.774468 0.028505 0.794584 0.246319 0.182841 -0.020545 
1.375699 1.172793 0.792351 0.638196 0.187502 0.809443 -0.413195 -0.679144 0.115500 0.612419 0.046412 0.004114 
1.110235 0.915952 0.992226 0.813112 1.287675 0.822980 0.087870 -0.180163 0.496549 0.783119 -0.106713 -0.043904 
1.355154 1.073145 -0.212138 1.186990 0.151642 1.165502 0.377347 0.638908 0.485230 0.258424 0.076582 -0.083324 
1.488095 0.892846 -0.354105 0.983986 1.950609 1.691881 0.376600 0.039114 0.276666 0.296988 -0.030018 -0.078812 
0.918122 0.814247 0.864571 2.058481 1.884304 1.598143 0.440810 0.602978 0.379903 0.492830 0.188576 -0.100140 
0.799184 0.462785 1.444336 2.316553 1.864633 0.507751 1.666527 0.890464 0.499626 0.456007 -0.080827 -0.028593 
1.198224 1.206132 1.482440 0.692656 1.388721 1.481786 0.883057 0.701146 0.487926 0.464265 -0.042224 -0.012459 
1.223199 1.798811 1.403493 1.421773 0.525223 0.578842 1.134070 0.663026 0.991997 0.383768 -0.053368 -0.010189 
0.893758 1.044686 0.675741 1.510746 2.521468 1.407603 0.848245 0.720841 0.451206 0.249637 -0.206203 0.039917 
0.709894 0.740325 1.268064 1.425565 2.048384 1.943331 1.017357 0.889584 0.647271 0.278119 -0.016670 -0.040774 
0.447559 0.971551 0.816883 2.181966 2.082334 1.223401 0.771365 1.816667 0.561279 -0.213421 0.215162 -0.077924 
1.451586 0.634075 1.594292 0.699381 0.920571 1.064540 0.923084 1.036494 0.623372 0.253987 0.121509 -0.055983 
1.482869 0.831570 0.939057 0.047568 1.965751 1.558587 1.245177 0.881091 0.579968 0.320630 0.151763 -0.032414 
1.755065 0.516182 1.118071 1.069610 1.445776 1.376783 1.048757 0.694745 0.606969 0.015572 0.275261 0.015826 
6.645749 -1.491808 0.275495 1.866418 0.465544 1.067380 1.110539 0.503334 0.475245 0.574152 0.312813 0.053911 
6.471756 -1.433190 0.770891 1.961239 0.273674 1.852225 0.940128 0.066091 0.851046 0.618590 -0.114148 -0.036152 
6.123053 3.863540 1.200601 0.186435 0.916374 1.109907 0.781631 0.655418 0.398641 0.053658 0.106317 0.038773 
4.372062 3.511606 3.177699 2.960429 1.627554 0.207662 0.003763 -0.112643 0.230197 0.253581 0.211421 0.074148 
5.309167 3.260839 3.385135 2.724314 2.721907 2.198516 1.607966 0.716579 0.189538 -0.303391 0.103585 0.052907 
2.766029 2.273982 2.029173 1.753391 1.480929 1.271518 0.934097 0.575551 0.360877 0.161108 0.061715 0.016096 
2.563816 1.930373 1.624747 1.330666 0.931938 0.457145 0.235480 0.152314 -0.038471 -0.039395 0.007216 -0.003556 
4.200209 3.239496 2.942934 2.344447 2.852921 2.276227 2.184209 1.957402 0.720514 -0.394090 0.099810 0.034331 
4.106138 2.067798 2.324702 2.385516 2.747423 2.115011 1.888396 1.574695 0.598646 0.062440 -0.054435 0.034492 
-1.#IND00 -1.#IND00 -1.#IND00 -1.#IND00 -1.#IND00 -1.#IND00 -1.#IND00 -1.#IND00 -1.#IND00 -1.#IND00 -1.#IND00 -1.#IND00 
-1.#IND00 -1.#IND00 -1.#IND00 -1.#IND00 -1.#IND00 -1.#IND00 -1.#IND00 -1.#IND00 -1.#IND00 -1.#IND00 -1.#IND00 -1.#IND00 
