3.376449 0.274351 0.598121 -0.746708 0.561218 0.331870 0.519723 0.062583 0.637784 0.189792 -0.061142 0.052612 
3.278477 0.206697 0.549788 -0.248340 1.401738 0.619586 0.188454 0.578269 0.262227 0.266757 0.089534 -0.006323 
2.579951 -1.109307 1.741953 0.342777 -0.129053 0.287916 2.047505 0.507628 -0.865070 0.402012 0.394619 -0.062561 
3.250174 0.122055 0.915426 -0.398164 1.186469 0.860524 1.227876 0.881648 0.151567 0.252491 -0.002558 -0.037105 
3.182766 0.126263 1.375186 -0.970342 0.368760 0.841275 0.760694 0.760258 0.330261 -0.024836 0.239192 0.019501 
3.148046 0.418610 1.304695 -0.135366 1.398979 0.977175 1.616855 0.124714 0.651173 0.500804 0.209342 0.018310 
3.213049 0.749358 0.700664 -0.936338 1.104361 0.721031 0.688633 0.833450 0.192966 0.060378 0.091368 0.013892 
3.395544 0.688837 0.833658 0.212609 1.439936 1.205912 1.055129 0.848269 0.610911 0.187583 -0.070395 -0.006393 
3.368222 0.177171 0.787676 -0.917438 0.830967 1.233142 0.749387 0.614281 0.010847 0.130823 0.050850 -0.002440 
3.480522 0.320039 1.556428 -0.673746 1.117261 1.137023 1.495415 0.541848 0.563031 0.046367 0.208089 0.075180 
2.890227 0.553513 0.689955 -0.317228 1.379086 1.025661 0.433319 0.713184 0.488908 -0.025677 0.071814 -0.007198 
2.841337 0.590133 0.739852 0.001496 1.054825 0.702326 0.924946 1.428201 0.774070 0.156046 0.106049 -0.035870 
3.448080 0.288668 0.821713 -0.343924 1.140954 0.458696 0.405748 0.770066 0.390297 0.025391 0.189736 0.060698 
3.265051 0.536273 1.801218 -0.337272 1.910816 1.404898 1.485862 0.667523 0.317729 0.485841 0.033412 0.014969 
3.061326 0.627938 0.890416 0.046018 1.136459 1.140078 1.236453 1.117075 0.131073 0.208291 0.079253 -0.005042 
3.596415 0.411628 0.913655 -0.240311 1.179122 1.025043 0.750617 0.590657 0.304454 0.279366 0.078820 0.012638 
4.138743 3.080531 4.542322 5.035352 2.094107 0.511336 0.654307 1.374382 0.241893 0.070413 0.112551 0.081642 
3.513118 -0.409333 0.885981 1.315733 0.979751 1.164960 0.676249 0.772650 0.637527 0.026496 0.113169 0.034589 
1.710326 0.443950 1.894108 0.855994 0.888181 1.280802 0.729291 0.724735 0.264817 0.785485 -0.079323 -0.058583 
1.244714 1.193246 1.451483 1.552587 0.998137 1.644068 0.681089 0.626036 0.679432 0.560908 0.082178 -0.053460 
1.021373 1.049763 1.237134 1.426843 2.055510 1.221191 0.279551 1.010298 0.572852 0.381667 -0.010471 -0.030457 
1.422081 1.256118 1.126374 0.726023 -0.099357 -0.371094 -0.350597 -0.503519 0.464166 0.458231 0.072172 -0.003263 
1.507174 1.361188 0.649591 0.203840 0.505917 -0.396759 -0.763879 -0.362656 -0.043785 -0.012884 0.142657 0.014585 
1.901541 1.010685 0.356659 0.257366 0.095242 0.271349 -0.339598 -0.752355 -0.150733 0.412528 0.337097 0.019859 
1.430856 1.635920 1.217432 0.550196 0.297491 -0.170094 -1.010767 -0.579663 0.055003 0.331641 0.215754 -0.037400 
1.811195 1.032756 0.217122 0.648859 1.165201 -0.428183 -0.884840 -0.431044 0.176545 0.592686 0.107283 -0.018914 
1.372748 1.513783 0.999757 0.637352 1.003289 0.592777 -0.338368 -0.075070 0.080973 0.740170 0.062294 -0.002023 
1.209910 1.202137 0.610614 0.486373 0.835135 0.648222 0.057629 0.374175 0.903188 0.148826 0.099176 -0.031889 
1.135860 0.950383 0.782296 0.760783 1.095491 1.492370 0.387769 0.474310 0.646290 0.316431 0.224641 -0.064614 
0.826811 0.359252 0.601145 1.245375 1.494567 2.098673 1.649637 0.837935 1.007699 0.019160 -0.085154 -0.052215 
0.956720 0.668984 0.566321 0.708718 2.286053 1.160549 0.756815 1.255292 0.500095 0.278140 -0.032658 -0.023220 
0.853255 0.907579 1.340277 1.762868 1.240181 1.487472 0.652169 0.533391 0.710449 0.532978 0.102853 -0.074633 
0.780673 0.312445 1.268845 2.388214 2.264900 0.387019 1.171684 0.445483 0.534680 0.336802 -0.021399 0.016225 
0.876412 0.442860 1.957078 1.204694 1.895099 0.533098 1.401413 0.773412 0.983156 0.456823 0.166548 -0.098881 
0.903434 1.404413 1.283945 1.960984 0.492306 1.374969 1.031706 0.831186 -0.040001 0.134552 0.181554 -0.001133 
1.552735 0.632411 0.843373 1.352794 1.712403 0.699086 0.543345 1.052550 0.283305 0.077728 0.323382 -0.017371 
1.036341 0.833148 1.398320 1.218982 1.535342 1.041514 1.010093 0.872766 0.919175 -0.169277 0.019784 0.033133 
0.854274 1.141795 0.772986 1.216146 1.440689 1.148437 1.633758 1.122948 0.417279 -0.019781 0.111575 -0.008025 
1.538912 0.683807 1.571770 0.860149 1.490753 0.828253 1.283113 0.993445 0.632694 0.475290 0.028957 -0.021566 
2.412312 -0.113614 1.534246 0.444447 1.547999 0.875228 0.528256 0.840314 0.542260 0.550545 0.041571 -0.029395 
4.274936 0.040612 0.800881 1.673787 1.426241 1.038202 0.117654 0.589171 0.480307 -0.197951 0.405374 0.172991 
4.310197 3.465017 2.136934 0.950505 0.252344 0.221309 0.419415 0.540836 0.309343 0.014225 0.078406 0.015507 
3.318050 2.981505 2.635790 2.153076 1.489787 0.906351 0.617198 0.577546 0.469756 0.338016 0.255648 0.057611 
3.147554 2.661189 2.255523 1.847429 1.495935 1.232304 1.014565 0.840514 0.637150 0.441602 0.252035 0.056126 
3.221239 2.485413 2.190006 1.836167 1.999099 1.726514 1.475733 1.096397 0.892010 0.459316 0.080378 0.053015 
3.292778 2.038345 1.813919 1.845976 1.783310 2.040967 1.202831 0.739287 0.757865 0.384529 0.233032 0.054670 
3.702984 2.299204 2.192053 0.976115 1.932380 0.964548 1.335705 1.960300 1.070193 0.746320 0.302530 0.060440 
3.653845 2.666566 2.265401 1.362855 2.528434 2.147055 1.542008 1.334333 0.224743 0.071215 0.281478 0.067636 
-1.#IND00 -1.#IND00 -1.#IND00 -1.#IND00 -1.#IND00 -1.#IND00 -1.#IND00 -1.#IND00 -1.#IND00 -1.#IND00 -1.#IND00 -1.#IND00 
-1.#IND00 -1.#IND00 -1.#IND00 -1.#IND00 -1.#IND00 -1.#IND00 -1.#IND00 -1.#IND00 -1.#IND00 -1.#IND00 -1.#IND00 -1.#IND00 
