2.911495 0.506314 1.652816 -1.183333 1.710580 0.875917 1.575390 0.792160 1.050082 -0.070024 -0.063849 0.042104 
3.402712 0.378236 1.038866 -0.817239 1.876578 1.323772 -0.179254 0.737299 0.207337 0.261030 -0.022910 -0.040651 
3.180987 0.257369 0.543678 -0.989195 2.064692 0.475670 0.619114 0.959551 -0.090948 0.544077 0.355195 0.000598 
3.337430 0.681394 1.191965 -0.182263 1.264963 0.603367 0.608565 0.777144 0.290837 -0.231135 0.253789 0.055284 
3.625261 0.296386 1.279376 -0.261842 1.343629 1.009803 0.541576 0.645223 0.535015 0.215568 0.044441 0.016067 
3.088823 0.495606 0.715221 -0.224718 1.728015 -0.023406 0.002315 0.921440 0.631385 0.247786 0.276059 0.041094 
3.210205 0.355576 1.054411 -1.082945 1.463916 0.365183 0.679590 1.468652 0.799453 -0.274002 -0.018377 0.006036 
3.052308 -0.029143 0.637043 -0.325806 0.784345 0.876874 0.088632 0.437954 -0.046649 0.266788 0.240207 0.068213 
3.176870 0.048824 1.153580 -0.429775 1.353001 0.309555 0.401772 0.774009 0.749428 0.336908 0.059486 -0.019363 
3.095067 0.389122 0.876941 -0.234979 1.462030 0.050254 0.558046 0.842674 0.633227 0.075396 0.067908 0.043410 
2.810141 -0.586969 0.842291 -0.692002 1.751587 1.654473 -0.461395 0.318924 0.133244 0.043079 0.475683 0.084460 
0.230551 0.222729 -0.914885 0.139244 1.653359 1.544245 0.212634 -0.243806 -0.696708 0.775658 0.311367 0.004328 
3.306201 0.387751 0.749509 -0.816034 1.287097 0.372946 0.315557 0.681111 -0.052089 0.337564 0.231518 0.030016 
3.286186 0.243609 0.879619 -0.680740 0.890514 0.866710 0.596788 0.977182 -0.261621 0.287023 0.150158 -0.047269 
3.095238 0.441987 0.999655 -0.250245 1.067671 0.729978 1.183939 0.842194 0.457744 0.449121 -0.023670 -0.058628 
3.418652 -0.151742 -0.464700 -1.235207 1.784069 2.377910 1.105151 0.697836 0.178546 0.108031 -0.296928 -0.076441 
3.009190 1.659955 0.893022 1.092000 1.135330 0.604472 0.055208 -0.057533 -0.077957 0.167358 0.439055 0.037150 
3.717822 -0.089783 0.661520 1.519693 1.070615 1.151296 0.771519 0.545744 0.243406 -0.051103 0.383515 0.094105 
2.438873 -0.501874 1.656796 1.080708 0.845756 1.546787 1.142507 0.872863 0.729481 -0.073021 0.227216 0.012019 
1.540189 0.473923 1.948458 0.669895 1.645174 1.062952 1.176094 1.087697 0.506468 -0.157550 0.029769 0.023230 
1.280088 0.311201 1.497719 1.560057 2.040593 1.247887 1.515586 0.196546 0.990998 0.488325 0.016841 -0.066746 
0.954095 1.899581 0.907255 1.120730 0.671585 0.270582 0.462370 0.716027 0.324631 0.288771 0.015213 -0.018692 
1.598615 1.246275 0.961969 0.838556 0.149273 -0.103614 -0.195476 -0.031446 -0.117727 0.388871 -0.101855 0.003860 
1.557779 1.122863 1.080639 1.198877 -0.238353 -0.255372 -0.034518 -0.535251 0.270577 0.021261 0.086590 -0.006649 
1.928974 1.387101 0.327536 1.228345 0.118571 0.130236 -0.704611 -0.110743 -0.201307 0.578537 0.187840 -0.012980 
1.639495 0.840010 0.534695 0.549496 0.615056 0.590294 -0.607380 -0.506321 -0.261012 0.460484 0.104164 0.010222 
1.609562 0.918074 0.162858 1.110192 0.669351 0.018437 0.143689 -0.127271 -0.027043 0.333609 0.204144 0.011770 
1.671185 0.759008 0.335196 0.917541 1.290596 0.256850 0.303298 -0.119169 -0.013245 0.465553 0.114378 -0.006502 
1.468127 0.858202 0.791788 0.912462 0.946513 1.090351 0.142759 0.072318 0.393960 0.347078 0.110389 -0.052301 
1.443669 0.387629 0.045328 0.851875 1.562610 1.778893 0.854530 1.200478 0.249576 0.431371 -0.109737 -0.068404 
1.076486 0.737085 1.153113 1.280777 1.939326 1.126770 0.840844 0.498521 0.554248 0.060187 0.120063 -0.002215 
0.907427 0.553315 0.342766 0.373405 3.117725 1.708128 1.225219 0.004906 1.106687 0.179258 0.097540 -0.047905 
1.017367 0.612298 0.536422 1.414853 1.932621 0.738494 1.294090 1.092981 0.354681 0.654324 0.099526 -0.070384 
0.885955 0.657617 0.510944 2.301576 1.469072 1.199422 0.977431 0.757416 0.580763 0.328468 0.054852 -0.020974 
1.036795 1.191501 0.698363 1.057841 1.571764 1.620310 0.291994 1.541843 0.868290 0.295370 -0.036369 -0.026818 
0.955190 0.993515 0.442703 2.018584 1.526307 1.558334 0.853226 0.492064 0.298339 0.735976 0.039925 -0.030111 
1.052620 0.781907 1.707361 1.554581 2.023742 1.204175 0.939777 0.421435 0.403236 0.139385 0.212581 0.005924 
0.635108 0.862981 1.557756 2.108776 1.624016 2.323953 1.044121 0.124549 0.157956 0.333927 0.405703 -0.053214 
1.309099 0.975089 1.629416 1.248918 1.768554 0.633002 1.076587 0.357566 0.812187 0.378171 0.151488 -0.029324 
2.085943 0.174609 1.440154 0.663137 1.731373 0.898357 1.099570 1.097592 0.169300 0.191114 0.057945 0.000483 
2.477140 -0.138094 1.967214 0.226132 2.040954 0.850947 0.956096 0.041840 0.432240 0.577370 0.354966 0.013455 
5.748591 -2.570989 3.203981 -0.298391 1.422441 1.169126 0.274894 1.308292 0.345962 0.108667 0.175328 0.084824 
7.018541 -1.060126 -0.325213 2.292039 0.328152 1.256430 1.581689 0.837787 0.333998 0.475826 0.265619 0.036176 
5.445904 1.821039 -0.466158 0.600514 1.298703 0.508006 0.351268 0.813744 0.617186 0.092266 0.013521 0.012675 
5.143360 2.225268 -0.115639 0.321477 1.146482 0.582359 0.259404 0.951867 0.791017 -0.122822 0.085734 0.046037 
6.456295 3.493260 -0.113121 -0.785476 0.907421 1.526464 0.527157 0.163736 0.329384 0.047209 0.304803 0.129832 
3.801033 3.630965 3.148259 2.588300 2.045781 1.037297 0.562472 -0.076447 0.115053 0.137786 0.220332 0.039536 
3.953126 2.749173 2.729674 2.421742 2.946405 2.868210 1.899716 1.002980 0.413452 -0.197719 0.096435 0.049527 
-1.#IND00 -1.#IND00 -1.#IND00 -1.#IND00 -1.#IND00 -1.#IND00 -1.#IND00 -1.#IND00 -1.#IND00 -1.#IND00 -1.#IND00 -1.#IND00 
-1.#IND00 -1.#IND00 -1.#IND00 -1.#IND00 -1.#IND00 -1.#IND00 -1.#IND00 -1.#IND00 -1.#IND00 -1.#IND00 -1.#IND00 -1.#IND00 
