-0.181064 0.228846 0.195251 0.068560 0.174090 0.280273 0.211330 0.210295 -0.272645 0.037131 -0.107733 0.100545 
0.017683 0.096234 -0.007681 -0.455435 0.155891 -0.027951 -0.289199 0.053997 -0.040910 0.279033 -0.162086 0.011037 
0.074346 -0.172577 -0.192069 0.409983 0.241153 0.142734 0.336581 0.131868 0.209202 -0.228020 0.319705 -0.041450 
3.003300 0.754601 1.450099 -0.807437 1.222101 0.734999 0.948237 0.812750 0.011612 0.596681 0.154390 -0.006470 
3.026050 0.727121 0.913551 -0.772499 1.595702 0.653610 0.432780 0.244366 0.713262 0.317822 0.176528 0.040190 
3.281680 0.145179 1.308825 -0.510000 1.211842 1.812294 0.868322 1.099014 0.348406 0.183687 0.004722 -0.021773 
3.079981 0.366396 0.898674 -0.929836 1.093534 1.709015 0.568179 1.041698 0.230459 -0.087498 0.051128 -0.006317 
3.333180 0.156380 0.953994 -0.227869 1.481944 2.055140 1.108143 0.649522 0.597327 0.049560 0.119472 0.028853 
2.915414 0.233476 0.406754 -0.045216 1.126926 0.062435 0.514747 0.495543 0.269905 0.152825 0.145747 0.028570 
3.179129 0.874391 1.411362 -0.124497 1.666636 1.275532 0.569808 0.883768 0.530687 0.247569 0.138138 -0.021616 
3.090831 0.470559 1.072462 -0.605615 1.346998 1.291145 0.850262 0.912969 0.544095 0.429283 0.203939 -0.015935 
3.320014 0.397833 1.103848 -0.802495 0.992972 1.045163 1.328943 0.722335 0.732645 0.061467 0.075041 0.006339 
3.340837 0.311124 0.601485 -1.035115 1.249622 0.183137 0.612344 0.590684 0.216635 0.110610 0.098147 0.014617 
3.194034 -0.095921 0.427074 -0.739265 0.569378 1.238745 0.094678 0.015484 -0.091041 0.095101 0.334086 0.039895 
3.181186 -0.146106 0.790584 -0.688399 0.807145 0.187702 0.432996 0.599098 0.295981 0.225647 -0.008674 0.010828 
3.200090 0.362080 0.307835 -0.676082 0.800909 0.832593 0.212640 0.979081 -0.131797 -0.129422 -0.092154 -0.038171 
5.184302 3.369258 4.505734 2.622025 0.827245 0.287637 -0.076097 -0.152474 0.828479 0.803256 0.153782 0.103691 
7.090124 -2.344482 1.636240 0.960172 0.736436 1.410684 0.629111 0.194578 0.818483 0.527738 0.115064 0.109715 
3.039559 -0.640331 2.027723 0.947941 1.041559 0.959478 0.648938 1.343585 0.558744 0.413297 0.003002 -0.075629 
1.595336 0.715600 1.602820 0.998396 1.478265 0.614818 0.889745 0.935836 0.933195 0.222917 0.038936 -0.032117 
1.317063 0.830911 0.884405 1.542375 1.209188 1.474857 1.314938 1.067933 0.471257 -0.137145 0.311343 -0.059229 
1.069285 1.069997 1.007275 1.362924 1.762475 1.990720 1.179849 0.720608 0.285680 0.308286 -0.089432 0.022661 
1.131608 1.340212 1.241029 1.168083 0.558387 1.551162 1.417211 0.515581 0.402159 0.502427 0.219044 -0.109660 
1.132287 1.410991 2.031585 0.839655 -0.172868 -0.294507 -0.434239 0.314670 0.927354 0.389556 -0.006552 0.022395 
1.538459 1.482644 0.893808 0.276453 -0.267902 -0.464456 -0.675520 0.157413 -0.252824 0.097774 0.201768 0.007933 
1.567100 1.160059 1.100310 -0.163190 -0.087113 0.161902 -0.673237 -0.089922 -0.564138 0.016383 0.178386 0.024121 
1.578288 0.950951 1.080505 0.718645 0.331639 0.148769 -0.601481 -0.524785 0.083826 0.024791 0.035398 -0.000575 
1.458504 0.531737 0.326290 0.989584 0.909028 0.685096 0.749157 -0.072255 0.573960 -0.020638 0.038227 -0.047840 
1.396073 0.690352 0.052152 0.580389 1.894202 1.979607 0.880280 -0.087953 1.036355 -0.268926 -0.058670 0.006104 
0.805133 0.571598 0.399619 1.808079 2.004234 1.512763 0.794256 0.895575 0.745707 0.082066 0.186597 -0.080790 
0.989838 0.907855 1.286196 1.252857 1.355605 1.236065 0.571251 1.133994 1.192870 0.519248 0.075064 -0.084236 
0.929277 0.357472 1.378490 1.813178 1.244206 1.462026 1.306745 1.019644 0.806744 0.152700 -0.041124 -0.004958 
0.993778 1.321555 0.835127 1.526084 1.450311 1.259822 0.591697 1.228688 0.937613 0.347198 0.019300 -0.031497 
1.589746 0.765617 0.634893 1.428667 1.115265 1.177370 1.542162 0.866435 0.216590 -0.002174 0.362484 -0.029321 
1.016806 1.262528 1.217126 0.351172 1.345466 0.825090 0.994968 1.047817 0.349343 -0.069885 -0.010280 0.027328 
0.927793 0.824963 1.230450 1.135112 0.876582 2.083067 1.282405 1.207109 0.237358 0.557368 -0.222077 -0.000693 
0.820219 1.330519 1.482070 0.777735 1.447212 0.988806 1.054993 0.930202 0.966841 0.111717 0.031153 -0.001666 
1.100220 0.944386 0.895387 1.215087 1.847232 1.544360 1.331994 0.765579 0.154215 0.194165 0.235451 -0.006312 
2.899578 -0.636250 1.766409 0.413930 1.107447 1.098312 1.186806 1.407747 0.895250 0.330615 0.171381 -0.033090 
4.365551 -0.565729 0.450995 1.276843 0.777168 1.368583 0.826912 0.544224 0.605507 0.258568 -0.148151 -0.037215 
4.477502 -2.095439 2.586590 0.134420 1.851788 0.773996 0.948535 1.183455 0.445932 0.389177 0.036859 0.024113 
4.364768 -2.031170 2.280693 0.056764 2.138595 0.988254 1.871666 1.377274 0.247419 0.464486 0.012440 0.014129 
5.165917 3.836508 1.550045 -0.033205 -0.042870 0.550751 0.813206 0.635180 0.359554 0.249771 -0.093108 -0.046976 
6.183546 2.689203 -0.485580 0.111788 1.617260 1.212695 0.399471 0.583391 0.892739 0.736769 0.388268 0.058092 
3.785553 3.223051 2.262913 1.262302 0.665260 0.467210 0.671184 0.650319 0.405941 0.227025 0.072361 0.021003 
3.287240 2.789226 2.218233 1.519458 0.931745 0.633485 0.601135 0.648511 0.627962 0.473962 0.272669 0.056561 
3.196951 2.764703 2.671106 2.357769 2.210237 1.615467 1.361718 1.018591 0.483632 0.247906 0.133978 0.045891 
2.941829 2.213969 1.519454 1.686873 1.577501 0.975892 0.830245 0.671196 0.443120 0.283922 0.295942 0.042144 
-1.#IND00 -1.#IND00 -1.#IND00 -1.#IND00 -1.#IND00 -1.#IND00 -1.#IND00 -1.#IND00 -1.#IND00 -1.#IND00 -1.#IND00 -1.#IND00 
-1.#IND00 -1.#IND00 -1.#IND00 -1.#IND00 -1.#IND00 -1.#IND00 -1.#IND00 -1.#IND00 -1.#IND00 -1.#IND00 -1.#IND00 -1.#IND00 
