3.279443 0.249783 0.667974 -1.276508 1.231765 1.488023 0.760555 0.488246 -0.292675 -0.115653 -0.011950 -0.031151 
3.425822 0.554431 0.988431 -0.226194 0.840812 1.003378 0.776688 0.782911 0.450397 -0.213503 0.174594 0.050354 
3.454178 0.585437 0.581535 -0.946688 0.680415 1.209259 0.107078 0.889256 0.105187 0.285110 0.199793 -0.012023 
3.217904 0.510526 -0.063775 -1.076801 0.675590 0.453567 0.324356 0.793981 0.486115 0.408726 0.059660 -0.051142 
3.303411 0.591573 0.748081 -0.181703 1.686288 0.286717 0.780777 0.767168 0.197918 0.342020 0.038194 0.014837 
3.288458 0.431061 1.158196 -1.302009 1.299212 1.042756 0.994435 1.152823 0.242218 0.124159 0.087072 -0.019028 
3.398717 0.423416 1.251175 -0.573926 1.403193 1.209674 0.425651 0.687082 -0.037818 0.352172 0.143662 -0.007793 
3.222699 0.851482 1.281603 -0.635620 1.278766 1.322398 0.949814 0.864187 0.245367 0.339657 0.255441 0.002433 
3.291221 0.360953 0.996898 -0.949599 0.668096 0.362568 0.852386 0.505009 -0.135012 0.020075 -0.034025 -0.022647 
3.357339 0.680820 0.780733 -0.444882 1.657025 0.959709 0.846904 1.047367 -0.174659 -0.113693 0.237446 0.009950 
3.280586 0.235465 0.608235 -0.957763 1.352751 1.207707 0.549272 1.213288 0.479133 0.109868 0.261452 0.025327 
3.528880 0.532531 1.384673 -0.046314 1.022123 1.805145 0.854382 1.001513 0.817272 0.027828 0.045835 0.020110 
3.294536 0.381427 1.013005 -0.289052 0.695467 1.328304 0.279672 -0.073481 0.340242 0.238914 0.190487 0.030972 
3.132003 0.293976 0.958105 -1.075713 1.866378 0.737799 0.031686 0.019525 0.399535 0.313263 -0.047594 0.009533 
3.573665 0.126680 1.229157 -0.180456 1.528073 0.763289 0.646683 1.038025 0.254035 0.320766 0.330182 0.007396 
3.285896 0.841311 0.722331 0.083729 1.155585 0.718807 1.373083 1.775932 0.262492 0.359877 -0.162770 -0.045671 
3.246956 0.465700 0.881922 0.383929 1.427872 1.321246 0.807459 1.084993 -0.064410 0.166422 0.310474 0.012322 
3.223329 0.744404 1.398807 0.109096 1.224509 0.836759 0.401982 0.585407 0.371127 0.266527 0.361392 0.055544 
4.674509 0.329355 -0.620405 1.850496 0.951247 0.780380 0.664554 0.244744 0.824917 0.250140 0.225212 0.022584 
3.875483 -0.749093 1.063451 1.439240 1.160999 0.996258 0.453687 0.792557 0.672374 0.100317 0.119955 0.034080 
2.929320 -0.295905 1.696149 0.941046 1.016837 0.945855 0.987320 1.138768 0.296631 0.271847 -0.053028 -0.051219 
1.603695 -0.075515 1.295074 1.196652 2.072859 1.785530 1.855465 0.965536 0.334366 -0.061287 0.172401 -0.003170 
1.351928 0.503949 1.281882 1.078760 1.663644 1.372975 1.528509 1.181955 0.568113 0.181110 -0.042174 -0.024361 
1.284110 1.658437 0.444924 1.261422 1.568339 0.787266 1.222470 1.055277 0.346495 0.436695 -0.062118 -0.032102 
1.292261 1.510000 0.754165 1.123911 0.425167 -0.936889 -0.518471 0.089516 0.321314 0.557044 0.140966 -0.061825 
1.648479 1.646133 0.819233 -0.411366 -0.050937 -0.596626 -0.711727 -0.739978 0.119676 0.482149 0.039971 0.039474 
1.157697 1.713359 1.438296 -0.427085 -0.617922 -0.475250 -1.435911 -0.092560 -0.118603 0.252905 0.047576 0.035100 
1.480722 1.478442 0.635643 0.322057 -0.048572 -1.197133 -0.396890 -0.020751 -0.247580 0.221022 0.302384 -0.009287 
1.520586 0.963829 0.825544 0.683141 0.479095 -0.290379 -0.332716 -0.871707 0.053529 0.166848 0.076098 -0.016121 
1.527535 1.379238 0.601003 0.254068 0.135915 0.936262 0.246723 -0.465091 0.253276 0.062042 -0.162596 0.012679 
1.315350 0.659013 0.133427 0.506805 1.097652 1.571397 0.872443 0.585640 0.705048 -0.010235 0.013502 -0.065348 
1.136930 0.465916 0.760715 1.547305 3.139126 0.445538 0.490369 0.960495 0.121885 0.411857 0.093651 -0.023918 
1.016375 1.373604 1.176360 1.130581 2.072785 0.950367 0.542445 0.552486 1.171176 0.781016 0.060647 -0.075958 
0.879036 1.083257 1.526523 1.410378 1.173532 0.812512 1.424115 0.955684 0.678400 0.232805 0.076115 -0.031939 
0.968369 1.505326 1.322709 0.315609 2.119867 1.628674 0.711152 0.920794 0.477682 0.035167 0.300677 -0.075671 
0.994299 1.294853 0.785483 1.113860 2.194904 1.391975 1.753881 1.041147 0.237846 0.057354 0.027116 -0.006604 
0.986113 0.349601 1.464720 0.846544 2.172142 2.103221 0.461778 0.858925 0.605276 0.738609 -0.187614 -0.077306 
0.762420 0.689402 1.690845 1.106055 1.986060 1.525764 0.676684 0.619212 1.232516 0.141576 -0.030090 -0.046703 
0.930013 1.251320 1.352014 1.094016 1.458818 0.911862 1.261590 0.903641 0.169931 0.419907 0.129140 -0.042262 
2.246628 0.200012 1.653297 0.691548 0.886331 0.807640 0.486547 0.728513 0.428390 0.725011 0.058882 -0.022338 
2.068556 -0.056679 1.952235 1.029753 1.562570 1.616279 0.890443 0.927000 0.377300 0.214135 0.358637 -0.013521 
3.974102 -0.164977 0.353063 1.600621 1.085861 1.297494 0.665239 0.271993 0.638193 0.096110 0.099171 0.044275 
3.696708 -0.479789 1.052298 1.279862 1.351790 1.196513 0.860665 0.997119 0.281327 0.284156 0.287194 -0.008987 
4.563279 -0.240536 0.370012 2.004536 0.932576 0.984382 1.370232 0.699892 0.684621 0.608465 0.005999 -0.114967 
4.891535 3.293787 1.156946 0.001405 0.065924 0.686297 0.980274 0.621514 -0.065369 -0.403564 0.056444 0.039373 
4.875191 3.660334 1.822398 0.513382 -0.069034 0.192205 0.652138 0.745705 0.467999 0.204106 -0.084803 -0.052425 
3.655120 3.105948 3.221698 3.002256 1.943334 0.928659 0.515697 0.294454 0.145420 0.085297 0.190962 0.020750 
5.591865 4.198585 3.915491 2.729704 0.172267 -0.426868 1.522921 -0.139536 0.526365 -0.032554 0.278710 0.073894 
-1.#IND00 -1.#IND00 -1.#IND00 -1.#IND00 -1.#IND00 -1.#IND00 -1.#IND00 -1.#IND00 -1.#IND00 -1.#IND00 -1.#IND00 -1.#IND00 
-1.#IND00 -1.#IND00 -1.#IND00 -1.#IND00 -1.#IND00 -1.#IND00 -1.#IND00 -1.#IND00 -1.#IND00 -1.#IND00 -1.#IND00 -1.#IND00 
