3.085261 0.791962 1.132570 0.306713 1.491993 1.267888 0.584513 1.368881 0.271453 0.236988 0.231685 0.001987 
3.369520 0.970296 0.840224 0.146258 1.680131 1.200616 1.399076 1.152617 0.250925 0.327962 0.331333 0.039821 
3.282422 0.666438 1.333944 0.182794 1.449028 0.491477 0.605839 0.676707 0.477603 0.176519 -0.035906 0.013057 
3.676864 0.520387 0.853337 -0.055277 1.211301 0.479121 0.914708 1.463200 0.736864 0.111899 0.237972 0.052166 
3.204123 0.488082 1.090216 0.118559 1.086880 1.566456 0.943792 0.728879 0.344735 0.205075 0.349505 0.033375 
3.301230 0.381583 1.010739 -0.610628 1.406268 1.374235 1.750528 0.601477 0.066456 0.098130 -0.076407 0.026593 
3.415812 0.655815 0.952034 -0.036290 0.984211 1.045826 0.513767 0.533908 0.676763 0.401834 0.216447 0.035479 
3.377368 0.353785 1.011132 -0.390506 1.423955 1.662889 0.460429 1.234452 0.447157 0.075681 0.261496 0.019659 
3.188886 0.214505 1.055960 -0.664783 0.639176 0.438387 0.597299 0.689598 0.275174 -0.219728 0.261879 0.066030 
3.287376 0.496358 1.138832 -0.117562 1.230237 1.275539 1.276616 0.906459 -0.053875 0.280655 0.196757 -0.019736 
3.167134 0.193271 0.626995 -0.837597 0.822961 0.901417 0.687537 0.823544 -0.075603 0.543038 0.081944 -0.056931 
2.996475 0.273789 0.887721 -0.775755 1.004628 0.916633 0.729334 1.217190 0.145238 0.233464 0.046563 -0.055407 
3.220684 0.081952 0.820952 -0.625536 1.321334 0.922327 0.943939 1.695884 0.575622 0.387438 0.062126 -0.065525 
3.268006 0.357460 1.125435 -0.151643 1.477345 1.494494 1.660413 1.132401 0.686325 0.042140 0.080067 0.023643 
3.441116 0.700982 1.015062 -0.712971 1.161191 0.884953 0.593484 1.292670 0.538661 0.230907 -0.010920 -0.040236 
3.278372 1.452626 1.403971 0.616892 1.430026 1.425061 1.820124 1.073704 0.370339 0.640660 0.257538 0.017448 
5.979197 -0.236589 -0.169851 1.805869 1.340287 0.745201 1.282120 1.102822 0.398968 0.094569 0.095005 0.033679 
3.345532 -1.281228 2.069165 0.218724 1.803784 0.364600 1.402550 0.704677 0.552596 0.681039 -0.102258 -0.025462 
2.279695 -0.239101 2.078858 0.666291 1.083350 1.000437 0.874811 1.320322 0.917988 0.391262 -0.018888 -0.059049 
1.449065 1.010872 1.394286 1.352029 0.479867 1.601423 1.099555 0.898721 0.074354 0.237065 0.020076 -0.008682 
0.834678 1.279486 0.713174 1.685978 1.578921 1.498117 1.347672 0.904663 0.350308 0.156388 0.293114 -0.081054 
0.780704 0.848385 1.908484 1.139119 0.533191 1.522530 1.718989 1.057934 0.515809 0.183856 0.151178 -0.092125 
1.321031 0.603357 1.405284 1.260012 0.907098 1.083319 0.678909 0.001403 0.059747 -0.113740 0.033966 0.048854 
1.461270 1.140415 1.182302 0.498382 0.746995 0.014522 0.035064 -0.440496 -0.001282 0.108485 0.108285 0.035673 
1.520277 1.694064 0.760797 0.173728 0.299680 -0.779064 -0.996768 0.078123 -0.224885 -0.033117 -0.140930 0.038241 
1.652632 1.197217 0.814427 0.051601 -0.157819 0.022399 -0.576266 -0.482962 -0.280974 0.016919 -0.099244 0.012633 
1.942038 1.054555 -0.332342 -0.043268 0.199884 0.666641 -0.239974 -0.166377 -0.342489 -0.037229 -0.168362 -0.014093 
1.096937 1.377496 0.710932 0.106726 1.706224 0.214108 0.241184 0.022675 -0.030190 -0.297207 -0.212772 0.030315 
0.810039 0.778733 0.521185 1.013677 1.023088 2.007734 1.860325 0.580405 0.859361 0.020238 -0.313415 -0.025289 
0.908876 0.480746 0.596258 0.749149 1.905820 1.984616 2.007766 0.557935 0.638020 0.278330 -0.252569 -0.018167 
0.748947 1.124630 1.096073 0.549874 2.359342 1.373009 1.185342 0.618851 1.317117 0.252731 -0.066632 -0.043542 
0.864271 1.126411 1.108963 0.690069 2.460168 1.386070 1.495995 0.219342 0.385230 0.341583 0.238030 -0.033239 
0.794739 0.945719 0.965254 2.172142 1.715967 0.273139 1.975099 1.151212 0.509223 0.504327 0.027031 -0.031950 
1.039707 1.160503 1.284092 1.415102 0.885641 1.454190 0.597923 1.371703 0.881214 0.421431 0.138406 -0.080265 
0.541798 0.969213 1.052985 1.783328 1.722639 1.930922 1.819584 1.112658 0.433787 0.064346 0.112279 -0.014393 
0.632194 1.610376 0.979526 2.020006 1.097335 0.974199 0.746549 1.042831 0.916066 0.476565 0.105256 -0.071575 
0.795925 1.248976 0.674636 0.946525 1.775213 1.439956 0.566000 1.182218 0.784895 0.328173 0.251167 -0.086975 
1.199264 1.122653 0.440025 2.000702 1.553519 2.036587 0.887623 0.368863 0.842217 0.452606 0.097770 -0.030489 
1.870942 0.169742 1.779016 0.661704 1.080773 0.600423 0.828797 1.083018 0.449068 0.310967 -0.192762 0.018955 
3.019637 -0.896786 2.527679 0.591768 1.329064 0.194675 0.799118 0.612404 1.080627 0.673538 0.087776 -0.022508 
5.504507 -2.117648 2.743365 0.227749 1.429613 1.005269 -0.012046 0.840368 0.589973 0.218145 0.251485 0.085195 
5.916817 2.006720 0.515775 0.739882 0.995382 0.767612 0.085401 0.199035 0.875627 0.140956 0.169586 0.090964 
3.152125 2.027384 1.071727 1.061836 0.696216 0.373220 0.566437 1.024737 0.574542 0.393765 0.399616 0.029458 
3.378477 0.845650 0.196596 0.519515 1.057488 0.675978 0.342756 0.151520 -0.283105 -0.123307 0.118791 0.084152 
3.851783 0.898912 -0.150645 0.848127 1.406018 0.464632 0.410642 0.535819 0.063253 -0.006807 0.289509 0.098896 
3.750501 1.701195 0.501321 0.885851 2.066066 1.384054 0.752195 0.874651 0.545755 -0.411857 -0.158975 -0.004706 
3.494545 3.167297 2.721330 2.088113 1.342312 0.647387 0.265423 0.175778 0.040086 0.232834 0.354214 0.053177 
4.038329 1.977451 1.841374 1.767703 1.662254 0.472602 -0.089818 0.754025 1.030157 0.620136 0.404068 0.078138 
-1.#IND00 -1.#IND00 -1.#IND00 -1.#IND00 -1.#IND00 -1.#IND00 -1.#IND00 -1.#IND00 -1.#IND00 -1.#IND00 -1.#IND00 -1.#IND00 
-1.#IND00 -1.#IND00 -1.#IND00 -1.#IND00 -1.#IND00 -1.#IND00 -1.#IND00 -1.#IND00 -1.#IND00 -1.#IND00 -1.#IND00 -1.#IND00 
