3.147977 0.700951 1.256128 -0.478257 1.801266 1.044665 0.251833 0.610984 0.361236 0.247706 0.124685 -0.005939 
3.445602 0.586740 0.741056 -0.697693 1.276451 0.517931 1.258447 1.276646 0.294745 0.396716 0.135226 -0.029567 
3.290202 0.412624 1.084942 -0.629654 1.492062 1.029247 1.818949 1.316340 0.092836 0.348470 0.058428 -0.028147 
3.781152 0.625928 0.819478 -0.889071 1.207187 1.154144 1.099050 0.702090 0.631062 0.229568 0.078064 0.017577 
3.317570 0.461013 1.161976 -0.720892 1.045190 0.844390 0.947053 0.928960 0.888521 0.054086 0.103146 0.029007 
3.288058 0.474173 1.350105 -0.600576 1.122964 -0.061119 0.314417 0.939090 0.151999 0.474745 0.253805 -0.004679 
3.518257 0.818474 0.603366 -0.827372 1.073351 1.212369 0.905209 0.344205 0.078063 0.618565 0.039096 -0.000933 
3.358623 0.421986 0.727616 -0.541775 1.193200 0.868308 1.238663 0.512649 0.334467 0.254826 0.171816 0.032341 
3.501501 0.591944 1.083771 -1.050550 1.802691 0.718273 0.661932 0.840486 -0.036001 -0.033462 0.233062 0.052547 
3.018596 0.250056 0.823751 -0.440053 0.923561 0.184123 0.304685 0.718733 -0.163140 0.374682 0.112605 -0.058366 
3.318915 0.470151 0.590913 -0.521577 0.729564 1.220362 0.116805 0.276314 -0.062382 0.351107 0.219494 0.033823 
2.985171 0.037054 0.818696 -0.199731 0.615628 0.738221 0.821458 0.933866 0.510814 0.197693 0.056655 -0.036087 
3.337677 0.504459 1.187624 -0.511013 1.419224 1.048817 0.764276 0.723622 0.428061 0.627131 0.212251 -0.021116 
3.208814 0.656759 1.196584 0.030928 1.655804 0.982417 1.065948 1.344801 0.468045 0.205511 0.077527 0.004764 
3.119302 0.642730 1.281489 -0.633945 1.393631 0.970033 0.991542 0.900900 0.407393 -0.080020 0.075508 0.030911 
3.268777 1.230080 1.921566 1.734714 1.826297 0.847827 1.169116 1.497192 0.253116 0.601570 0.254451 0.023199 
6.589605 -3.069647 2.740942 0.280900 1.064001 2.104623 0.463643 0.823495 1.111943 0.249911 -0.155598 0.002333 
2.987856 -0.698063 2.064492 0.721064 1.179680 0.775582 1.122402 0.011288 0.538159 0.285706 0.146494 0.040722 
1.901163 0.034026 1.992459 0.887015 1.420682 0.873159 0.754770 0.956101 0.505648 0.302776 -0.072664 -0.010063 
2.049181 -0.205998 2.185517 0.888056 1.865847 1.402749 1.415464 0.554271 0.222918 0.117030 0.295357 -0.011203 
0.888955 0.648816 0.528416 1.731784 1.909859 2.464237 1.189708 0.616589 0.602153 0.324549 0.078351 -0.073796 
1.017310 1.052760 0.929625 1.367850 1.481714 1.446649 0.965207 1.103269 0.626173 0.098520 -0.009085 -0.020499 
0.984224 1.359622 1.375477 1.401580 0.303938 1.024831 0.839357 0.994794 0.339408 0.636941 0.166030 -0.102763 
1.513425 0.818961 1.500198 0.786858 0.373731 -0.456837 -0.231253 -0.142068 0.050094 0.075282 -0.069767 -0.005158 
1.788332 1.425443 0.183946 -0.144154 0.043672 -0.364489 -0.736220 -0.542585 0.249968 -0.053006 -0.049097 -0.006228 
1.635483 1.595001 0.429628 -0.028964 0.057728 -0.086887 -0.671828 -0.331241 -0.296780 0.261008 0.339890 -0.044570 
1.330088 2.128274 0.842616 0.420045 -0.942686 -0.593688 -0.336945 -0.146499 0.095479 0.134817 0.041983 0.019116 
1.677834 1.186309 0.343933 1.187246 -0.146268 0.848705 0.028908 0.020018 -0.096108 -0.066975 -0.037915 -0.016047 
1.478696 0.870116 -0.091897 0.694568 1.381988 1.535388 0.130176 0.111502 0.672057 0.252361 -0.089805 -0.088854 
1.416740 0.761680 0.334487 0.868925 1.260770 1.438309 0.996329 0.959640 0.495760 0.122205 -0.164764 -0.061464 
0.923207 1.079693 0.368406 1.812155 1.121131 1.873431 0.331383 0.785001 0.625972 -0.020363 0.050531 -0.080527 
0.747153 0.668770 1.083363 1.869531 1.548145 1.806391 0.920331 0.743236 0.203571 0.458340 -0.050784 -0.072933 
0.689180 0.970932 1.442013 1.231788 1.207146 1.697185 1.169665 0.751595 0.740077 -0.103779 0.165433 -0.074106 
0.750957 0.987998 1.441517 1.261070 1.998246 0.354276 1.408805 1.518215 0.467060 -0.001507 0.095009 -0.045721 
0.451031 0.485085 1.883790 1.355702 2.122684 1.881577 0.544977 1.188555 0.839417 0.325966 -0.328132 0.025238 
0.387036 0.668212 2.130510 1.612794 1.682329 1.242250 1.130928 0.797861 1.165085 0.192030 -0.010388 -0.051436 
0.774566 1.406024 1.611095 1.557050 1.462149 0.447438 0.981314 0.568699 1.114495 0.374685 0.133695 -0.071666 
1.019156 1.005641 1.503045 0.929873 1.832019 1.246282 1.358262 1.014864 0.576297 0.111451 0.140168 -0.011839 
0.849609 1.017416 1.144436 1.531704 1.288640 1.649011 1.155250 0.916728 0.653108 0.319035 0.059993 -0.022577 
1.130076 1.231308 1.631967 2.049194 1.773785 0.687118 0.375396 0.202992 0.909780 0.754338 0.184807 -0.084230 
4.742050 -0.796083 0.683685 1.594773 0.407543 1.397428 1.014847 0.475572 1.087906 0.379934 0.107479 0.079419 
4.172249 -1.131541 1.871369 0.979959 1.687584 0.846824 0.477088 0.907298 0.192985 0.283825 0.412309 0.017000 
4.444857 -0.705612 1.109936 1.197314 0.941437 1.060614 0.768051 0.729429 0.846221 0.202893 -0.037760 -0.003593 
4.895964 0.830983 0.348169 1.151462 0.842798 1.128451 0.512320 -0.010824 0.332604 0.536517 0.220387 0.000291 
5.374574 1.778949 0.009889 0.843916 1.245478 0.654993 0.355987 0.865176 0.739558 0.341841 0.155924 0.034442 
4.414225 3.212454 1.723223 0.951466 0.530495 0.471627 0.434448 0.307758 0.350477 0.350845 0.076909 0.021593 
4.541236 3.368440 1.822623 0.545667 0.393591 0.579575 0.887763 0.534576 0.437474 0.234090 0.175726 0.038370 
5.082404 4.151821 3.552195 2.687881 1.311252 0.020308 -0.026634 1.137289 0.502395 0.169018 0.219785 0.086270 
-1.#IND00 -1.#IND00 -1.#IND00 -1.#IND00 -1.#IND00 -1.#IND00 -1.#IND00 -1.#IND00 -1.#IND00 -1.#IND00 -1.#IND00 -1.#IND00 
-1.#IND00 -1.#IND00 -1.#IND00 -1.#IND00 -1.#IND00 -1.#IND00 -1.#IND00 -1.#IND00 -1.#IND00 -1.#IND00 -1.#IND00 -1.#IND00 
