3.245626 -0.135598 0.704242 -0.438772 1.966518 0.565961 0.277982 0.000257 0.982728 0.163347 0.160417 0.050959 
3.244377 0.732847 1.095580 -0.158048 0.804021 1.053292 1.194824 1.311003 0.756380 0.190389 0.043462 -0.017526 
2.964618 0.893861 1.035140 0.454904 1.667021 1.539061 1.417836 0.939157 0.355598 0.514759 0.142126 0.005865 
3.341879 0.722109 1.332677 0.123232 0.841525 1.310642 2.045743 1.245105 0.800739 0.407197 0.134097 -0.013095 
2.871806 -0.220427 0.917668 -0.794631 0.981821 0.593900 0.352222 0.568851 0.165016 0.200827 -0.069820 -0.055324 
3.215178 0.399603 1.168669 -0.523151 1.811617 0.915756 0.404786 0.924010 0.682003 0.531539 -0.107973 -0.072594 
3.305321 0.192772 0.310601 -1.250012 0.581449 0.472862 0.141464 0.457929 0.292052 0.191110 -0.108343 -0.002715 
3.124776 0.452306 0.918917 -0.502574 1.248446 0.604136 0.357109 1.003765 0.074063 0.311896 0.227202 -0.035581 
3.262351 0.804316 1.234856 0.184874 1.317696 0.541824 0.956059 1.233755 0.097945 0.628141 0.246564 -0.017474 
3.230982 0.598647 0.712955 -0.641453 1.106255 1.105877 0.110177 0.553496 -0.000101 0.338679 0.411769 0.046799 
3.149380 0.154857 1.184966 -0.822579 0.753282 1.108133 0.841478 1.281242 0.371746 0.291387 -0.097628 -0.073658 
3.246560 0.269668 1.175764 -0.488935 1.278133 1.422982 0.389471 0.797629 0.187440 0.579678 -0.069502 -0.080923 
3.476956 0.571471 1.460224 -0.630304 0.343971 0.879244 1.155468 0.865071 -0.180981 0.272913 0.094468 0.001724 
3.305124 0.373987 1.023997 0.029076 1.376268 0.599330 0.752081 0.513034 0.317796 0.557298 -0.000823 -0.028527 
3.097764 0.290850 0.603339 -0.748903 0.918568 0.804216 0.040092 0.755321 0.255157 -0.202681 0.130134 0.046011 
3.245964 -0.120105 -0.053040 -0.659853 2.287002 2.035653 0.886218 -0.088610 0.174997 0.529260 0.350659 0.019130 
3.429682 0.381578 1.175842 -0.716666 0.952134 0.878718 0.830361 0.414823 -0.214724 0.716047 0.113753 -0.031502 
3.232478 0.647372 0.779197 -0.869329 1.141895 0.791327 1.063793 0.554738 0.268688 0.356236 0.027708 -0.006960 
3.181452 0.412530 0.872051 -0.955262 0.622939 0.661038 0.295860 0.481097 0.078687 0.138185 0.236062 0.058493 
3.467474 0.282295 0.664710 -0.682321 1.027095 1.084620 0.876379 0.717379 0.666785 0.401817 0.127242 -0.012166 
3.223841 2.228133 2.497097 3.707340 2.468984 1.240332 1.445287 1.246168 0.325103 0.222594 0.090855 0.060720 
5.087701 0.278967 -0.182442 1.310423 0.938270 0.565274 0.869642 0.461732 0.604484 0.131804 0.321013 0.122716 
2.338565 -0.083827 1.701651 0.768974 1.057493 0.647488 1.466411 0.553502 0.774790 0.049231 -0.118970 0.013571 
1.277695 1.006067 1.002684 1.685893 1.835194 1.205604 0.888214 0.507173 0.567380 0.229074 0.318996 -0.077025 
0.803754 1.424376 1.481208 1.939738 0.722165 0.383131 1.069118 1.343172 0.563618 0.230204 -0.014571 0.014477 
0.607652 0.934624 1.517056 1.832529 1.573658 1.382672 0.733454 0.434558 0.689227 0.415401 0.014502 -0.045878 
1.304439 1.191525 1.814417 0.677122 0.743807 0.422087 -0.293117 -0.035017 1.014075 0.703838 0.044227 -0.054471 
1.224212 0.980748 0.896698 0.268974 1.524894 -0.528535 -0.433194 -0.493558 0.040779 -0.006510 0.096859 -0.073415 
1.306771 1.105465 1.351727 0.330108 0.688126 -0.046157 -0.290086 -1.292656 -0.090586 0.453824 0.022639 -0.052358 
1.798048 0.838310 -0.138954 0.693771 0.803356 0.063415 -0.733184 0.152541 0.310243 0.057272 0.115209 -0.058213 
1.391020 1.188312 -0.490353 0.409212 1.567213 0.774356 0.330705 0.304504 0.513385 0.127785 -0.103402 -0.044087 
1.055178 0.592181 0.879685 0.258474 1.349599 1.034785 0.765672 0.518502 1.162349 0.566986 0.094460 -0.139357 
1.265732 0.631642 0.723400 0.711316 1.326368 1.513810 0.843464 0.250184 0.406901 0.535567 0.017595 -0.022807 
1.011280 0.304388 0.712777 2.012581 1.559285 1.945033 0.463184 0.791856 1.070817 0.411947 0.155114 -0.096091 
0.585264 0.717142 0.371238 1.371292 3.264006 1.716168 0.274897 0.459121 0.726978 0.263170 0.092498 -0.016294 
0.693719 0.536660 1.133070 1.368148 2.145633 1.465069 1.230895 0.255517 1.139286 0.596638 0.011329 -0.086264 
0.979120 0.052976 1.155933 0.853619 3.123333 1.101389 1.013646 1.453520 0.666220 0.322911 0.023461 -0.069573 
0.960223 0.598799 0.627679 1.587119 1.721809 1.974484 1.211587 0.305728 0.573422 0.502262 0.013205 -0.018023 
1.278388 1.068368 1.342629 0.571745 1.713255 0.022038 1.890319 0.711744 0.440045 0.284829 0.346671 -0.032927 
2.058708 0.135844 1.489294 2.042420 0.976300 0.933045 0.734450 0.850968 1.096694 0.342694 0.143672 -0.027359 
2.321519 -0.569531 1.710853 1.530543 1.224419 1.971100 1.036028 0.611259 0.632195 0.068275 0.087463 0.039198 
3.181191 -0.489684 1.019059 1.176570 1.348533 0.808449 0.782119 1.426432 0.583318 0.232105 0.274323 0.012035 
4.008733 -1.095523 1.354411 1.155631 0.986643 0.745371 0.219381 0.863676 0.639958 0.220584 0.459519 0.091203 
6.777576 -2.150016 1.193552 1.334328 0.833609 1.989298 0.949797 0.249582 0.711220 0.094187 -0.233709 0.033509 
5.515124 1.263615 -0.630213 1.010468 1.379547 0.508100 0.736348 1.060789 0.379304 -0.156609 0.001492 0.066382 
4.318730 2.982765 1.118144 0.536636 0.779284 0.897127 0.798093 0.035709 -0.144479 0.214412 0.244205 0.081035 
3.491659 3.123428 2.604180 1.831023 1.074817 0.616466 0.467265 0.463154 0.490976 0.421109 0.206117 0.046252 
3.125110 2.760686 2.348775 1.999945 1.580611 1.115495 0.866872 0.671343 0.582738 0.319449 0.112215 0.027720 
-1.#IND00 -1.#IND00 -1.#IND00 -1.#IND00 -1.#IND00 -1.#IND00 -1.#IND00 -1.#IND00 -1.#IND00 -1.#IND00 -1.#IND00 -1.#IND00 
-1.#IND00 -1.#IND00 -1.#IND00 -1.#IND00 -1.#IND00 -1.#IND00 -1.#IND00 -1.#IND00 -1.#IND00 -1.#IND00 -1.#IND00 -1.#IND00 
