3.119342 0.319331 1.343732 -0.501369 1.175937 0.257340 0.979988 0.708689 0.255942 0.013888 -0.076573 0.051523 
3.173953 0.375616 1.360743 -0.753449 0.806868 0.860293 0.451811 0.878218 0.666020 0.613008 0.165353 -0.031313 
3.242722 0.448560 1.223856 -0.516268 1.367455 0.802105 0.502608 0.606130 0.627324 0.315999 -0.095672 -0.011678 
3.347560 0.077694 0.659007 -0.502983 1.343063 1.414093 0.446545 1.046865 0.375582 0.339614 0.269703 -0.007363 
3.346025 -0.005086 0.905136 -1.481023 1.261788 0.488512 1.660471 0.285134 -0.052659 0.400576 0.049655 0.047708 
3.322480 0.549770 1.080153 -1.015230 1.004814 1.177110 0.927391 0.846557 0.339705 0.073089 0.198466 0.016607 
3.267144 0.481213 1.117473 -0.405138 1.159936 0.545105 0.428712 0.999070 0.534179 -0.190600 0.216355 0.064399 
3.022707 0.549676 1.250375 -0.140781 0.729015 1.007159 0.595067 0.961766 0.489163 0.228016 0.109666 -0.010210 
3.139096 0.466556 0.865172 -1.119335 1.045951 1.034386 0.640593 0.832351 0.135801 0.039215 -0.109688 -0.000920 
3.280472 0.480803 0.878982 -0.460353 0.858244 0.809364 1.024053 0.917298 0.549080 0.279937 -0.067096 -0.044450 
3.300422 0.827351 0.244697 -0.448319 1.128376 0.517895 0.315260 1.036581 0.204754 -0.067980 0.309272 0.045607 
3.462503 0.505316 0.831965 -0.168946 1.759239 0.946657 1.214971 0.951177 0.343131 0.534140 0.251532 0.016299 
3.415571 0.184334 1.154322 -0.215200 1.515705 1.294901 1.395419 0.444448 0.589185 0.257200 -0.025422 0.030189 
3.382387 0.134977 0.750898 -0.642819 0.869083 1.095188 0.467168 1.188237 0.115775 0.375001 0.119470 -0.020369 
3.242642 0.820579 1.023537 -1.164595 0.797367 0.973042 0.837314 1.062138 0.172299 0.134952 -0.051244 -0.020303 
3.267061 0.427507 0.938754 -0.522535 1.599243 0.979688 0.571710 0.920264 0.188563 0.647996 0.331924 -0.001216 
3.491510 0.790064 1.242173 -0.297914 1.518904 1.248912 0.908492 1.686088 0.132426 0.131318 0.277390 -0.012762 
3.301122 0.793405 1.173001 -0.554680 1.896597 1.409580 0.682312 1.389470 0.313239 0.270669 -0.013371 -0.042803 
4.427971 -0.535132 0.963733 0.493082 1.912255 2.170588 0.990732 0.787987 0.574423 0.308312 0.146771 -0.001800 
2.551369 -0.006769 1.089870 1.481157 1.353814 1.084679 0.931829 0.446526 0.540495 0.160248 0.125650 0.000089 
1.056607 0.895355 1.190204 1.112511 1.792222 1.588202 1.341878 0.790415 0.687300 0.434253 -0.080490 -0.032679 
0.743234 0.893735 1.337960 1.626836 1.671677 1.687405 1.285875 1.482034 0.061339 0.163212 -0.015809 0.007278 
1.160990 0.855640 2.020476 0.761573 1.876636 1.284968 1.189100 1.021990 0.391397 0.065560 0.101745 -0.015407 
0.951331 0.858814 1.609572 1.045866 0.648214 2.149820 0.929929 0.139681 0.377124 0.483618 0.160501 -0.081198 
1.195366 1.329403 1.421115 1.000401 -0.250655 -0.404090 -0.586056 -0.177991 0.443261 0.386347 0.263114 -0.011390 
1.359183 1.327386 0.114364 1.111061 0.133697 -0.264553 -0.925539 -0.434704 0.295113 0.030896 0.103995 0.055636 
1.545113 1.543693 1.053300 0.477921 -0.173576 -0.049625 -0.771241 -0.178808 -0.421464 0.549974 0.007282 0.030536 
1.689460 1.729901 0.884467 0.395860 0.555220 0.071191 -0.595772 -0.775546 -0.521734 -0.021244 0.091653 0.020809 
1.452070 0.846351 0.834120 0.755368 0.991364 0.035316 -1.447452 -1.061671 -0.544545 -0.056347 0.027071 -0.068622 
1.708440 0.566098 -0.048157 0.816175 1.322078 0.921667 -0.043383 -0.160318 0.478908 0.393496 -0.242030 -0.016331 
1.351519 0.939703 -0.010176 0.903359 2.025848 0.944996 0.984529 0.731216 0.773697 -0.214141 0.067585 -0.041906 
0.937458 0.848339 1.217579 1.033359 2.012151 1.106984 1.105909 1.147883 1.044404 0.008510 -0.035218 -0.017262 
0.857921 0.362472 1.270879 1.013559 1.931256 1.065558 0.983795 0.879652 0.542849 0.406853 0.044114 -0.043113 
1.258237 0.494423 0.860461 1.608647 1.582819 1.170275 1.174636 1.486873 0.475778 0.531712 0.024958 -0.071623 
1.626211 0.633291 0.942679 1.493906 1.859888 -0.101300 1.216568 0.242546 0.518851 0.198702 0.336197 -0.025358 
1.103416 0.485842 1.259559 1.953163 2.618029 0.434986 1.158156 0.425804 0.517513 -0.113361 0.333957 -0.009235 
0.639078 0.907865 1.859039 1.749316 1.005625 1.144377 1.473446 1.299412 0.390884 0.405682 0.074492 -0.032803 
1.269766 0.387251 1.416024 0.884150 2.386260 1.270197 1.696712 0.493218 0.440120 0.267746 0.237055 -0.028729 
1.914272 0.260764 1.264813 1.090124 1.293577 1.313209 1.356088 0.552810 0.252064 0.306627 -0.155846 -0.001046 
3.140622 -0.740671 1.944615 1.267595 1.322012 1.040281 0.868965 0.524596 0.456730 0.100915 -0.033333 -0.000356 
7.601896 -2.115082 0.953510 2.021032 0.029910 1.205741 1.368616 0.336175 0.378442 0.508607 0.180124 0.034170 
5.917327 1.476581 -0.975516 0.799647 1.620065 0.764445 0.585608 1.068318 1.033892 0.272886 -0.058253 -0.032553 
5.270093 0.216647 0.509733 0.785740 1.908246 1.194336 0.445714 1.130662 0.424424 -0.194109 -0.196996 -0.037640 
6.940288 2.545700 -1.075479 -0.176463 1.599361 1.267039 0.413136 0.564750 1.067171 0.658185 0.320990 0.055771 
5.570481 4.061221 1.658199 -0.141685 -0.341773 0.418936 0.909086 0.731325 0.215160 0.011655 0.042372 0.023306 
5.247552 3.815491 4.035871 3.172459 2.060301 0.443688 0.064342 0.548509 -0.136382 0.021783 0.115929 0.048771 
3.690577 2.713889 2.673857 2.043453 2.315233 2.097320 1.646355 1.314205 0.363947 0.174183 0.057699 0.030518 
3.374204 2.064088 1.931106 1.246726 1.954245 1.429289 1.357565 1.577067 0.991002 0.532771 0.174337 0.052171 
-1.#IND00 -1.#IND00 -1.#IND00 -1.#IND00 -1.#IND00 -1.#IND00 -1.#IND00 -1.#IND00 -1.#IND00 -1.#IND00 -1.#IND00 -1.#IND00 
-1.#IND00 -1.#IND00 -1.#IND00 -1.#IND00 -1.#IND00 -1.#IND00 -1.#IND00 -1.#IND00 -1.#IND00 -1.#IND00 -1.#IND00 -1.#IND00 
