2.931463 0.801837 0.797131 -0.657019 1.189239 0.883627 0.500000 1.198144 0.333237 -0.072083 0.086520 0.021518 
2.890038 0.680600 0.955106 -0.507049 1.219081 1.288306 0.687085 0.807136 0.199686 0.165627 0.194055 -0.016843 
3.063047 0.259833 1.136713 -0.247039 0.527566 0.837945 0.450576 1.495321 0.518371 -0.065241 0.171943 -0.018585 
3.020459 0.376495 0.841617 -0.215992 1.068408 0.810597 1.039217 0.530610 0.288855 0.197920 0.233998 0.032879 
3.333055 0.177433 0.530711 0.146714 1.360161 0.816277 0.384930 0.669140 0.463118 0.279619 0.142501 0.017994 
3.306695 0.840701 0.535882 -0.064922 0.869717 1.210156 1.238735 0.646605 -0.118215 0.244107 0.031283 0.001325 
3.499485 0.688119 1.393749 -1.150464 1.674532 1.037065 0.408843 0.476662 0.590842 -0.136721 -0.112087 0.017277 
3.474414 0.235189 0.900817 -0.626502 1.354825 0.391926 0.627704 1.087528 0.186673 0.165973 0.081115 0.012090 
3.066986 0.472889 0.362273 -0.599246 1.839154 0.168358 0.940569 0.548685 0.350714 0.093703 -0.122931 0.003393 
3.326989 0.760367 1.009622 -1.369325 1.087194 0.829112 0.568219 0.763894 0.550360 0.358914 -0.088777 -0.042900 
3.172135 0.134865 0.519936 -0.460056 1.096713 1.262272 0.884543 0.443214 0.266960 0.184380 0.171822 0.031695 
2.850796 0.169051 0.826305 -0.023569 1.182961 0.476677 0.108437 1.046675 0.253518 -0.023541 -0.026018 -0.021039 
3.352758 0.419408 0.740835 -0.649388 1.063970 1.158623 0.611309 0.904924 0.234536 0.350706 -0.049348 -0.022695 
3.161445 0.433583 1.044252 -0.894872 1.898412 0.841292 0.907956 0.841310 0.549587 0.089252 -0.108987 -0.008331 
3.257339 0.939409 -0.073968 -1.076300 1.198976 0.954432 0.451281 0.567458 0.546457 -0.108814 0.043254 0.002252 
3.105062 0.411338 0.213151 -0.531703 1.936497 0.511759 0.439347 0.285984 0.285622 0.156416 0.205079 0.055655 
3.139548 0.168503 0.998804 -0.494322 1.587455 1.700133 0.613221 0.426222 0.265282 0.177030 -0.016410 0.006299 
3.324740 0.227306 0.844168 -0.555649 1.137571 1.713986 0.717749 0.291461 0.219271 0.094981 -0.005825 0.025934 
2.862765 0.386598 0.578971 -0.411692 0.947438 0.635925 0.597245 0.081578 0.027049 0.167065 -0.021141 -0.008953 
2.054830 -1.415861 -0.763775 -1.052705 1.842698 0.884188 1.162830 0.390429 0.433659 -0.176641 -0.121427 0.053069 
0.894002 0.662861 1.565787 0.626821 1.794324 1.676527 1.160046 1.138557 0.369438 0.107302 -0.106734 -0.083831 
0.743304 0.589959 1.186272 0.938088 2.492180 1.725492 1.128479 0.323276 0.701481 0.071745 -0.096362 -0.102139 
0.709869 0.805942 1.763413 1.189125 1.317509 1.594680 1.195457 0.476462 0.351195 -0.091342 -0.112270 -0.048388 
0.820992 0.899066 0.976343 0.965536 2.352342 1.134054 1.090488 0.554496 0.734904 -0.171581 -0.080012 -0.108277 
1.134687 0.632253 0.892565 1.082706 1.727235 1.665420 0.783881 0.974628 0.391582 -0.013585 -0.149059 -0.080641 
0.837050 1.109041 0.288872 1.615937 1.413271 2.122355 1.251222 0.353378 0.595973 -0.257932 -0.301719 -0.038887 
0.659669 0.325795 1.548569 1.491518 2.047103 1.145002 1.167037 0.275957 0.718592 -0.336417 -0.020334 -0.096100 
0.651838 0.650798 1.081527 1.873337 1.475237 1.629600 1.161152 0.777989 0.577869 -0.154986 -0.098455 -0.096926 
1.120445 0.514471 1.763843 0.954877 1.340688 0.992980 1.334645 1.012781 0.199690 0.034978 -0.017194 -0.123921 
1.759621 1.077652 0.882498 1.036686 1.265057 1.558277 1.036323 0.214392 0.612220 -0.148629 0.182141 -0.062650 
3.938488 0.012040 1.767893 0.673530 1.649212 -0.490412 -0.399548 0.571015 0.842058 0.460389 0.028491 -0.068152 
4.830906 0.197394 1.277824 0.904251 0.932616 0.864532 0.722467 0.936237 0.388513 0.351345 0.106609 -0.048303 
6.203226 1.332028 1.502346 3.783521 2.646305 0.727410 0.992668 0.814895 0.439409 -0.004191 0.050148 0.052155 
3.092137 2.285185 -0.772240 0.515335 2.099994 2.442883 0.894074 0.185920 0.810266 -0.366979 -0.193097 -0.046271 
1.119016 1.363333 0.877291 0.884600 1.332996 0.461515 2.101105 1.212698 0.030117 0.155742 -0.010187 -0.018189 
1.230984 0.750529 0.684411 1.186067 0.812620 1.976099 1.831474 0.514240 0.250763 0.286239 -0.104292 -0.083065 
1.010907 1.304507 0.435067 1.336728 1.738972 0.494173 1.241648 1.057706 0.373381 0.236623 -0.070368 -0.018005 
1.060803 1.134938 0.805187 1.343631 0.988824 1.613180 0.656935 0.798054 0.500471 0.247145 0.169259 -0.059899 
1.352365 1.285723 1.312837 0.461336 0.909181 0.102947 0.439457 0.247344 0.098814 0.594065 0.132268 -0.030383 
1.092010 1.556480 1.131995 0.464390 0.054892 0.147867 -0.140184 -0.001607 0.458960 0.848820 0.359061 0.006451 
1.252927 1.284884 1.045350 0.857155 1.103740 0.403552 -0.125002 0.166903 0.422338 0.415102 -0.148429 0.027001 
0.899293 1.267654 1.825352 0.809349 0.824892 1.432908 0.705840 -0.016510 0.292076 0.254873 0.093390 -0.023405 
0.949204 0.674208 1.439373 1.329024 1.187971 1.515900 1.275757 1.067235 0.504224 0.633333 0.001822 -0.077261 
0.883088 1.031201 1.612910 0.959146 2.395567 0.820756 1.191663 0.998406 0.390403 0.299637 0.178759 -0.024825 
0.836734 1.132019 1.231492 0.847796 1.155034 1.635283 1.693264 0.438098 0.152230 0.607891 0.236218 -0.054491 
1.064112 0.618362 1.703881 0.697097 1.224019 1.457342 1.573996 0.410049 0.296418 0.650796 0.097719 -0.021536 
1.883866 -0.356681 1.077257 1.467923 1.466345 1.240445 1.918051 0.640523 0.183422 0.535281 0.097339 -0.022238 
2.339706 -0.547189 2.176569 1.076300 1.375901 1.056460 0.576516 0.860521 0.499430 0.595183 0.282669 -0.082755 
-1.#IND00 -1.#IND00 -1.#IND00 -1.#IND00 -1.#IND00 -1.#IND00 -1.#IND00 -1.#IND00 -1.#IND00 -1.#IND00 -1.#IND00 -1.#IND00 
-1.#IND00 -1.#IND00 -1.#IND00 -1.#IND00 -1.#IND00 -1.#IND00 -1.#IND00 -1.#IND00 -1.#IND00 -1.#IND00 -1.#IND00 -1.#IND00 
