0.191123 -0.195648 0.242298 -0.378699 0.176868 0.033445 0.200925 -0.370560 0.382239 0.082294 0.259272 0.022731 
-0.171884 0.242782 0.213599 0.088947 0.197434 0.306044 0.237675 0.234813 -0.251710 0.052963 -0.096646 0.104806 
0.014382 0.092028 -0.013796 -0.462919 0.147978 -0.035769 -0.298729 0.045086 -0.047156 0.274328 -0.164908 0.009934 
2.890861 0.440914 0.801242 -1.064554 1.236356 0.785845 0.603725 0.478332 -0.270104 0.419030 0.014423 0.027403 
3.055592 0.411029 1.752093 -0.401715 1.717526 1.415594 1.225486 0.575785 0.249303 0.229931 0.139024 0.032160 
3.154524 0.147018 0.763346 -0.196419 1.567241 0.740818 0.749830 0.791779 0.497445 0.144614 -0.002722 -0.035615 
2.993020 0.203487 0.778863 -0.663494 0.850792 0.871548 0.440803 0.911470 0.451605 0.147677 0.043309 -0.035049 
3.095910 0.378217 0.853116 0.282162 0.799364 0.211128 0.631597 1.192742 0.300391 0.412535 0.069860 -0.051143 
3.308029 0.428868 0.701681 -0.094053 0.962471 1.370915 0.772598 0.795922 0.419522 0.253589 0.201696 0.005055 
3.210690 0.244328 1.137055 -1.002560 1.326822 0.141845 0.707301 0.918859 0.308702 0.393552 0.424883 0.057109 
3.271412 -0.076455 0.852165 -0.282781 0.884354 1.174522 1.038175 1.326672 0.304117 0.189311 -0.017026 -0.048857 
3.098752 0.263823 0.562351 -0.803730 0.502721 0.224579 0.830073 1.370071 -0.019702 0.388353 0.159823 -0.009329 
3.312485 0.165217 1.012538 -0.677274 0.796990 0.774092 0.826308 0.462647 0.215048 0.056992 -0.008890 0.004134 
3.191324 0.170478 0.740380 -1.276798 0.632316 0.845330 0.014625 0.507126 0.069649 -0.039473 0.002890 0.015974 
2.760230 0.151168 0.858783 -1.087515 1.332535 0.622256 1.500228 0.502452 0.050015 0.209853 0.138135 0.010256 
3.027297 0.183054 0.947160 -0.255140 1.341226 0.905863 0.578974 1.361136 0.772121 0.302743 0.159835 -0.036296 
3.130085 0.553844 0.932661 -0.624903 1.098030 0.229273 0.479614 0.754239 -0.129100 0.251342 0.012773 0.015595 
2.901758 0.163152 0.137035 -0.977212 1.065499 0.683572 0.574108 0.841848 0.386518 0.251958 0.165521 -0.022468 
3.247436 -0.139020 -0.919434 -0.572644 1.888697 1.025615 2.765261 0.602979 0.326847 -0.198201 -0.309619 -0.100051 
1.787783 0.392215 1.920098 -0.671189 1.255748 1.394294 2.156368 1.224024 0.270548 0.112542 -0.177627 -0.134413 
0.555348 0.906653 1.203240 0.731987 2.607135 1.169054 1.138738 1.170596 0.310519 0.229681 -0.317353 -0.074281 
0.619134 0.800209 0.841886 1.467631 1.784569 1.846023 1.206956 0.671287 -0.015580 0.099321 0.188901 -0.173007 
0.809873 0.742956 0.963894 1.815845 1.838643 0.953934 1.190304 0.608178 0.576790 -0.017574 0.004118 -0.133376 
1.000326 1.042977 0.843781 1.603325 1.179775 1.184186 1.071773 0.846234 0.487324 0.049730 -0.163145 -0.102696 
0.741095 0.435933 0.691658 1.893852 2.222921 1.600546 1.214471 0.442066 0.116783 0.258574 -0.090790 -0.105540 
0.985999 0.980705 0.936215 0.815278 1.377787 1.617835 1.287589 0.828275 0.318790 0.088133 -0.177821 -0.122099 
0.696400 0.740441 0.785580 1.154496 1.173615 2.148720 1.123623 1.337680 0.518267 -0.207566 -0.098532 -0.150425 
0.686541 0.862229 1.219087 1.357450 1.767089 1.475997 0.783598 0.656821 0.687449 0.079219 -0.311731 -0.068018 
0.819682 1.213671 0.044330 1.289983 1.793028 1.958150 1.221124 1.266458 0.484658 -0.201015 -0.339270 -0.072700 
0.584041 0.554391 1.054439 1.334765 1.419198 2.067938 1.029963 1.034259 0.466226 0.090335 -0.191039 -0.140263 
0.770465 0.366626 1.117724 0.572491 2.086550 1.582545 1.120131 0.626453 0.876264 -0.161674 -0.195645 -0.169403 
0.524940 0.349552 0.641041 1.084143 1.635879 2.088483 1.483666 0.742601 0.538317 -0.183043 -0.166351 -0.189053 
0.699999 0.788626 0.325176 1.417992 1.827291 1.593037 1.220556 0.991177 0.814758 -0.097963 -0.015645 -0.184727 
0.826322 0.514628 0.744729 0.824263 1.851921 1.513127 0.866380 1.334035 0.985215 0.237405 -0.398353 -0.200000 
0.859315 0.681809 0.539071 1.048530 1.725316 1.882135 1.426399 1.416960 0.473846 -0.014878 -0.149924 -0.087872 
1.005575 1.104911 0.838550 1.268740 1.643603 0.326671 1.590256 1.336864 0.590952 0.095370 0.017590 -0.055391 
1.309876 1.198538 0.476088 0.504698 0.878560 2.293959 0.519627 1.216313 0.335120 0.147165 -0.025504 -0.070413 
1.244488 1.508626 0.987885 1.599278 0.208473 0.948580 0.617346 0.954486 0.529419 -0.066769 0.087938 -0.038109 
1.206360 1.009550 1.026050 0.596998 1.183653 1.523926 0.783166 0.425388 0.145352 0.666743 -0.044255 -0.048656 
1.300955 1.114285 1.447709 1.142073 1.236648 0.628174 0.861076 0.618378 0.353086 0.373462 0.332231 -0.093106 
1.983188 0.664586 1.385041 0.660563 0.888831 0.887504 0.613587 1.452267 0.457933 0.260247 0.353287 -0.042150 
1.324887 0.185858 1.516846 1.312653 1.620564 1.520775 1.314606 0.571298 0.653781 0.530582 0.012804 -0.034909 
2.172234 -0.265727 2.008283 0.235284 1.561861 1.516732 1.056513 0.838861 0.646141 0.502241 0.015802 -0.038874 
2.556843 -0.795185 1.264771 0.644313 2.039746 1.938467 1.389049 1.012475 0.350160 -0.039283 0.126328 0.022235 
3.643915 -0.994128 2.658145 0.379555 0.861098 0.565396 0.731065 0.460875 0.590238 0.022314 0.295631 0.130728 
4.239011 -0.437226 1.352631 1.697063 0.867036 1.088244 1.205463 1.165160 0.132780 0.554097 0.118412 -0.092310 
4.695918 1.862122 0.638951 -0.098771 0.839221 1.346560 0.476187 0.292119 0.693736 0.574073 0.300459 0.052335 
6.714024 1.890176 -1.047079 0.383716 1.435971 0.630453 0.216215 0.613592 0.923154 0.436615 0.088550 0.003725 
-1.#IND00 -1.#IND00 -1.#IND00 -1.#IND00 -1.#IND00 -1.#IND00 -1.#IND00 -1.#IND00 -1.#IND00 -1.#IND00 -1.#IND00 -1.#IND00 
-1.#IND00 -1.#IND00 -1.#IND00 -1.#IND00 -1.#IND00 -1.#IND00 -1.#IND00 -1.#IND00 -1.#IND00 -1.#IND00 -1.#IND00 -1.#IND00 
