2.802832 0.979387 2.169516 0.137965 1.136541 0.224525 1.552377 0.909368 0.312099 0.728858 0.313795 -0.021806 
3.145737 0.843020 2.218961 0.065748 1.765360 0.994648 0.362594 0.961867 0.441016 0.413465 0.135041 -0.005548 
2.821824 0.879901 1.584567 0.683375 1.169729 0.504962 1.739687 0.749564 0.896207 0.827193 0.110137 -0.022888 
2.978366 0.432735 2.139740 0.393909 0.960315 1.046013 0.999693 1.101957 0.647357 0.168968 0.388971 -0.000279 
2.793539 0.982857 1.528218 1.151490 1.750434 0.734938 1.511682 1.040482 0.127565 0.204270 0.178112 0.002148 
2.668928 1.227657 1.636926 0.519980 0.886431 0.976248 1.421427 1.106234 0.154366 0.419060 0.215589 -0.029710 
2.738308 0.737589 2.372101 0.675621 1.358089 0.498988 0.927503 1.207833 0.646305 0.275942 -0.001073 -0.003229 
2.984517 1.171235 1.882524 0.120205 1.386535 0.839319 0.739763 0.711206 0.607911 0.335865 0.082714 -0.011129 
2.728078 0.831980 1.817385 0.257061 1.576686 0.699870 0.806594 0.782691 0.805308 0.167016 0.198424 0.012885 
2.654073 0.723784 1.503085 0.243758 0.709176 1.101104 1.594261 -0.024963 0.206447 0.466854 0.349165 -0.015009 
2.869686 1.432937 1.877673 0.121181 1.756015 1.181282 1.262314 1.450131 0.429878 0.675850 0.165543 -0.017245 
2.773089 0.769843 1.827754 -0.108121 0.476329 0.792915 0.651102 0.806959 0.369441 0.033577 -0.023339 0.000702 
3.040091 0.899932 1.472648 0.009183 1.599520 2.249697 1.097842 1.272351 0.351710 0.238998 -0.105602 -0.050363 
2.994268 0.695005 1.609690 -0.058630 1.750282 0.778400 1.429574 1.088097 -0.207751 0.369895 0.045709 -0.017048 
3.159877 0.324429 1.437858 -0.152890 1.120191 1.423705 0.597015 0.606591 0.679795 0.362758 -0.001436 0.008028 
3.078912 0.263636 1.073417 0.416337 1.584704 1.114114 1.025168 0.860060 0.184128 0.661086 -0.199372 -0.086663 
2.867597 0.710815 1.506811 0.312200 1.768323 0.896739 0.703564 1.302925 0.567992 0.195237 0.040393 -0.008624 
3.165045 0.636712 1.608600 0.015778 1.877203 1.063605 1.590966 1.145810 0.425410 0.134176 -0.014467 0.015103 
2.883418 0.383045 0.875884 0.487491 1.015192 1.036716 1.493673 0.657224 0.668990 0.152510 -0.114996 -0.039102 
2.911700 0.120206 2.080651 0.420941 1.485494 1.912670 1.650765 0.730886 0.369441 0.217117 -0.048562 -0.014284 
1.479919 0.373938 -0.116978 0.923903 1.490479 2.195046 1.429649 0.442967 0.511073 -0.100144 -0.141283 -0.043939 
1.309556 0.496106 0.023001 1.045977 1.548492 1.238062 1.143519 1.632087 0.392751 -0.127184 -0.407753 -0.076877 
0.901142 0.100470 0.186750 0.604328 1.704393 2.313680 1.000656 1.105661 0.261183 -0.149749 -0.343258 -0.140223 
1.106625 0.057106 -0.284512 0.626979 2.009102 1.910056 1.104190 0.167549 0.439705 0.003663 -0.510906 -0.137953 
1.072809 0.228407 -0.834190 1.081287 1.696203 1.936616 1.280778 0.142940 0.333426 -0.054811 -0.427023 -0.107220 
0.907077 0.554146 0.117742 0.177657 2.319321 1.394520 1.754875 0.524751 0.213322 -0.149604 -0.330545 -0.070870 
0.673852 0.258831 0.165268 0.570234 2.634854 1.835159 1.404651 0.470769 0.469237 -0.014475 -0.497025 -0.070569 
1.005824 -0.288613 -0.156619 0.965236 1.966386 2.507297 1.097254 0.447851 0.875516 -0.494295 -0.247517 -0.128598 
0.904749 -0.155150 0.129689 1.055451 1.772262 1.300221 1.252579 0.635613 0.298375 -0.036138 -0.526595 -0.136233 
1.336538 0.713190 0.149757 0.618314 2.211723 0.788693 0.756972 0.415617 0.489285 -0.132603 -0.376431 -0.079769 
0.815799 0.890134 0.381167 0.469090 1.510650 1.881542 0.307916 1.038922 0.637489 -0.575648 -0.249574 -0.161430 
1.387973 0.464536 0.200559 0.619111 1.895521 1.017879 0.698695 0.544116 0.230615 -0.408430 -0.210923 -0.127040 
0.993237 0.808960 -0.590647 0.428203 2.369878 1.134656 1.134262 0.443801 -0.139473 -0.159696 -0.292674 -0.072365 
1.239378 0.298470 0.359715 0.899989 1.216580 1.803779 1.245533 0.754273 -0.610071 -0.152326 -0.274595 -0.016880 
1.105712 1.006189 0.790873 1.107175 0.721988 1.017178 0.391212 0.613754 0.350047 0.068962 -0.036855 -0.038468 
1.250401 1.548849 1.586287 0.662612 1.210037 0.082855 -0.631230 0.529670 0.255526 0.084794 -0.150795 0.028441 
1.362798 1.031606 2.090602 1.127711 0.560203 -0.467663 -0.400107 0.015159 0.096749 0.335862 0.118227 -0.006178 
1.166090 1.633785 1.565494 1.508078 0.780780 0.065877 -0.471464 -0.027243 0.066851 0.305505 0.090878 -0.019367 
1.063955 1.107948 0.154655 2.192682 2.233071 0.042341 1.128892 1.184512 0.534981 0.066439 -0.055186 -0.017760 
0.943027 1.601868 0.700214 1.652931 1.479579 0.909236 1.769877 0.894542 0.547453 0.087385 -0.081456 0.027076 
1.055123 1.077480 1.339731 0.873193 1.451215 1.488280 1.629239 1.114202 0.827495 -0.230320 0.133054 -0.011362 
1.577480 0.263771 1.385841 1.176241 1.647669 1.211083 0.475419 0.741339 0.495338 0.590458 0.001137 -0.030155 
2.836375 -0.307928 2.091125 0.693257 0.930670 0.581490 0.830086 0.371069 0.890412 0.593229 0.315608 0.003678 
3.571380 0.555485 0.714994 0.555991 0.977906 0.845647 0.990350 0.711546 0.540506 0.467911 0.460654 0.057962 
5.014648 -0.519558 -0.277985 1.813146 1.049870 0.887354 1.181508 0.533740 0.420544 0.358524 0.307871 0.047147 
3.544567 1.741474 0.832551 0.828122 0.336075 1.004896 1.457394 -0.060283 0.096082 0.404359 -0.014448 -0.040891 
4.802367 2.106025 1.306552 2.478195 2.442168 0.184092 -0.366634 0.622073 1.330116 0.832876 0.066787 -0.020188 
4.803886 2.731594 3.496739 4.073262 3.630922 1.134978 -0.144274 0.612105 0.337309 0.385954 0.006027 -0.035288 
-1.#IND00 -1.#IND00 -1.#IND00 -1.#IND00 -1.#IND00 -1.#IND00 -1.#IND00 -1.#IND00 -1.#IND00 -1.#IND00 -1.#IND00 -1.#IND00 
-1.#IND00 -1.#IND00 -1.#IND00 -1.#IND00 -1.#IND00 -1.#IND00 -1.#IND00 -1.#IND00 -1.#IND00 -1.#IND00 -1.#IND00 -1.#IND00 
