-0.054935 0.444592 0.071131 0.111523 -0.264581 0.771548 -0.179317 0.053370 0.277045 0.140367 0.066217 0.013703 
-0.083475 0.300257 0.058411 0.226981 -0.660745 -0.358204 -0.372384 -0.243378 0.613460 0.206438 0.000607 -0.090822 
0.284252 0.030238 0.216069 0.484319 0.192034 0.046978 0.643368 -0.607295 0.474806 0.393388 0.118523 0.092812 
0.190102 -0.197314 0.240171 -0.381489 0.175502 0.031842 0.199683 -0.372950 0.380206 0.080784 0.258239 0.022786 
-0.182411 0.226998 0.192582 0.065546 0.170746 0.276433 0.207678 0.206803 -0.275521 0.034865 -0.109273 0.099916 
0.018550 0.097300 -0.005975 -0.453631 0.157793 -0.025941 -0.286816 0.056052 -0.039443 0.280286 -0.161319 0.011341 
0.073598 -0.173772 -0.193484 0.408255 0.239416 0.141084 0.334713 0.130055 0.207677 -0.229186 0.319044 -0.041712 
3.158750 -0.035568 0.609341 -0.378724 0.665034 0.591362 0.888180 0.409175 0.506552 0.386462 0.087667 -0.029447 
2.922821 0.373296 0.282889 -1.196279 0.761009 1.495934 0.093216 0.093392 -0.547752 0.064650 0.172563 -0.080856 
3.020408 0.496744 0.363768 -0.818201 1.130131 0.667615 0.689410 0.635713 0.322368 0.209253 -0.032037 -0.064827 
2.870690 0.330914 0.356067 -1.056134 0.793284 1.073673 1.030806 1.288757 0.465169 0.160341 0.186058 -0.024599 
3.287597 0.287562 0.988832 -1.081920 1.591022 -0.105001 0.213165 0.623152 0.312094 0.113336 0.173856 0.066571 
3.148299 0.686473 0.281620 -0.494244 1.255298 0.336618 1.514883 1.406185 0.624984 0.213853 -0.141031 -0.058429 
3.313189 -0.165136 0.650398 -0.640384 0.638717 1.299290 0.529356 0.264317 0.062311 0.355367 0.079407 -0.043207 
3.186906 0.382602 0.660381 -0.287054 1.518463 0.325568 -0.334637 0.950597 -0.100767 0.060625 0.135695 -0.029618 
3.141637 0.359301 1.140375 -0.455239 1.059523 0.135835 0.221345 0.788137 0.090010 0.214690 -0.059275 -0.027862 
3.046600 -0.066736 -0.045640 -1.608034 0.738945 0.100179 0.557515 0.605974 0.346851 0.121333 0.136947 0.035403 
2.982338 0.058552 0.702516 -1.132112 1.087262 0.524080 0.485924 0.487769 0.024221 0.088965 0.003600 -0.005186 
2.589532 0.311118 1.622210 1.305358 1.299284 1.964403 -0.265312 0.841659 0.748877 -0.335660 -0.222579 0.031042 
0.764527 1.079534 1.096161 1.295054 0.860837 1.467095 1.219896 1.358664 0.415063 0.108594 -0.014250 -0.100852 
0.891164 0.479269 1.292763 1.785062 1.326600 1.694749 1.356911 0.534246 0.248988 -0.062410 0.052277 -0.072718 
0.605989 0.875181 1.121702 1.345060 1.469521 1.626509 1.563288 0.779377 -0.185340 -0.101298 -0.000116 -0.079475 
1.110132 1.285999 0.480832 1.568680 1.485702 0.676278 0.345561 0.765197 0.324678 0.545494 -0.252831 -0.097845 
0.837582 0.605156 0.926227 1.058477 1.454767 1.671003 2.037671 0.539815 0.338509 -0.046518 -0.280937 -0.092326 
0.684790 0.682896 1.448308 1.219647 0.930362 1.465059 1.311234 1.085766 0.794185 -0.342727 -0.302679 -0.065689 
0.783424 0.993004 1.128028 0.445814 1.727388 1.679495 1.151624 0.987347 0.308582 -0.145680 -0.327509 -0.054572 
0.777279 0.861060 0.950011 1.090687 1.210316 1.769227 1.269697 0.660392 0.681565 -0.031778 -0.252463 -0.121010 
0.651699 0.227619 1.366862 0.450697 2.380066 1.623156 1.094884 0.820791 0.639146 0.000564 -0.225502 -0.159999 
0.395092 1.357722 1.231767 1.302425 1.304889 1.128177 0.654552 0.882089 0.827797 0.312861 -0.138876 -0.181749 
0.877414 0.728068 0.837442 1.204408 2.151533 1.846141 0.956661 1.008141 -0.200575 0.341052 -0.411571 -0.043808 
0.984185 0.767990 1.169413 1.360359 1.066652 0.835319 1.169224 0.720471 0.698695 0.008637 -0.230986 -0.109655 
1.098724 0.254554 0.640792 0.814537 1.876457 0.915891 2.057629 1.302331 0.092398 0.311035 -0.392709 -0.138820 
1.252196 0.395085 0.342786 0.514054 1.300009 1.455829 0.988421 1.383169 0.503760 0.168838 -0.514510 -0.119976 
1.048298 0.794333 1.108459 0.944384 1.309052 1.599918 1.321167 0.758382 0.574251 0.214086 -0.151849 -0.052814 
1.151703 1.034883 0.789513 1.742156 0.857231 1.176777 1.004518 0.341047 0.478570 0.188717 0.012583 -0.048849 
0.863956 1.496754 0.589339 2.408393 1.436253 0.457198 0.946365 0.238117 0.189184 0.506080 0.059761 -0.042725 
1.215060 1.547587 1.143878 1.123528 0.713328 0.745558 0.122730 1.454035 0.196827 0.112551 0.294366 -0.084068 
1.348513 1.139037 1.624770 1.373241 0.840792 0.551762 0.285344 0.710397 0.561412 -0.003791 0.064234 -0.002923 
1.127189 1.797639 1.102080 2.102098 0.422982 -0.204798 0.723989 0.966337 0.066514 0.203492 0.027775 -0.007437 
1.148488 1.317280 1.026932 1.173842 1.727894 1.307780 0.819713 0.989169 0.588139 0.337694 -0.135247 -0.013854 
1.498260 0.718006 1.607255 0.519539 1.670851 1.123691 0.596190 0.887442 0.410602 0.065835 0.336204 -0.050806 
1.889227 0.170827 2.486560 0.324642 0.914024 0.804007 0.449901 0.854545 1.236623 0.779829 0.160945 -0.058334 
1.171419 -0.260411 1.375407 1.811583 2.836620 1.701568 1.556859 0.540667 0.394915 0.312147 0.116138 0.032112 
1.959777 0.258284 1.095029 1.008436 1.315521 1.994903 0.532719 0.757133 0.010030 0.476290 0.393793 -0.015464 
4.865972 -0.945929 0.742788 1.892362 0.319785 1.001420 1.251065 0.453190 0.640010 0.523718 -0.012765 -0.061594 
3.096364 2.223212 1.665642 1.053947 0.257409 0.273348 0.685645 0.700961 0.560158 0.347988 0.130644 -0.001498 
4.475985 2.631491 1.342587 0.521924 -0.018843 0.524466 1.381559 1.169530 0.389778 0.309722 0.477784 0.107182 
3.811365 2.949034 1.723467 0.794631 0.534874 0.765980 0.873833 0.581499 0.235876 0.070858 0.081423 0.011318 
-1.#IND00 -1.#IND00 -1.#IND00 -1.#IND00 -1.#IND00 -1.#IND00 -1.#IND00 -1.#IND00 -1.#IND00 -1.#IND00 -1.#IND00 -1.#IND00 
-1.#IND00 -1.#IND00 -1.#IND00 -1.#IND00 -1.#IND00 -1.#IND00 -1.#IND00 -1.#IND00 -1.#IND00 -1.#IND00 -1.#IND00 -1.#IND00 
