-0.054667 0.445113 0.071666 0.112216 -0.263709 0.772540 -0.178385 0.054013 0.277658 0.140829 0.066493 0.013801 
-0.084124 0.299362 0.057231 0.225370 -0.662273 -0.360072 -0.373969 -0.244598 0.612334 0.205618 -0.000021 -0.091077 
0.284173 0.030190 0.215996 0.484220 0.191946 0.046779 0.643434 -0.607326 0.474687 0.393440 0.118579 0.092801 
0.190096 -0.197408 0.239981 -0.381665 0.175269 0.031605 0.199451 -0.373179 0.380124 0.080715 0.258222 0.022750 
-0.181790 0.227771 0.193804 0.066949 0.172262 0.278229 0.209279 0.208375 -0.274268 0.035896 -0.108594 0.100209 
0.018124 0.096811 -0.006828 -0.454442 0.156952 -0.026884 -0.287981 0.055111 -0.040105 0.279662 -0.161698 0.011190 
3.350708 -0.177941 0.526078 -1.163108 0.368503 -0.016107 0.969431 0.484380 -0.136032 0.099434 0.285614 0.068334 
3.548909 0.679730 0.730505 -0.609933 1.459168 0.695851 0.769301 1.004600 0.092769 0.098507 0.225650 0.021593 
3.341316 0.412057 0.403456 -0.214910 1.306260 0.879364 0.989485 0.898405 0.617668 0.092619 0.267292 0.004935 
3.490782 0.393160 0.966726 -1.029558 1.175855 1.033004 0.820443 0.285147 -0.281558 0.691850 0.085504 -0.068763 
3.258927 0.072845 0.799915 -0.621209 0.685190 0.559027 0.612504 0.353012 0.002362 -0.190774 0.039233 0.024886 
3.076057 0.087293 0.687397 -0.700332 0.828793 0.256861 0.363082 0.897149 0.316693 0.339484 0.020255 -0.035383 
3.285472 0.463384 0.479712 -0.625049 1.055307 0.494401 1.164599 0.410773 0.401253 0.191557 0.139817 0.015922 
3.291472 0.735367 1.082216 -0.848032 0.986848 1.351063 0.824117 1.735064 0.771166 0.464816 0.119671 -0.069894 
3.264253 0.742406 0.393976 -0.528475 1.510830 1.174937 0.993969 0.291805 0.072978 0.638558 0.335123 0.024637 
3.362664 0.094170 0.733614 -0.002785 0.612562 1.009824 0.478450 0.500760 0.692840 0.203528 0.022948 -0.068419 
3.158277 0.389516 1.079600 -0.392176 1.021146 0.539420 0.097578 0.994920 0.737561 0.128501 0.102287 -0.022139 
2.759218 0.828540 -0.512086 0.218701 0.999146 1.839783 0.913754 1.301800 0.519892 0.000018 -0.499754 -0.094982 
2.986667 -0.433627 0.466681 0.329016 0.595929 1.343167 0.738433 1.936912 0.313204 -0.141338 -0.249543 -0.065493 
1.392658 0.314838 0.809583 0.215645 3.059793 0.606659 2.226211 0.427669 0.361979 0.349590 -0.126239 0.013403 
1.180881 1.098449 0.793075 1.793620 2.285449 0.795925 1.125574 0.687359 0.212610 -0.084569 0.190399 -0.047165 
1.203504 0.696042 0.388642 1.063034 1.651850 2.053730 1.246075 0.703180 0.745413 -0.220299 -0.177302 -0.099396 
0.535193 0.966616 0.528212 1.290917 1.708596 2.223253 0.784687 0.582833 -0.001691 0.149970 -0.065251 -0.117187 
1.030017 1.462036 0.529724 1.082167 1.584766 1.260936 0.907342 1.296410 0.205646 -0.039017 -0.043017 -0.113011 
0.721208 1.306003 0.609049 1.595514 1.087826 1.534462 1.842868 0.251430 0.421438 0.080926 -0.101290 -0.096508 
0.703457 1.304420 0.406602 0.627769 2.009126 1.806153 1.492839 0.844202 0.797645 -0.489815 -0.346548 -0.068853 
1.401871 1.321570 0.464386 0.979907 1.071582 0.620268 1.626526 1.048597 0.344103 -0.606064 -0.059057 -0.067394 
1.003755 0.752136 0.352436 0.902733 1.984217 1.480404 1.753133 0.416891 1.081482 -0.398301 -0.303512 -0.100295 
0.987952 0.792111 0.175728 0.685147 1.553478 1.349669 2.359522 0.925962 0.575491 -0.039064 -0.227301 -0.153275 
1.045829 0.477784 -0.131397 0.625609 1.770767 1.829860 1.687327 1.317763 0.162255 0.276711 -0.491614 -0.113591 
0.876328 0.789172 0.656830 0.555356 1.463213 1.132509 2.484572 1.472446 0.689729 -0.158155 -0.431427 -0.071413 
0.858490 0.673239 0.920099 1.244734 0.860650 1.679813 2.085236 0.440972 0.463220 0.157155 -0.199788 -0.020513 
0.780764 1.543535 0.229999 1.912717 1.268721 1.938254 1.350781 0.556566 0.718206 0.146987 -0.242487 0.024702 
0.914834 0.650280 1.392662 1.219045 1.200423 2.175808 0.501962 0.425568 1.102806 0.310924 0.015260 -0.084491 
0.928741 0.592271 1.547904 1.796998 1.484980 1.548551 0.677086 1.008212 0.674251 0.183049 -0.086624 -0.026315 
1.192964 1.369063 0.716257 2.379718 0.882469 -0.016753 0.866151 0.282035 0.990012 0.280878 0.013094 -0.061018 
1.276874 1.760035 1.467712 1.538794 0.522043 0.630012 0.710491 0.087307 0.623275 0.390852 0.002540 -0.011659 
0.939974 1.254219 1.709465 1.267841 1.286047 0.481409 0.962579 1.032624 0.453129 0.094076 0.043448 -0.005664 
0.374749 1.037285 1.116771 1.668842 1.826438 1.335268 1.900563 0.640113 1.045694 0.069451 0.101472 -0.040914 
0.990561 1.033834 1.333100 0.900261 1.624981 1.740235 0.622608 1.004951 0.682353 0.227957 0.046423 -0.001695 
1.352995 1.020085 1.681745 1.582102 1.269875 0.138884 0.893222 0.676135 0.915532 0.405951 0.270976 -0.041498 
1.509338 0.609678 1.962245 1.453721 1.116376 0.177259 0.515530 0.225947 1.171928 0.443496 0.137144 -0.019359 
3.502528 -0.964044 1.990311 1.214146 1.113199 0.657486 0.744107 0.795273 0.472090 0.335526 0.158942 -0.018643 
4.178450 0.248089 0.224263 1.438789 1.325181 1.331314 1.453393 0.710449 0.381389 0.444859 0.028209 -0.054577 
4.355884 1.632816 -0.321769 0.404920 1.357483 0.727983 0.270162 1.043052 1.032488 0.098359 0.146891 0.009427 
6.615410 1.370426 -1.060675 1.010533 1.630684 0.373300 0.511757 1.008064 0.905804 0.126061 0.039875 0.085917 
6.484619 3.257088 0.340878 -0.176544 0.630176 1.064314 0.801806 0.474842 0.162636 0.005154 -0.075262 -0.038845 
5.094997 3.881217 3.896634 3.291923 1.709530 0.240936 0.151115 0.149826 0.184420 0.328688 0.098813 0.054270 
-1.#IND00 -1.#IND00 -1.#IND00 -1.#IND00 -1.#IND00 -1.#IND00 -1.#IND00 -1.#IND00 -1.#IND00 -1.#IND00 -1.#IND00 -1.#IND00 
-1.#IND00 -1.#IND00 -1.#IND00 -1.#IND00 -1.#IND00 -1.#IND00 -1.#IND00 -1.#IND00 -1.#IND00 -1.#IND00 -1.#IND00 -1.#IND00 
