-0.078083 0.310646 0.070457 0.243105 -0.640035 -0.343472 -0.356989 -0.230310 0.625365 0.217345 0.006853 -0.088640 
0.285280 0.033292 0.219457 0.485777 0.191935 0.047664 0.645834 -0.606474 0.473872 0.393586 0.119291 0.092510 
0.191652 -0.196079 0.240710 -0.379872 0.178927 0.035205 0.203479 -0.371818 0.382855 0.082920 0.259866 0.023746 
-0.186846 0.217409 0.183467 0.056347 0.158665 0.264973 0.191963 0.193641 -0.288171 0.026899 -0.115678 0.097971 
0.021836 0.103209 -0.000112 -0.442974 0.169819 -0.015911 -0.277795 0.066971 -0.030952 0.284627 -0.158456 0.012407 
2.937013 0.782987 1.215518 0.122411 1.506617 0.568005 1.658401 1.885402 0.227690 0.202687 0.169940 -0.038768 
3.176101 0.639331 1.576403 1.539467 1.501939 0.757069 0.721365 1.047491 1.284128 0.244464 -0.370708 -0.033725 
3.447138 0.545615 1.152945 0.350840 2.363790 0.821636 0.746398 1.382839 0.717155 -0.018510 0.197119 0.038850 
3.390664 0.422603 1.389862 0.821514 1.020738 0.660150 0.893928 1.059572 1.182436 0.209762 0.052163 -0.001481 
3.032639 0.792251 1.423783 0.921160 1.561851 0.981257 2.188132 1.402534 0.724592 0.361410 0.140577 -0.011077 
3.557159 0.654794 1.177664 0.302724 1.375685 1.236859 1.043519 0.709552 0.888111 -0.091601 -0.049087 0.026174 
3.393688 0.155761 0.881111 1.128250 1.857589 1.116743 0.988469 1.586469 0.647573 0.338626 -0.146453 -0.056668 
3.336072 0.366902 1.065148 0.145724 1.735102 0.462672 0.691129 0.791851 0.404979 0.426418 -0.169422 -0.031967 
3.267915 0.741305 1.182529 0.532605 2.452876 1.226587 1.196619 1.489727 0.445174 0.475828 0.166053 -0.034693 
3.019441 0.476989 1.970463 0.454195 2.091389 1.029847 0.868022 0.724281 0.912267 0.511536 0.064731 -0.013943 
3.360370 0.384157 0.965241 0.641491 1.616591 0.804018 0.766470 1.564698 0.625647 0.431905 -0.081647 -0.070341 
3.117267 0.399862 1.033705 0.914747 2.008660 0.308793 0.389611 0.436783 0.792572 0.102726 0.057089 0.020362 
3.462207 0.824447 1.310681 0.780274 2.407864 1.748516 1.106870 1.398028 0.807677 0.297944 -0.066589 -0.013700 
3.331388 0.924557 1.718533 0.098284 2.203655 1.722196 0.954141 1.326923 0.723264 -0.002424 -0.202457 -0.018763 
3.243410 0.749314 1.380118 0.241557 1.704445 0.738377 1.081170 1.241138 0.536992 0.101085 -0.089123 -0.022165 
3.269249 0.747174 1.801855 0.444581 1.764373 1.563295 1.046123 1.333672 0.936123 0.192253 -0.129079 -0.026967 
1.120259 -1.315706 -1.595854 -0.252719 1.923255 2.746729 1.176838 0.424128 0.048939 -0.374864 -0.042625 -0.063791 
1.102658 0.867212 0.571980 1.433336 1.611155 1.541401 1.261313 0.763987 0.528112 0.198978 -0.174367 -0.063914 
0.927312 1.274053 0.372495 0.552692 1.702556 1.853656 1.420597 0.890463 0.525981 -0.259039 -0.143261 -0.086114 
1.200069 0.267615 0.773857 0.923711 1.934181 1.843238 0.928305 0.976693 0.472458 0.024210 -0.164086 -0.098039 
0.971113 0.616605 0.205801 1.290927 2.141571 1.817862 0.763585 1.221191 0.450998 0.338573 -0.316037 -0.147225 
0.974734 0.994713 0.391765 1.497028 1.903524 1.313960 0.900836 0.625446 0.925720 -0.054212 -0.182513 -0.105872 
0.774602 0.667249 1.171596 1.307570 1.286736 1.506223 1.357752 0.339144 0.714497 0.033097 -0.275364 -0.115826 
1.014300 1.606905 0.479614 0.115170 1.564880 2.210765 1.579688 0.368954 0.212058 -0.146474 -0.091325 -0.060915 
1.119192 0.324263 1.081830 0.864985 1.412259 2.160865 0.641463 1.153751 -0.024035 0.048513 -0.306256 -0.048861 
1.071443 0.676320 0.753095 0.647509 1.747149 1.654325 1.442791 0.717746 0.392981 -0.110974 -0.240704 -0.078532 
2.306535 0.497413 1.283669 0.370733 1.253762 1.456890 1.261397 0.176440 0.235118 0.486897 -0.030439 -0.057407 
1.394419 0.597011 0.778316 1.411494 1.017218 2.119727 0.328061 1.161217 0.720900 0.458066 -0.339335 -0.106069 
2.054024 0.182410 0.354204 0.833144 0.476413 2.313445 1.549777 1.285632 0.201087 -0.022459 -0.137464 -0.099525 
1.045058 0.637721 1.390101 1.154373 0.838475 1.260963 2.291509 0.567189 0.290048 0.153497 -0.025925 -0.058295 
1.298264 1.184806 0.476249 1.245058 1.096319 1.299532 0.569977 1.026910 0.582024 -0.399451 0.227622 -0.081418 
0.975335 1.113017 0.733711 1.346646 1.585973 0.962158 1.798279 0.041056 0.182039 0.235016 -0.108258 0.015974 
1.066381 0.909440 2.178290 1.372724 0.231711 0.943101 0.219838 0.408094 0.745709 0.130657 0.246315 -0.071772 
0.988718 1.237222 2.205765 0.938931 0.721542 -0.297881 0.121368 0.351762 0.100875 0.295166 0.001145 -0.016899 
1.150974 1.972242 1.527509 1.170537 0.519113 1.131382 -0.239057 0.418868 0.057575 0.097473 -0.107201 0.029035 
0.854205 0.628156 0.764689 1.788975 2.622587 1.243372 1.238518 0.778631 0.514642 0.219822 0.122322 -0.046642 
0.557684 0.823207 1.150393 1.931776 1.794248 1.626818 2.230713 0.653250 0.010236 0.350165 0.180270 -0.046419 
0.664105 0.549194 2.069175 1.533441 0.938560 2.269573 1.226200 0.880583 0.626749 0.236154 -0.028854 0.015742 
1.037415 0.576670 1.604463 0.846819 2.114681 0.792747 0.775121 0.957816 0.655157 0.060628 0.309115 -0.021386 
1.675615 0.655810 0.957270 0.705290 1.911775 0.774645 0.964887 0.464857 0.748689 0.050724 0.022582 0.060308 
4.051074 -1.597734 2.327233 0.304943 1.917250 0.207200 1.075151 1.062092 0.207280 0.767280 0.308850 -0.007529 
5.924012 0.775470 -0.751401 1.349676 1.267983 0.246425 1.244462 1.279669 0.545538 0.000919 0.194615 0.125029 
3.144653 3.021816 2.934163 2.359121 0.429545 -0.227649 -0.022909 -0.000848 0.815880 0.463440 0.150797 0.083064 
-1.#IND00 -1.#IND00 -1.#IND00 -1.#IND00 -1.#IND00 -1.#IND00 -1.#IND00 -1.#IND00 -1.#IND00 -1.#IND00 -1.#IND00 -1.#IND00 
-1.#IND00 -1.#IND00 -1.#IND00 -1.#IND00 -1.#IND00 -1.#IND00 -1.#IND00 -1.#IND00 -1.#IND00 -1.#IND00 -1.#IND00 -1.#IND00 
