0.265329 -0.157032 -0.156651 0.102767 0.234854 -0.127294 -0.209949 0.104588 0.376257 -0.273281 0.293094 -0.057833 
0.063660 0.105959 -0.013643 -0.120277 0.241585 0.269165 -0.327095 0.329714 -0.524694 0.053519 0.100421 -0.009850 
0.004486 0.251461 0.077608 0.561985 0.153464 -0.502068 -0.276284 -0.342012 -0.064063 0.227673 -0.134145 -0.089063 
-0.013742 -0.151470 0.503550 0.288308 -0.721024 -0.108885 0.650317 0.320442 -0.262847 0.004935 -0.002970 -0.042538 
0.070535 0.097972 0.025916 -0.445673 -0.523056 0.039949 -0.117931 -0.268283 -0.269575 0.052699 -0.023924 -0.101774 
0.068858 0.101652 -0.185291 -0.309044 0.261697 0.201255 -0.757104 0.187116 -0.171924 0.256597 -0.045410 0.055701 
0.034149 0.125317 -0.543398 -0.084849 -0.152470 -0.258363 0.015862 0.119106 -0.274304 0.129379 -0.031813 0.028197 
-0.051942 0.450321 0.077137 0.119273 -0.254998 0.782376 -0.168998 0.060634 0.283959 0.145606 0.069390 0.014841 
-0.089160 0.292595 0.048363 0.213201 -0.673481 -0.374434 -0.385932 -0.253665 0.603859 0.199517 -0.004814 -0.093044 
0.283705 0.030184 0.215913 0.484003 0.191823 0.045730 0.644783 -0.606919 0.474187 0.394374 0.119390 0.092827 
0.190641 -0.197250 0.239586 -0.381593 0.174928 0.031297 0.199146 -0.373621 0.380717 0.081139 0.258716 0.022697 
-0.175898 0.235139 0.205414 0.080301 0.186697 0.295266 0.224510 0.223324 -0.262307 0.045749 -0.102113 0.102988 
0.015046 0.093531 -0.012974 -0.459885 0.151434 -0.033367 -0.296558 0.048461 -0.044630 0.275102 -0.164417 0.010095 
0.069494 -0.151850 -0.202491 0.521703 0.228495 0.160604 0.202549 0.237176 0.207374 -0.217313 0.319216 -0.022671 
3.231297 0.912161 1.489115 -0.479295 1.282983 1.606278 1.735087 1.035162 0.036630 0.291729 0.056668 -0.034308 
3.111244 0.936830 0.766535 -0.045232 1.419932 1.590113 1.896386 1.215514 0.090257 0.144349 -0.175705 -0.063613 
3.135115 0.986216 1.434806 -0.707498 2.014356 1.118972 1.008144 1.138667 0.396912 -0.007695 0.204974 0.009025 
3.039054 1.100578 1.495621 0.729265 0.898006 1.328065 1.055576 0.899760 0.799405 0.322584 0.341622 0.011881 
1.868107 -0.191545 0.998917 -0.413087 1.663826 1.421275 2.297327 0.450416 -0.160866 0.164940 -0.280773 -0.053891 
0.749322 0.180902 1.929893 1.376193 2.382028 0.789413 1.047320 0.923123 1.114351 -0.198443 0.080384 -0.074054 
0.935999 1.219890 1.460387 0.730306 1.880075 1.266258 1.179214 0.423838 0.304202 0.312946 0.008104 -0.079156 
0.692951 0.581477 1.452129 1.793348 1.411215 1.736924 0.709466 0.752743 -0.017255 0.204970 0.109952 -0.129257 
0.909159 0.742072 0.501210 1.363667 1.969793 1.129457 0.333170 1.097779 0.404949 0.368196 -0.080649 -0.169173 
0.551882 0.513393 0.733198 1.383641 1.751905 2.194669 1.060112 0.716955 0.726154 0.044663 -0.077765 -0.156576 
0.710729 0.885953 1.127910 0.808327 2.051691 1.157492 1.128001 0.855202 0.370385 0.007793 -0.203750 -0.089934 
1.015296 1.236243 1.083620 0.991421 1.462125 1.258825 0.908409 0.774809 1.057602 -0.323652 -0.207745 -0.062618 
0.660992 0.424568 1.667089 1.121082 1.235464 2.100946 1.672021 0.143951 1.210880 -0.103547 -0.181855 -0.093999 
1.096852 1.058845 0.244355 0.750501 2.186415 1.613974 0.546179 0.605048 1.033468 0.252143 -0.249012 -0.064889 
0.675524 0.908134 0.640714 1.443994 1.491899 2.099327 1.203656 1.003757 0.617206 0.072984 0.061668 -0.101006 
0.626129 0.935951 1.091508 1.339337 1.764491 1.593636 0.944050 0.681071 0.730674 0.305412 -0.032541 -0.077647 
0.955756 0.877754 1.041479 1.622343 1.506490 0.784526 0.415343 1.031410 0.883185 0.158210 -0.092403 -0.095459 
0.898091 0.755888 1.558139 0.854998 2.048796 0.546133 0.177065 1.310340 0.432369 0.521899 0.062640 -0.121805 
1.032157 1.331164 1.187972 0.836081 1.076601 1.334763 0.399339 0.611294 0.136248 0.425279 0.050097 -0.032323 
1.334468 1.564293 1.711314 0.672207 0.657962 -0.894702 0.193756 0.322754 1.219112 0.448540 0.097738 0.027973 
1.167321 1.592173 1.815747 0.421455 0.966108 -0.215164 -0.110045 0.868524 0.648160 0.059799 0.198397 0.039296 
1.254182 1.111472 1.706828 0.723680 1.832765 1.178592 0.231826 -0.185380 0.801931 0.209322 0.165475 -0.001245 
1.147868 1.622269 1.183380 0.753415 1.020384 0.391336 1.381109 1.008564 0.621905 0.266185 0.233639 -0.069827 
0.832922 1.205676 1.274418 0.946009 1.628309 1.786376 1.531113 0.844700 0.598321 0.427114 0.014945 -0.045548 
0.979627 0.907130 0.417418 1.489167 1.929184 1.059822 1.743669 1.370914 0.534166 0.103195 0.179198 -0.096373 
1.005482 0.863517 1.656793 0.761206 1.764932 1.881048 1.467579 0.562331 0.418202 0.380392 0.105095 -0.045920 
0.822090 0.991917 1.164637 1.331297 1.356010 1.929350 1.481971 0.587327 0.075214 0.348970 0.253490 -0.057305 
1.366506 0.030918 1.486900 1.020108 2.196481 1.783023 2.167163 0.412586 0.603296 -0.200166 0.255526 0.033663 
2.454138 0.087736 1.850041 0.612157 1.088052 1.035377 0.822750 1.223201 0.101053 0.163797 -0.059047 -0.004948 
4.215847 2.256207 0.305537 -0.086848 0.625001 1.001168 0.954380 0.873780 0.651412 0.423904 0.402080 0.073843 
3.881003 2.688797 1.129434 0.259021 0.398511 0.829315 0.864492 0.419163 0.088610 0.207371 0.437821 0.089120 
4.080423 3.578050 3.017088 1.873005 0.755692 0.159300 0.260159 0.580835 0.670062 0.534363 0.192347 0.070518 
3.727576 2.995123 2.278299 1.521332 0.504032 0.188644 0.471182 0.598400 0.415729 0.222919 0.127061 0.031663 
3.202093 2.905484 2.587198 2.091969 1.629008 1.086208 0.551146 0.352047 0.131107 0.148005 0.279374 0.036207 
-1.#IND00 -1.#IND00 -1.#IND00 -1.#IND00 -1.#IND00 -1.#IND00 -1.#IND00 -1.#IND00 -1.#IND00 -1.#IND00 -1.#IND00 -1.#IND00 
-1.#IND00 -1.#IND00 -1.#IND00 -1.#IND00 -1.#IND00 -1.#IND00 -1.#IND00 -1.#IND00 -1.#IND00 -1.#IND00 -1.#IND00 -1.#IND00 
