-0.027606 -0.172374 0.477236 0.257680 -0.755902 -0.147690 0.612811 0.291201 -0.290359 -0.017995 -0.016868 -0.047889 
0.079675 0.112113 0.044143 -0.424431 -0.501054 0.060502 -0.096302 -0.250790 -0.257398 0.063199 -0.016872 -0.098858 
0.065580 0.097033 -0.191493 -0.316635 0.253056 0.193273 -0.766049 0.178362 -0.178087 0.252262 -0.048657 0.054640 
0.047652 0.146732 -0.514788 -0.053359 -0.116477 -0.221432 0.050820 0.149345 -0.250214 0.146286 -0.020456 0.032467 
-0.056248 0.442830 0.068354 0.108205 -0.269326 0.767011 -0.183096 0.049478 0.274778 0.138914 0.065059 0.013218 
-0.080411 0.305353 0.064644 0.235396 -0.651175 -0.349618 -0.364244 -0.236754 0.619527 0.211512 0.003872 -0.089601 
0.284739 0.031249 0.217240 0.484989 0.192221 0.047643 0.643959 -0.606972 0.474815 0.393341 0.118632 0.092750 
0.190584 -0.196716 0.240789 -0.380579 0.177072 0.033405 0.201362 -0.372064 0.381201 0.081589 0.258770 0.023155 
-0.185097 0.222467 0.187187 0.059719 0.163828 0.269069 0.199506 0.199442 -0.282021 0.030232 -0.112664 0.098694 
0.020493 0.100166 -0.002290 -0.448626 0.163274 -0.020815 -0.281491 0.061424 -0.035423 0.282995 -0.159607 0.012004 
0.072135 -0.175859 -0.196123 0.404989 0.236510 0.137222 0.331684 0.126410 0.205018 -0.231096 0.318061 -0.042095 
3.239781 0.634170 1.384437 -0.529861 1.271626 1.007465 0.106044 0.878103 0.359906 0.078953 0.334099 0.034272 
3.218129 0.764621 1.080311 -0.101032 1.320430 1.373556 1.263978 1.070988 0.638387 0.355325 0.150241 -0.022449 
3.310406 0.313722 0.602057 -0.108785 0.561015 0.780296 0.848199 0.834318 0.280025 0.321630 -0.014113 -0.025256 
3.242152 0.577284 1.036974 -0.535534 1.342951 1.429417 0.709241 1.247256 0.336490 -0.136851 0.266222 -0.005117 
3.153955 0.356842 0.917206 -1.588292 1.383064 1.115003 0.936883 0.959654 0.280416 0.206678 -0.067473 -0.037653 
3.144204 0.742851 0.728548 -0.651225 1.544976 0.564865 0.770511 0.740209 0.392714 0.258401 0.081375 -0.014153 
3.015535 0.286679 0.852504 -0.500867 0.846660 0.943640 0.587804 0.777742 0.338407 0.200717 -0.012733 -0.047789 
3.287909 1.229051 0.886733 0.217937 1.878284 1.510592 0.869188 1.140222 0.630828 0.304557 0.163117 0.002372 
3.378093 0.239294 1.612777 -0.761352 0.613143 1.234618 0.100059 0.906786 0.316630 0.364202 0.144088 -0.047561 
1.580859 0.765459 0.963627 1.784835 1.130594 -0.128351 1.646621 0.683136 0.928415 0.119863 0.035587 -0.009018 
0.740287 0.838977 0.581445 1.166634 1.914184 1.842519 1.193479 0.846810 0.871445 0.013648 -0.265257 -0.082081 
0.846311 0.828953 0.875851 0.899990 1.380372 2.037953 1.742618 0.154280 0.681685 0.180538 -0.187905 -0.094113 
0.918905 1.104185 0.678683 0.367970 1.858620 1.354100 1.302768 1.157548 0.605391 0.168844 -0.284918 -0.126016 
1.000083 1.171784 0.768102 1.030513 1.547617 1.444454 1.510550 0.752042 0.390771 -0.150303 -0.071474 -0.096390 
0.888396 1.273534 0.896953 0.896864 0.861674 2.160269 1.338352 0.368750 0.485341 0.327593 -0.210869 -0.118297 
0.766507 0.948844 1.003228 0.706785 1.544536 0.970236 2.132538 0.537737 0.383935 0.139982 -0.280574 -0.123746 
0.802776 1.077986 0.801622 0.857509 1.832226 1.389928 1.234337 0.750366 0.850361 -0.264013 -0.077096 -0.147903 
1.189638 0.470104 0.786959 1.810423 0.888087 1.070956 1.751006 0.751914 0.330422 -0.076221 -0.161158 -0.112023 
0.870883 0.654465 0.292679 1.786254 1.448000 2.155320 0.686993 0.311080 0.498443 -0.007022 -0.309390 -0.069248 
0.888007 0.560240 0.495953 1.563192 2.204444 1.366317 1.186530 0.698793 0.643050 -0.115927 -0.007288 -0.134744 
1.261867 0.711559 0.773163 0.613482 0.956500 1.656003 1.770445 0.206042 0.609811 -0.286664 -0.030180 -0.130519 
0.933837 1.502217 0.398935 1.184624 1.331182 0.538592 1.179388 0.591162 0.018142 0.202749 0.238859 -0.200249 
0.491788 1.281557 1.248518 1.343824 1.601026 1.132104 0.580336 0.654800 0.901695 0.311780 -0.049656 -0.099632 
1.047420 1.545799 1.307120 1.157810 1.136062 0.606002 -0.003900 0.579245 0.728913 0.376468 -0.146117 -0.034621 
1.407177 1.190150 1.666515 1.051138 0.127167 -1.070916 -0.103080 0.239247 0.814166 0.392269 0.216334 -0.046566 
1.233569 1.297471 0.892921 1.546815 0.820615 -0.352043 -0.174979 0.550419 0.516056 0.128051 0.046875 -0.016709 
1.431060 1.139132 1.114083 1.571888 0.130847 0.609406 0.005624 0.235851 0.198510 0.343324 -0.019126 0.015779 
0.912413 1.124204 1.790282 1.552671 1.546477 1.206167 0.559213 0.576729 0.342320 0.025905 -0.004665 0.011217 
1.316707 1.318890 1.329093 1.563134 0.363245 0.987048 0.592474 0.834383 0.788335 0.286968 0.235765 -0.029282 
0.627437 1.248958 1.346116 1.111265 0.993705 1.868296 1.492982 1.047040 0.893666 0.571728 0.065384 -0.093550 
2.124945 0.424385 1.610597 0.819208 0.832113 0.788670 0.958303 0.879032 0.465375 0.302200 0.041171 0.009958 
2.535411 -0.323152 1.563548 0.922466 1.057458 1.102358 1.025007 1.071583 0.715097 0.377216 0.489767 -0.055729 
4.597851 0.127188 0.348151 1.407529 0.966394 1.686275 1.392881 0.481746 0.471989 0.373496 0.117720 -0.006090 
4.945967 2.545448 -0.023417 -0.074126 1.162399 1.250551 0.590666 0.544818 0.673110 0.468147 0.323784 0.051127 
7.295412 1.474185 -0.206137 0.012506 1.457442 0.823347 0.007133 0.527331 0.391997 0.299620 0.175332 0.042675 
4.083733 2.637809 0.857984 0.133274 0.624869 1.017202 0.847305 0.576742 0.511305 0.473720 0.314944 0.053575 
3.773841 2.674530 1.296858 0.688317 0.851260 0.887736 0.607811 0.340117 0.426607 0.488128 0.254500 0.054464 
-1.#IND00 -1.#IND00 -1.#IND00 -1.#IND00 -1.#IND00 -1.#IND00 -1.#IND00 -1.#IND00 -1.#IND00 -1.#IND00 -1.#IND00 -1.#IND00 
-1.#IND00 -1.#IND00 -1.#IND00 -1.#IND00 -1.#IND00 -1.#IND00 -1.#IND00 -1.#IND00 -1.#IND00 -1.#IND00 -1.#IND00 -1.#IND00 
