3.129679 -0.118015 0.536407 -0.706380 1.280662 0.860486 0.264565 1.552787 0.318381 -0.058608 0.029682 -0.066810 
3.061499 0.634491 0.501333 -0.267829 0.897690 1.268093 1.212591 0.621295 0.277332 0.267670 -0.052377 -0.017661 
3.092744 0.642315 1.011474 -0.357676 0.909890 0.832613 0.513969 0.750100 0.272583 0.149870 0.104005 0.019585 
3.006506 0.929023 1.400422 -0.416732 1.426385 0.650579 0.535479 0.844441 0.336018 0.076550 0.065415 0.019187 
2.973480 0.182771 1.211436 0.013496 0.639230 1.481346 1.119685 1.067554 0.455231 0.254828 -0.118275 -0.062826 
3.072031 0.258114 1.220137 0.028740 1.478304 0.945969 -0.231890 0.733139 0.620902 0.491883 0.205966 -0.012577 
2.994806 -0.176944 1.078393 -0.274970 0.789437 0.875154 0.788863 0.645259 0.258003 0.110323 -0.030727 -0.014117 
3.016728 0.566061 0.969135 -0.570692 1.069119 0.461068 0.818818 0.646362 0.176074 -0.014686 -0.011514 0.008881 
3.088561 0.272485 0.671275 -1.014630 1.667736 1.013345 0.571892 0.638730 0.478748 0.300943 -0.072601 -0.021086 
3.255667 0.452527 1.321455 -0.050154 1.335131 0.504977 0.870607 0.553967 0.641952 0.584574 0.051670 -0.012979 
3.207636 0.473361 0.953993 -0.926137 1.632887 0.743408 0.921874 0.900077 0.441437 0.424628 0.013252 -0.041344 
2.912387 0.394803 1.344784 -1.366416 0.766281 1.409380 0.731001 0.974100 -0.096169 -0.214522 0.243870 -0.009148 
3.147239 0.212596 0.861382 -0.452554 1.113317 0.359240 0.445873 0.971334 0.336668 0.289564 0.028733 -0.019043 
2.982592 0.381740 1.094669 0.050592 1.196437 0.571941 0.899523 0.936844 -0.298224 0.044915 -0.094959 -0.010105 
2.994915 0.629360 0.832998 -0.715226 1.207647 0.823043 0.908876 0.721765 0.361213 0.375135 0.037959 -0.003385 
3.196606 0.554731 0.347033 -0.442402 1.712773 1.341540 0.243991 0.658201 0.229045 0.206998 0.194657 0.002600 
3.393254 0.515861 1.475609 0.091222 1.227483 1.301813 0.734024 0.082072 0.475347 0.052704 0.148316 0.035107 
2.935268 0.457392 1.176174 -0.609938 1.393512 1.497717 1.000086 0.987952 0.126026 0.303441 0.211126 -0.032667 
2.987518 0.098994 0.903229 -0.879688 1.013376 1.287537 0.919398 -0.093834 -0.176544 0.326591 0.009614 -0.014454 
3.282174 0.113557 0.669042 -0.062842 1.564942 1.239983 0.772373 1.036669 0.845729 0.202048 0.248320 -0.006979 
3.269339 1.043166 1.671181 -0.437224 1.634735 0.547729 0.602252 1.359995 0.544245 0.244181 0.052327 -0.024635 
2.152239 0.402566 0.843415 0.812762 1.569372 1.431190 1.000783 0.833427 0.909687 0.169308 -0.419283 -0.014389 
0.769056 0.869507 0.671089 1.453563 1.597924 1.681992 1.453432 1.060752 0.908283 -0.284269 -0.237003 -0.059877 
1.083984 1.439305 0.851896 0.624159 2.195507 0.902723 1.266085 0.885700 0.299687 0.374923 -0.287402 -0.052666 
0.720649 0.963284 0.633903 1.113857 1.709486 1.574794 1.175129 0.481170 1.173010 0.082057 -0.368809 -0.108081 
1.134830 0.694685 1.194437 1.187175 1.467044 1.355101 0.876732 0.624836 0.571323 0.107822 -0.278133 -0.092827 
1.030009 0.820139 0.602451 0.672742 1.480781 1.767386 0.848408 1.419596 0.311267 0.096967 -0.390801 -0.108495 
0.559625 0.825089 0.165384 1.259800 2.251197 1.908817 0.642436 0.454559 0.963083 0.016904 -0.307584 -0.158196 
0.660646 1.181674 1.269568 1.309354 1.925576 0.573541 0.876652 0.747535 0.623359 0.201252 -0.114519 -0.114285 
0.855022 1.456610 0.920635 1.292603 1.410228 0.552749 0.463062 0.681648 0.693453 0.128788 -0.148829 -0.084397 
1.231937 0.891012 0.719387 1.031042 0.980051 1.859356 1.527257 1.089615 0.231189 -0.003008 -0.030946 -0.102560 
1.184124 1.185527 0.617426 0.408911 1.238255 1.423180 1.250792 0.588299 0.351006 0.676000 -0.114248 -0.112756 
0.987017 1.020480 1.280763 1.006510 1.624265 2.179578 0.427691 0.699320 0.122600 0.277074 -0.105107 -0.097909 
1.250140 0.293453 0.421822 2.314987 1.795121 1.098881 0.993029 1.252689 -0.057371 -0.134262 0.032791 -0.057876 
0.991202 0.790104 1.414580 1.093828 1.759009 1.507574 1.117563 0.324569 0.010200 0.345385 -0.061469 -0.045655 
1.264910 1.100200 0.907014 0.839521 2.216178 0.995099 0.365310 0.591013 0.271765 0.351782 0.083106 -0.074322 
0.970741 0.858205 0.650233 1.616043 2.021954 0.300777 1.037606 0.794590 0.382144 0.191351 -0.076113 -0.071425 
1.353270 1.300735 0.758587 0.998087 0.856562 0.485218 0.814441 0.322621 0.959646 0.473287 0.094910 -0.058104 
0.670161 1.063945 1.581219 1.711134 0.557436 0.768906 0.548685 0.843818 1.137435 0.636268 0.030596 -0.108822 
1.126980 0.967414 1.712855 0.992208 1.820582 0.629017 0.878373 0.026527 0.458992 0.052011 0.002632 0.029187 
0.928563 0.550750 1.110566 1.402233 2.607427 1.005292 1.794940 0.705051 0.511311 0.278098 0.140836 -0.031866 
0.553087 0.817586 1.995439 1.438332 1.293234 1.916049 1.145760 0.652913 0.542922 0.274841 0.264730 -0.034331 
0.517497 0.828827 1.567062 1.550467 1.467729 1.389423 1.967581 1.160021 0.471992 0.407354 0.166342 -0.061387 
1.343685 0.665669 1.413750 0.684362 0.835674 1.401256 0.874420 0.946315 0.532567 0.083913 0.211933 -0.000163 
1.659480 -0.141171 1.682811 0.701905 1.633661 1.299667 1.052822 1.099577 0.545906 0.154449 0.045482 -0.017219 
2.722063 -0.775325 2.406932 -0.006253 1.839843 0.922813 1.523536 0.546581 0.568649 0.105391 0.084970 0.072909 
3.546250 0.647675 1.140157 0.108489 0.807197 1.332129 0.876170 0.541178 0.719662 0.693118 0.320827 0.001273 
5.279527 2.062839 1.774616 0.133148 0.259518 0.969909 0.915244 0.788888 -0.308243 0.103525 0.283038 0.077020 
-1.#IND00 -1.#IND00 -1.#IND00 -1.#IND00 -1.#IND00 -1.#IND00 -1.#IND00 -1.#IND00 -1.#IND00 -1.#IND00 -1.#IND00 -1.#IND00 
-1.#IND00 -1.#IND00 -1.#IND00 -1.#IND00 -1.#IND00 -1.#IND00 -1.#IND00 -1.#IND00 -1.#IND00 -1.#IND00 -1.#IND00 -1.#IND00 
