0.076308 -0.168990 -0.188171 0.414651 0.246542 0.145569 0.342571 0.136300 0.213711 -0.224314 0.321982 -0.040529 
2.984827 0.887782 0.855480 -1.233633 1.073410 1.208694 0.031825 1.347226 0.247130 0.420249 0.380243 -0.036750 
3.365218 0.558782 0.937306 -1.036980 1.756413 0.703033 0.770370 1.105388 0.209078 0.013368 0.123183 0.010595 
3.196873 0.055529 1.044053 0.028037 1.541602 1.450251 1.354444 0.952710 -0.053739 0.814629 0.127234 -0.090869 
3.114160 0.448795 0.570553 -0.773177 1.501633 0.677004 0.549611 0.764928 -0.218362 0.048294 0.327842 0.059336 
3.190210 0.210444 1.620211 -0.991621 0.884754 0.857495 0.358906 0.095076 0.494498 0.461889 -0.045771 -0.025013 
3.577584 0.345209 1.077297 -0.575280 1.576286 1.061590 0.783925 1.618808 0.562696 0.445602 0.140240 -0.070334 
3.134762 0.300603 0.744755 -0.228778 1.908491 1.058270 1.171793 0.339663 0.485674 0.486040 0.189038 -0.004069 
3.208785 0.095221 0.175316 -0.735914 1.195578 0.811115 0.788174 1.014662 0.220954 0.085626 0.081430 -0.079357 
3.450180 0.681471 0.707158 -0.657110 1.236481 0.946435 1.481636 1.306063 0.180796 0.492771 0.041091 -0.052723 
3.063140 0.073569 0.864571 -0.634051 1.485163 1.459780 1.301765 0.457038 -0.038863 0.324802 0.048622 -0.041703 
3.193824 -0.141892 0.893880 -0.246454 0.775613 0.983885 1.047814 0.753595 0.031295 0.280881 0.049460 -0.040835 
3.337027 0.286744 0.763945 -0.314601 0.893277 1.521470 0.897506 0.941794 0.432241 0.133554 0.049088 -0.054167 
3.273116 -0.029742 1.300699 -0.629907 1.289575 1.743210 0.857132 1.489273 0.196085 0.243651 0.134054 -0.064055 
3.351671 0.253748 0.732166 -0.696402 1.542298 1.248418 1.563662 0.345497 0.208057 0.381208 0.152357 0.031050 
3.491996 1.102594 1.243986 -0.165921 1.158237 1.055454 0.727785 0.806529 -0.003363 0.472136 0.264329 0.001181 
3.326046 0.571440 1.099697 -0.715914 1.527851 1.058574 1.173619 1.263773 0.262017 0.460058 0.281258 -0.024384 
3.281744 0.716718 1.339538 -0.027294 1.769583 0.861811 0.794074 1.434605 0.396425 0.242189 0.100156 -0.021496 
3.201615 0.880826 1.127276 0.604794 1.636233 1.084773 1.017844 1.076460 0.096950 0.354438 0.386617 0.022335 
2.899963 0.479025 0.584625 -0.571208 0.880107 1.194416 0.600805 0.572360 0.229246 0.261388 0.029365 -0.043518 
3.048023 -0.126816 0.640965 -0.370155 0.943573 0.613532 0.165924 0.873526 0.149300 0.123384 0.107060 -0.043447 
0.347339 0.506164 0.516446 1.035225 1.963602 2.096615 1.804466 1.655462 1.009582 -0.144866 -0.506670 -0.079091 
0.969256 1.201668 1.293066 0.841668 0.691418 2.240254 0.880183 0.364135 0.514726 -0.068855 0.141404 -0.106549 
0.710477 0.982714 0.410992 1.052295 2.431982 1.421540 1.021570 0.727734 0.690652 -0.082547 -0.242065 -0.130595 
0.819267 0.625494 1.150974 0.897280 1.377736 1.592097 1.533630 0.908988 0.161675 0.038417 0.051964 -0.200533 
0.972550 0.865227 0.167577 1.197837 1.431694 1.419908 1.112832 1.134854 0.460329 0.006363 -0.139215 -0.187112 
0.620433 1.024740 0.622699 0.905239 0.999596 1.912907 1.543177 1.050284 0.405661 -0.054659 -0.306888 -0.156828 
0.734900 0.438239 0.864188 0.459263 1.669645 2.371544 1.410983 0.858532 0.338473 -0.099038 -0.281173 -0.129556 
0.840758 1.011319 0.270464 0.826639 2.026066 1.633036 1.073086 0.664325 0.848963 0.519562 -0.439774 -0.128624 
1.468307 0.314169 0.393539 1.209417 1.669131 1.111046 1.794194 1.215966 0.147504 0.342268 -0.288958 -0.128945 
0.922602 1.293947 0.325042 1.446656 1.623005 1.131441 0.728775 0.744862 0.124814 0.280955 -0.120464 -0.112698 
1.043770 1.076784 1.123632 0.307390 1.077452 1.411436 0.694522 0.817252 0.767446 -0.066338 -0.313834 -0.098238 
1.178174 1.047558 1.522671 1.162502 0.703553 0.423878 0.887883 -0.105960 0.432352 0.475888 -0.032706 -0.091592 
0.940498 0.994150 0.349449 1.196046 1.772576 1.278452 1.171369 1.287505 0.662067 0.120572 -0.205418 -0.016090 
0.915267 1.080068 0.673207 1.038183 1.428008 1.696378 1.067885 0.162133 1.153625 0.205473 0.284188 -0.075662 
0.745674 1.466014 1.128637 1.086323 1.466007 1.057911 1.031510 1.018811 0.551992 0.552905 0.064556 -0.036980 
0.992140 1.184549 1.855827 0.810216 1.034340 0.435117 0.566363 1.675417 0.840983 0.136868 0.253879 -0.042009 
0.972669 1.639452 0.940373 0.884722 1.121199 0.756933 1.071829 0.610430 0.656371 0.725420 0.200954 -0.059664 
0.843822 1.632112 1.005261 1.083338 0.824112 1.776718 0.364498 1.021200 1.074344 -0.217599 -0.130784 0.067439 
1.322274 1.104930 1.826246 0.950139 0.983814 1.056255 0.147277 0.494696 0.297444 0.107291 0.099746 0.026546 
0.968903 1.095490 1.377503 0.753741 1.419501 1.355839 0.743424 1.291510 0.347793 0.366825 0.170225 -0.052899 
1.350885 0.185451 1.661883 0.642853 2.166232 0.769036 1.535562 0.568433 0.667808 0.087145 0.135243 0.032421 
1.091622 0.244762 1.579600 1.576275 1.934440 1.487647 0.604925 1.138106 0.690043 0.475365 -0.022162 -0.026146 
2.852787 -0.618480 1.515180 0.299558 1.991939 1.364443 1.786595 0.027399 0.307295 0.277709 0.082451 0.064672 
2.583471 -0.915161 1.920270 1.221722 0.875991 1.351109 1.305260 0.199858 0.602539 -0.069906 0.279859 0.077150 
4.220631 0.625540 0.375046 0.471010 1.736864 1.103512 1.352363 0.310633 0.282965 0.285601 0.276535 0.063868 
4.387759 1.064036 0.406961 0.840351 1.263299 0.777410 0.613641 0.675021 0.233890 0.012921 0.190168 0.061622 
4.565333 1.756205 0.161334 0.920224 1.325460 0.852473 0.749035 0.624793 0.202805 0.044816 0.069030 0.024287 
-1.#IND00 -1.#IND00 -1.#IND00 -1.#IND00 -1.#IND00 -1.#IND00 -1.#IND00 -1.#IND00 -1.#IND00 -1.#IND00 -1.#IND00 -1.#IND00 
-1.#IND00 -1.#IND00 -1.#IND00 -1.#IND00 -1.#IND00 -1.#IND00 -1.#IND00 -1.#IND00 -1.#IND00 -1.#IND00 -1.#IND00 -1.#IND00 
