-0.086759 0.233620 0.114346 0.209814 0.242320 0.508215 0.446457 0.184698 -0.374704 -0.055420 -0.033340 0.085160 
-0.184794 0.081995 0.179459 -0.508367 0.089450 -0.041107 -0.129605 0.239338 -0.082853 0.147646 -0.239122 0.056205 
0.264679 -0.158276 -0.158835 0.099049 0.230777 -0.131547 -0.213986 0.100748 0.373802 -0.275149 0.291953 -0.058298 
0.060540 0.100797 -0.020512 -0.127435 0.233330 0.260378 -0.336090 0.321162 -0.531024 0.048197 0.096287 -0.011490 
0.009711 0.259994 0.089548 0.576646 0.168517 -0.487455 -0.264027 -0.330475 -0.053288 0.236109 -0.128771 -0.087056 
-0.024240 -0.167607 0.483389 0.264699 -0.747709 -0.138818 0.621994 0.298080 -0.283751 -0.012557 -0.013465 -0.046645 
0.077081 0.108069 0.039405 -0.430660 -0.508165 0.055280 -0.102753 -0.255569 -0.260437 0.059793 -0.018920 -0.099588 
0.066166 0.097612 -0.191050 -0.315697 0.254317 0.193673 -0.764874 0.179910 -0.177120 0.252835 -0.048253 0.054587 
0.044040 0.141193 -0.521937 -0.061612 -0.126520 -0.230793 0.041777 0.141538 -0.256175 0.141836 -0.023520 0.031376 
-0.055453 0.444800 0.069832 0.110270 -0.266923 0.770210 -0.179915 0.050965 0.276925 0.140646 0.065921 0.013483 
-0.083078 0.302033 0.060005 0.229037 -0.656542 -0.357473 -0.370581 -0.241517 0.615146 0.208618 0.001398 -0.090648 
0.284396 0.031282 0.217134 0.484421 0.191483 0.046458 0.644302 -0.607299 0.473850 0.393410 0.118872 0.092600 
0.190518 -0.197433 0.239372 -0.381926 0.175674 0.031947 0.200009 -0.373720 0.380603 0.081109 0.258637 0.023000 
-0.182904 0.224578 0.191438 0.064785 0.168971 0.275619 0.204514 0.204700 -0.278160 0.033764 -0.110505 0.099748 
0.018617 0.098217 -0.006170 -0.451739 0.160132 -0.024725 -0.286583 0.057725 -0.037970 0.280180 -0.161305 0.011314 
0.073107 -0.174127 -0.194284 0.407191 0.238988 0.138295 0.334454 0.128440 0.207070 -0.229380 0.319090 -0.041679 
3.227135 0.078795 0.875238 -0.852523 0.730760 0.397939 0.522596 0.698753 0.366143 0.081889 0.031727 -0.015903 
3.256261 0.154054 0.577520 -1.050349 1.562570 1.409521 0.984474 1.227718 0.307231 0.368678 0.190021 -0.051093 
3.011467 0.353829 0.796272 -0.740081 0.697496 1.372550 -0.021000 0.558038 0.052612 0.292522 0.017917 -0.041069 
3.356951 0.397952 0.771171 -0.607457 1.114485 0.692413 0.240491 0.706948 0.042515 0.266755 0.206231 0.002841 
3.381731 -0.141388 0.668238 -0.849284 0.918013 1.075531 0.808468 0.699323 0.549642 0.268990 0.266695 0.014497 
3.053597 0.344013 0.819158 -0.530530 1.804736 0.438400 1.181674 0.409937 0.956092 0.191083 0.046473 0.018196 
0.862405 1.298313 0.613638 1.067563 2.668168 0.344800 0.769613 1.858966 0.436826 0.017650 0.015207 -0.124971 
0.780788 1.123377 1.270714 1.293862 1.451452 1.968213 1.004070 0.531401 0.188963 0.521009 -0.010319 -0.089890 
1.230395 0.695024 1.096909 1.336244 0.996297 1.674973 0.794822 1.021065 0.271269 0.350813 -0.486888 -0.037208 
0.766327 0.890374 0.174060 1.767420 1.114833 2.261435 0.632109 1.313013 0.241004 -0.082466 -0.097813 -0.121270 
1.006180 0.571998 0.550394 1.030356 2.004260 1.189950 1.754118 0.447223 0.459495 0.105665 -0.453323 -0.074114 
0.799352 0.383661 0.926097 1.111788 0.959402 2.309522 1.417170 0.977084 0.425524 -0.121480 -0.377144 -0.094167 
0.789563 0.955985 0.477323 1.231342 1.250534 1.788679 1.014569 1.066214 0.408849 0.065446 -0.169593 -0.132338 
0.990766 0.656878 0.868697 0.858150 1.420523 1.056708 1.732045 0.570759 0.681311 -0.002519 -0.181311 -0.134646 
0.737611 0.946876 1.205512 0.989939 1.318044 1.753967 1.596988 1.427242 0.433807 -0.163799 -0.393759 -0.022615 
1.925746 0.328569 0.980016 1.681624 2.089890 0.399566 1.164111 0.572283 0.218782 0.354440 0.115830 -0.070670 
2.495565 0.535636 1.418407 0.814636 0.812658 0.953096 1.613872 0.879081 0.474948 -0.178628 0.156563 -0.038241 
4.262921 0.193179 0.782575 0.691452 1.164699 0.773562 2.084799 0.249379 0.710463 0.353471 -0.010172 -0.023576 
6.170698 -0.146612 1.164432 0.623211 0.891477 1.464706 0.744583 0.219915 0.962868 -0.063894 -0.264376 0.067865 
4.372808 1.888879 0.730780 0.874720 1.591832 2.070167 1.715254 1.229812 0.121662 -0.308725 -0.385801 -0.069292 
1.521231 1.333415 1.326195 1.418878 0.662159 1.109585 -0.554003 1.951634 0.069336 -0.046460 0.153937 0.015443 
1.193332 0.869556 0.518269 1.922333 1.521786 1.573409 1.199962 0.612122 0.320083 0.331585 0.025547 -0.051918 
1.035277 0.610388 1.500031 0.957611 1.416866 1.544990 1.333773 0.504902 0.851931 0.257673 -0.071067 -0.057663 
1.258259 1.204746 0.765257 0.997161 2.278095 0.726269 0.879077 0.959469 -0.009781 -0.064295 0.191783 -0.022177 
1.276967 1.083560 0.637802 1.557503 1.576224 0.449679 0.257735 0.315598 0.578331 0.355197 -0.047017 -0.019270 
1.446241 1.524176 1.217995 0.732023 0.213988 0.367442 0.452712 0.097944 0.760637 0.104192 0.272657 -0.013486 
1.536576 0.291237 2.093564 1.519704 0.193421 1.302404 0.070519 0.753985 0.868563 -0.023755 0.100074 0.010647 
0.779144 1.418678 0.980150 1.143563 1.880228 1.310010 0.814186 0.869017 0.463925 0.058119 0.162370 -0.054079 
0.750206 0.386429 2.136201 1.566197 1.904298 1.760006 0.669558 0.673021 0.565552 0.729647 -0.099022 -0.038801 
0.519453 1.190330 1.381034 1.615690 1.621189 0.815336 1.313617 0.968317 0.701117 0.224180 0.071942 -0.038518 
0.307770 0.755606 1.473632 1.739794 2.009137 1.776862 0.965882 1.287081 0.766788 0.637863 -0.207902 -0.013468 
0.744288 1.337898 1.128133 1.301958 0.502697 2.057171 1.256403 0.688818 0.956740 0.074020 0.188467 -0.041763 
-1.#IND00 -1.#IND00 -1.#IND00 -1.#IND00 -1.#IND00 -1.#IND00 -1.#IND00 -1.#IND00 -1.#IND00 -1.#IND00 -1.#IND00 -1.#IND00 
-1.#IND00 -1.#IND00 -1.#IND00 -1.#IND00 -1.#IND00 -1.#IND00 -1.#IND00 -1.#IND00 -1.#IND00 -1.#IND00 -1.#IND00 -1.#IND00 
