0.021084 0.100729 -0.001042 -0.447757 0.164126 -0.019645 -0.279894 0.062486 -0.034708 0.283897 -0.159067 0.012225 
0.071904 -0.176310 -0.196561 0.404472 0.235870 0.137190 0.330947 0.125994 0.204511 -0.231551 0.317777 -0.042211 
3.814447 0.904393 1.408954 -0.662199 1.892771 0.773184 0.293885 0.578257 0.157668 -0.313012 -0.054111 -0.031758 
3.624934 1.028939 0.446312 -0.980505 1.176265 -0.078272 0.441657 0.599932 -0.470666 0.413393 0.004563 -0.034933 
3.401624 0.639149 1.328275 -0.404649 0.539043 0.789278 0.220300 0.838033 0.355258 0.091470 0.107970 -0.001286 
3.312915 0.388740 0.799431 -0.605599 1.118939 1.056895 0.102151 0.321434 -0.244150 0.061430 0.086847 0.005139 
3.316070 0.522222 0.680860 -0.786351 1.311009 0.290415 0.857480 0.711012 0.172813 -0.092769 0.118266 0.045481 
3.109802 0.521834 0.587983 -0.281464 1.270882 0.714006 0.979549 0.544547 0.098908 0.337365 -0.007240 -0.035894 
3.306564 0.425558 0.587955 -1.327866 0.965879 0.495269 0.661398 0.401626 0.147012 -0.150011 -0.118687 -0.009702 
3.527534 0.784835 1.471105 0.285575 1.425249 0.880565 1.084918 0.815932 0.326152 0.194662 -0.049590 -0.000918 
3.582208 0.640319 1.471277 0.087965 1.377555 1.261855 1.153706 0.591365 0.455892 0.700822 0.214313 -0.010457 
3.620223 0.603021 1.288333 0.680620 1.161038 1.012707 0.973573 0.994427 0.389670 0.048041 0.095195 0.005599 
3.379386 0.801998 0.882493 -0.351195 0.944258 0.343616 0.974831 0.660973 -0.033376 0.292938 0.024250 -0.052835 
3.474999 0.692402 1.340093 0.102807 1.753894 1.396038 0.548537 0.674531 -0.441366 -0.031182 0.030811 -0.005254 
3.486750 0.978047 1.354647 -0.682209 1.859908 1.343514 0.806831 1.140632 0.075501 0.571172 0.190047 -0.042037 
3.611488 0.283159 0.619693 -0.483554 1.323808 0.981253 0.146986 0.320776 0.130265 -0.129422 0.022183 0.003442 
3.360142 0.689867 1.356537 -0.590286 1.107702 1.357270 0.697603 0.522132 0.333942 0.092833 -0.009387 -0.017931 
3.309965 0.629868 0.670128 -0.978399 1.609176 0.967880 0.934753 0.502185 0.101953 -0.194084 0.157836 0.007224 
3.409839 0.627630 0.744700 -0.285484 1.272271 1.109934 0.075207 0.761479 0.091372 -0.109456 -0.044835 -0.042047 
3.233285 0.694138 1.435189 -0.568119 1.374757 0.835409 0.396039 1.010884 0.296955 0.278893 -0.072125 -0.086110 
3.269667 0.638579 1.246000 -0.650706 1.395670 1.169126 0.430910 0.965291 0.255979 0.140558 0.086118 -0.011112 
3.322807 0.957268 0.873748 -0.517119 1.335822 1.110720 0.539711 0.739929 0.778991 0.575944 0.102323 -0.027969 
2.636885 0.119737 0.930978 1.999427 1.407808 0.538615 1.331322 0.196272 0.573275 0.866767 0.404855 -0.088622 
0.778472 1.097112 1.460352 1.551096 0.415977 0.974119 0.994236 1.755581 0.974850 0.550723 0.065613 -0.123376 
0.824617 0.555570 1.057817 1.681266 1.204328 1.621651 1.377631 0.859484 0.580207 -0.023853 0.216267 -0.057937 
0.918646 0.482363 1.557694 1.349515 2.309861 0.806272 1.517310 1.100591 0.353551 0.407426 0.019570 -0.031394 
0.799020 0.822761 1.013692 1.288999 1.339576 1.604008 1.338730 1.114606 0.887596 0.329319 0.022474 -0.071073 
0.562727 0.720485 1.290063 1.070211 2.148606 2.371238 0.852092 1.199156 0.767527 0.120440 0.008976 -0.020400 
0.888691 0.383215 1.507190 1.939539 1.523567 1.532427 0.409978 0.895021 0.613251 0.578879 -0.083879 -0.046924 
1.318292 1.030299 1.682296 1.292988 1.479245 0.565614 0.692641 0.582519 0.142387 0.476908 0.035146 -0.010211 
1.835918 0.533765 1.212712 1.542321 1.503221 1.147234 0.828946 1.007968 0.569822 0.300454 0.025012 0.004456 
1.859643 0.760438 1.171961 1.214669 1.153308 0.702597 0.686467 0.840967 0.405787 0.178977 0.461970 -0.039064 
1.538007 0.833726 1.122482 1.008750 1.162897 1.631012 0.721529 0.473625 0.722730 0.309423 -0.177543 0.043652 
1.581755 0.501956 1.673129 1.717523 1.213897 1.287256 1.130267 0.852729 0.159805 0.693113 0.127675 -0.051938 
0.996658 1.286585 0.722812 0.879831 1.388373 1.739686 1.432411 0.968543 0.543968 0.164875 0.312692 -0.127063 
0.468587 0.451322 1.430114 1.641888 1.815099 2.612992 1.542039 0.697314 0.122644 0.328982 0.007143 -0.050643 
0.881016 1.044595 0.537779 1.427558 2.543426 1.643852 1.132395 0.434259 0.489896 0.049409 0.089169 -0.079579 
0.927521 0.711376 0.774294 1.709186 1.604763 1.769472 0.917522 1.019122 0.439733 0.622319 -0.199140 -0.103526 
0.978098 1.408919 -0.006032 1.382334 1.639260 1.471753 0.678763 0.655014 0.911248 -0.018944 -0.264907 -0.019934 
1.600855 1.114526 0.966795 0.883162 0.847156 -0.076124 1.119516 0.930195 0.196351 0.719956 -0.272873 -0.034838 
0.894166 1.250698 0.772187 1.442805 1.822668 1.205633 0.489250 0.746611 0.451215 0.520988 -0.000523 -0.030280 
0.856664 0.015817 1.272742 1.995778 2.064558 1.625108 1.231899 1.225423 0.460546 0.376171 0.069882 -0.075482 
1.132368 0.229154 1.399070 1.388990 2.176062 1.387776 1.371005 0.685081 0.438417 0.460651 -0.022969 -0.054214 
0.932652 0.970768 1.134941 1.430924 1.181410 1.612410 1.706987 0.547006 0.344022 0.189682 0.055898 -0.024170 
2.211797 -0.204051 2.236725 0.809540 1.201874 1.749569 0.458783 0.971262 0.404202 0.467203 -0.174770 -0.008383 
3.486392 -1.189294 2.158705 0.911214 1.061716 0.874245 1.035586 0.650174 0.650805 0.641020 0.173234 -0.026824 
3.202182 -0.499760 2.019287 0.395813 0.982398 1.310240 0.512295 0.667868 0.163985 0.305402 0.495859 0.018365 
3.867459 1.858183 0.691714 0.949662 1.011018 0.094087 -0.048391 0.479861 0.354890 -0.045254 0.077215 0.029648 
-1.#IND00 -1.#IND00 -1.#IND00 -1.#IND00 -1.#IND00 -1.#IND00 -1.#IND00 -1.#IND00 -1.#IND00 -1.#IND00 -1.#IND00 -1.#IND00 
-1.#IND00 -1.#IND00 -1.#IND00 -1.#IND00 -1.#IND00 -1.#IND00 -1.#IND00 -1.#IND00 -1.#IND00 -1.#IND00 -1.#IND00 -1.#IND00 
