2.955264 0.487003 0.801441 -0.269236 1.140300 0.325481 0.543530 0.835824 0.196604 0.399152 -0.048998 -0.027674 
3.179705 0.013608 1.318738 -0.485380 0.967082 1.012241 0.968632 0.739879 0.309841 0.373469 -0.185029 -0.057982 
3.334444 0.526201 1.373415 -0.510239 1.149748 0.693304 0.969662 1.067285 0.409309 0.263534 0.068707 -0.003354 
3.174857 0.250365 0.895953 -0.657295 0.508603 1.293972 0.637203 0.146114 0.117665 0.285593 -0.062779 -0.015369 
2.998736 0.549817 0.986230 -0.384418 0.712712 1.319136 0.823193 0.865796 -0.306813 0.511428 0.180010 -0.023285 
3.197913 0.141216 1.114975 -0.766694 0.666512 0.733122 0.841666 0.470822 -0.126261 0.177413 0.081959 -0.048521 
3.222473 0.382110 0.677903 -0.420970 0.895132 0.863914 0.368713 0.863255 0.564634 -0.359365 0.040406 0.027801 
3.223641 0.024766 0.762226 -0.460663 1.214079 1.392437 0.873828 -0.144325 0.233917 0.037402 0.075576 0.085094 
3.134495 0.867665 0.912177 -0.017166 1.238770 0.443407 0.717126 1.516573 0.151287 0.324449 0.217176 -0.009744 
3.315686 0.187640 1.395590 -0.983056 1.192008 1.589977 1.186576 1.245361 0.529778 -0.018943 0.271423 0.005864 
3.129775 0.209061 0.485951 -1.624318 1.772155 0.887733 0.388426 1.291498 0.309338 0.167444 0.156971 -0.066827 
3.355862 0.539060 0.877987 -0.868085 1.654970 0.809694 0.965175 1.097587 0.449731 -0.025448 0.068581 -0.013701 
3.266020 -0.156437 0.490015 -0.544799 1.808045 1.361889 0.885909 1.129556 0.261433 0.336117 0.043361 -0.087919 
3.322460 0.404346 0.723275 -0.362292 1.170117 0.099046 -0.079524 0.847080 0.069127 0.151818 0.378753 -0.002961 
3.113627 0.167320 0.786770 -0.061119 1.202097 0.508588 -0.073176 0.710983 0.224298 0.005535 0.007481 0.003444 
3.402914 0.333988 1.378745 -0.541986 1.164028 0.580643 1.238013 0.794293 0.335199 0.148168 0.067413 0.010247 
3.212897 0.366670 0.993095 -1.154026 0.896111 0.303944 1.003310 0.641310 -0.161657 0.190847 -0.015827 -0.057205 
3.103307 0.690284 1.120093 -0.078058 1.342541 1.428582 0.851799 0.580469 0.778139 0.153852 0.028807 0.011588 
3.085757 0.517951 0.749043 -0.153317 2.064743 1.420308 1.278305 1.150103 0.858760 0.154854 -0.034364 -0.021704 
3.309269 0.682449 1.490681 -0.565124 1.221227 0.874243 0.873918 0.587957 0.804256 0.371704 0.278631 0.041522 
3.289514 0.624988 0.831870 -0.607867 0.718052 0.537923 0.864919 0.849189 0.519120 0.317550 0.083962 -0.040553 
1.998031 0.282146 0.792689 0.131793 0.264660 -0.543015 0.699934 -0.045251 0.336038 0.935941 0.741302 0.063376 
0.839474 0.938449 1.046557 1.349546 0.870371 1.181588 2.294588 0.950113 0.789214 -0.019654 -0.034487 -0.033785 
0.813914 1.232472 1.115641 1.132373 1.394146 1.158178 1.563629 0.986238 0.751515 0.055914 0.117367 -0.044754 
0.827079 1.396523 1.175450 1.207882 0.763854 1.981852 0.508505 0.708389 0.894697 0.544722 -0.031212 -0.024414 
0.541762 0.979851 1.027544 1.805795 2.025457 1.719651 1.340735 0.691555 0.285959 0.057778 0.208909 0.010770 
0.541229 0.935331 1.349851 1.378866 1.141803 1.200132 2.117218 0.880750 0.428939 0.358034 0.245454 -0.096927 
0.822385 1.151900 1.186761 1.139778 1.481141 1.093920 2.411377 0.689799 0.602463 0.231061 0.146859 -0.064953 
0.407243 0.863035 1.387247 1.280642 1.772877 2.215306 1.496030 0.803987 0.432382 0.373600 0.135225 -0.055204 
0.468022 0.747031 0.943100 1.957022 2.234071 1.131071 1.002354 1.577575 0.547409 0.417589 0.080431 -0.094111 
0.574691 1.015033 0.930797 2.042752 1.753387 1.460338 1.143666 0.598646 0.771663 0.126769 0.072425 -0.036956 
0.531131 1.174223 1.413033 1.032371 1.461796 2.327563 1.490405 0.138952 0.706462 0.170549 0.334102 -0.108283 
0.810597 1.148730 1.351125 1.427862 1.646178 0.688519 1.148726 0.720027 0.677374 0.479352 -0.120103 -0.043114 
0.984383 0.966694 1.700203 1.453726 1.143141 1.084983 1.524780 1.004841 0.308769 1.048470 -0.207937 -0.045139 
0.812434 1.321163 0.813821 1.424362 1.514016 1.429911 1.533857 0.656673 0.869432 0.119617 -0.003666 -0.067425 
0.657676 0.586762 1.314957 1.370932 1.385124 2.038762 1.815107 1.339743 0.212655 0.176838 -0.206065 -0.026141 
0.767257 1.299757 -0.135657 2.082676 1.385443 1.838725 1.488269 0.729578 0.343603 0.416644 -0.057998 -0.092253 
1.013159 1.284140 1.011572 1.215598 1.149858 0.875852 1.344794 0.659171 0.326012 -0.200605 -0.274838 0.059854 
1.263420 1.366999 0.632553 0.896400 1.071762 0.723074 0.806872 0.536189 0.160633 0.174398 -0.076297 0.024026 
1.096717 1.674190 0.805382 1.644093 1.374678 0.764088 0.249837 0.687682 0.388741 -0.280806 0.250494 -0.033211 
0.915709 0.622760 1.296428 1.001069 2.023928 1.963749 1.103429 0.295736 0.997824 0.068229 0.253924 -0.083017 
0.432758 1.269167 1.050216 1.443520 2.531103 1.263984 0.368361 1.287408 1.155775 0.272022 -0.027480 -0.072627 
0.519226 1.129790 1.448717 1.317179 2.382370 0.705254 1.577903 0.442345 0.811635 0.279520 0.011575 -0.026097 
1.418504 1.283728 1.175832 1.332845 1.491730 0.022715 0.856034 -0.059676 0.856484 0.455131 0.148092 -0.010245 
2.213610 -0.276358 1.559208 0.628909 1.119062 1.189495 1.032351 0.551837 0.879019 0.219941 0.158134 0.017878 
3.337345 -1.113164 1.659430 0.844349 1.052981 1.785016 1.630708 0.771920 0.350260 0.227622 0.058063 -0.007093 
4.947862 1.135644 -0.308220 0.630638 1.245543 1.280753 0.754935 0.505649 1.131554 0.116830 -0.027119 -0.023559 
4.320504 2.144527 1.346149 0.799695 0.081585 0.450771 1.090542 0.623554 -0.080752 0.126337 0.516824 0.118214 
-1.#IND00 -1.#IND00 -1.#IND00 -1.#IND00 -1.#IND00 -1.#IND00 -1.#IND00 -1.#IND00 -1.#IND00 -1.#IND00 -1.#IND00 -1.#IND00 
-1.#IND00 -1.#IND00 -1.#IND00 -1.#IND00 -1.#IND00 -1.#IND00 -1.#IND00 -1.#IND00 -1.#IND00 -1.#IND00 -1.#IND00 -1.#IND00 
