3.420179 -0.083692 0.894351 -0.588712 1.255010 0.300899 0.758488 0.456787 0.260509 0.294171 -0.010520 -0.004769 
3.405090 0.315426 1.477783 -0.560159 1.195331 0.340204 1.105964 1.197801 0.616095 0.251286 0.113479 -0.019403 
3.463406 0.496831 0.611254 -1.219800 1.231913 1.436333 0.979244 0.830574 0.463358 0.520835 0.303433 -0.004395 
3.056688 0.786199 0.838530 -0.589430 0.998246 0.963783 0.576152 0.916829 0.406286 0.469601 0.108459 -0.044748 
3.406197 -0.053953 0.853521 -1.086221 0.887436 0.068798 0.271423 1.627960 0.051376 0.176889 0.304902 -0.007299 
3.202033 0.168978 1.429524 -1.671066 0.904707 1.143864 0.803617 0.499301 0.388646 0.336732 -0.016728 0.002636 
3.275040 0.460134 0.561004 -0.640620 1.522522 0.572920 0.611704 0.784834 -0.004762 0.549837 0.256221 -0.006249 
3.488127 0.126609 1.677099 -0.752268 1.499082 1.358197 0.942077 0.565727 0.068158 0.141806 0.349983 0.060041 
3.547154 0.165919 0.159052 -0.579344 1.679502 0.629329 0.915044 0.469178 -0.010106 0.111360 0.105333 0.000207 
3.466650 0.369383 -0.071073 -1.145626 1.333851 0.955553 0.286884 0.753087 0.337530 0.019654 0.149902 -0.032763 
3.000096 0.338627 0.404807 -1.190908 1.437890 0.552634 0.537707 0.382574 0.194526 0.361972 -0.051907 0.004566 
3.283076 0.324587 0.573777 -0.984454 1.109352 0.533529 -0.078835 0.292710 0.302136 0.025436 0.148431 0.019181 
3.436416 0.261356 0.752469 -0.593875 1.495672 1.342412 0.466404 0.469512 0.813953 0.438960 0.156522 -0.063908 
3.357889 0.147345 0.904582 -0.634069 1.896205 1.170061 0.890452 0.631891 0.712052 0.107281 0.167021 0.038472 
3.623725 0.300694 0.925890 -0.948308 1.384220 0.980922 1.125606 0.085455 0.567332 0.070349 -0.024471 0.034892 
3.410361 0.443590 0.572129 -0.592510 1.122654 1.300368 0.792538 0.950709 -0.192317 0.038228 0.076804 0.010153 
3.333484 0.298261 0.886657 -0.835164 0.977847 1.253045 1.402943 0.593481 -0.350421 0.274775 0.153271 0.006657 
3.169383 0.419315 0.538245 -0.296094 1.457022 0.996317 0.906252 1.044426 0.497959 0.159853 0.130082 -0.017803 
3.381260 1.245871 0.791886 -0.274876 1.607044 1.435512 0.959105 0.767859 -0.437803 0.279893 0.174477 0.016663 
3.406620 0.143537 1.502760 -0.658350 1.607182 0.866361 0.724055 0.462214 0.426820 0.551823 -0.102212 -0.056737 
3.378101 0.410538 1.208429 -0.469529 0.991565 1.513942 0.498636 0.669647 0.470027 0.609499 0.179755 -0.036251 
1.966215 1.123651 0.535397 0.626838 0.353446 0.192424 0.398966 -0.020459 0.982703 0.484266 0.038201 0.006154 
1.251696 1.048471 0.657336 1.834512 1.626195 0.325867 1.153848 0.907238 0.796804 0.323773 0.088645 -0.050928 
0.612972 0.751633 0.878923 2.315880 1.383978 1.946069 1.597985 0.853629 0.528180 0.238806 0.186750 -0.059091 
0.675982 1.171927 1.307135 1.418939 1.363751 2.232876 1.073765 0.709004 0.445330 0.526631 -0.097428 0.010289 
0.552127 1.022657 1.062839 1.805596 1.369879 1.429234 1.687699 0.988752 0.581463 0.384083 0.147569 -0.096597 
0.584110 0.770567 1.638566 1.631382 1.687792 0.929272 1.537466 0.838133 0.909618 0.185882 0.083594 -0.033343 
0.616177 0.922202 1.334715 1.807017 1.623498 1.599824 1.033334 1.246308 0.135678 0.558814 0.093585 -0.037099 
0.457431 1.003850 0.964350 1.884004 1.932390 0.784201 1.832561 0.840382 0.374453 0.362643 0.097098 -0.034024 
1.100697 1.067902 0.527318 0.972101 1.820610 1.357283 0.541572 0.872340 0.582060 0.232803 -0.054336 0.003411 
0.953716 1.324429 0.788768 1.225740 1.745432 1.590293 0.433567 0.960772 1.205050 -0.000989 0.101310 -0.077043 
0.792772 1.004627 1.241228 1.215751 2.079166 1.303208 0.641935 0.942441 0.621636 -0.176734 0.101157 -0.071445 
0.496598 1.297370 1.049385 1.725879 1.901126 0.780947 1.267568 1.070709 0.600210 0.162460 -0.163999 -0.045894 
0.996545 0.990834 0.827657 2.038998 1.927132 0.788760 0.120460 0.383392 0.695873 0.090601 0.143818 -0.147304 
0.908373 1.021258 0.826333 1.473849 1.355602 1.221923 1.457613 1.113269 0.387326 0.151505 -0.084513 -0.046705 
0.743975 1.538699 1.480399 1.055259 1.676862 0.983930 -0.099414 0.241294 0.941664 0.084321 -0.068604 -0.046461 
1.078757 1.166049 0.376308 1.519314 1.178449 0.840526 0.934653 0.200459 0.328037 0.281397 -0.014626 -0.056184 
1.107621 1.759283 1.259841 0.562752 1.349084 0.104403 -0.337954 0.591717 0.776950 0.271202 -0.095886 0.004216 
1.310373 1.713960 1.274935 1.580094 0.132450 0.144741 0.712837 1.009849 0.534474 0.263644 -0.091362 0.017598 
0.274600 0.937671 1.270441 2.035669 2.164952 1.323368 1.286140 1.067599 0.408803 0.173347 0.186974 -0.068694 
0.603726 1.008298 1.473946 2.329542 1.338729 0.628168 1.304399 2.037339 0.152133 0.064372 0.262583 -0.046303 
1.228963 0.383081 1.054214 1.382139 2.528947 0.978084 1.712750 0.585427 0.585819 0.300283 0.154647 -0.017929 
1.978754 0.119730 1.678157 0.853329 1.108218 0.914925 1.172770 0.901233 0.265000 0.241305 0.185756 0.016888 
3.147312 -0.506715 1.961164 1.147125 1.201664 1.341417 1.097476 0.658115 0.463372 0.004619 0.328004 0.057686 
4.077947 0.331877 0.299249 1.149837 1.162697 1.130654 1.395703 0.950820 0.218603 0.636943 0.217794 -0.049279 
5.559421 2.316032 2.049239 0.299727 -0.579315 0.545213 1.153305 0.862158 0.111193 -0.022505 0.150910 0.052438 
6.137868 2.435609 1.140955 -1.044412 0.554092 1.173285 0.921929 -0.200041 0.433245 0.084010 0.154114 0.122567 
6.104250 4.488272 3.143307 1.686716 0.116511 -0.312048 0.828725 1.063978 0.680053 0.147634 0.192686 0.038125 
-1.#IND00 -1.#IND00 -1.#IND00 -1.#IND00 -1.#IND00 -1.#IND00 -1.#IND00 -1.#IND00 -1.#IND00 -1.#IND00 -1.#IND00 -1.#IND00 
-1.#IND00 -1.#IND00 -1.#IND00 -1.#IND00 -1.#IND00 -1.#IND00 -1.#IND00 -1.#IND00 -1.#IND00 -1.#IND00 -1.#IND00 -1.#IND00 
