3.582020 0.666190 0.818707 -0.280772 1.278029 0.676988 0.148884 1.016351 0.448495 0.249223 0.304395 0.019310 
3.212118 1.247090 0.862173 -0.180962 0.421674 0.246181 0.780891 0.073710 0.486274 0.644687 0.285813 0.038681 
3.276497 0.410178 0.639802 -0.683055 0.983424 -0.078479 0.114748 0.600973 0.265363 0.168923 0.249506 0.047612 
3.877615 0.342101 0.775952 -0.700497 1.321760 0.381736 0.916229 0.792358 0.417409 0.310030 0.067736 0.006160 
3.496183 0.676150 0.956823 -1.178258 0.851127 0.774068 0.619164 0.452405 -0.010700 0.516064 0.080808 0.036032 
3.409976 0.459801 0.712171 -0.112061 0.835751 1.240965 0.943080 1.072975 0.294297 0.095267 0.189995 0.010441 
3.297067 -0.042656 0.879021 -0.916351 0.747005 0.827753 0.861607 0.337745 0.614958 0.032579 0.183962 0.066191 
3.392123 0.172351 0.833266 -1.021320 0.758518 0.308450 0.847514 1.169194 0.282099 0.083444 0.028794 0.019312 
3.471578 0.216685 0.684277 -0.351241 1.537710 1.708200 0.959440 0.934118 0.265289 0.535372 0.158693 -0.029315 
3.648919 0.495569 0.682445 -0.786251 1.185312 1.310304 0.774102 1.299961 0.232682 0.108484 0.172760 0.000452 
3.452560 0.355719 0.878852 -0.428531 1.448006 1.277661 0.739182 0.985643 0.230205 0.361782 0.128251 -0.017002 
3.711198 0.376013 0.576832 -0.859141 1.824106 1.045875 0.017377 0.861815 -0.019931 0.254109 0.118898 -0.034775 
3.195487 0.472730 0.721448 -0.738203 1.047289 1.037128 0.802494 0.970775 0.494399 0.270844 0.228402 -0.007048 
3.603745 0.349407 0.900023 -0.392650 1.583109 0.139026 0.902758 1.477851 0.311000 -0.001603 0.047062 -0.021579 
3.284011 0.262060 0.482905 -0.570659 0.993661 0.895733 -0.209387 0.289101 0.492700 -0.155633 -0.033317 -0.058666 
3.599756 0.917768 1.056448 -0.953384 1.051555 1.379277 1.131252 0.531672 0.319385 0.362569 0.195624 0.040279 
3.185434 -0.054720 0.546712 -0.520295 1.516166 0.966207 0.772373 0.921225 0.219954 0.115354 -0.003937 -0.002427 
3.232969 0.498505 1.012186 -0.392126 1.641827 1.222567 1.296234 1.096580 0.209674 0.188646 -0.146254 -0.037974 
3.609301 0.750178 0.692332 -0.644066 1.113820 1.191031 1.873638 0.198552 0.334226 0.141943 -0.025662 -0.000497 
3.695203 0.222911 1.218183 -0.022425 1.615871 0.686459 0.795311 0.871969 0.251350 0.228290 0.168184 0.003991 
3.680737 0.355700 0.557016 -0.434393 1.194051 1.524726 0.846138 0.597999 -0.026905 0.435401 0.256457 -0.020233 
2.054307 0.645988 0.052690 1.731404 0.758531 1.319369 0.471325 1.109520 0.235058 0.087913 0.124665 -0.015084 
0.875503 0.672019 0.838217 1.323058 1.759192 1.241633 1.273326 0.928481 0.692532 0.573397 0.029936 -0.112270 
0.791861 1.109061 0.783547 1.053215 1.685118 1.177310 1.259962 0.951465 0.886076 0.195749 -0.026620 -0.066141 
0.882711 0.580098 1.135803 2.215546 1.086358 1.732145 1.070083 0.589197 0.875898 0.440647 0.075183 -0.083672 
0.904616 0.729967 1.039455 1.288266 2.670834 1.116080 1.915651 0.728552 0.520215 0.209310 0.014281 0.005988 
0.862494 0.986961 1.199317 1.034919 1.903339 1.670626 1.325823 0.276444 0.516247 0.317377 -0.002078 0.017875 
0.620564 1.168474 0.847794 1.090712 1.708740 1.837254 1.854273 0.864056 0.502840 0.338993 0.106521 -0.059641 
0.620824 0.508584 1.264937 1.539513 2.003739 2.044603 1.753473 0.631459 0.807540 0.060227 0.180157 -0.032480 
0.637206 1.238884 1.648885 1.066218 1.217485 1.311453 1.050004 0.875552 0.759355 0.409806 0.010160 -0.071069 
1.062385 0.983447 0.932008 1.276463 1.300995 2.509855 0.590159 0.222392 0.548531 0.677796 0.010172 -0.052477 
0.834595 1.273419 1.093418 1.029458 1.515992 1.339001 1.045951 1.677571 0.260328 -0.050760 0.175443 -0.115197 
0.528308 1.115893 1.956449 0.442507 2.077787 1.122758 1.471564 1.129699 0.311579 0.179866 -0.135427 -0.035519 
0.955426 1.183362 1.026105 0.638099 1.378724 1.634114 1.734753 0.503599 0.453293 0.553594 -0.345158 -0.062320 
0.964490 0.752660 1.084230 0.897499 2.138644 1.497166 1.203453 0.854350 0.247741 0.098620 0.195227 -0.048446 
0.806955 0.647618 1.318000 1.835706 0.998018 2.467455 0.900799 0.640781 0.798926 0.163121 0.130634 -0.107749 
1.154654 0.161644 1.588889 2.021493 1.270229 0.988651 0.857154 1.035489 0.802127 0.396842 0.082875 -0.136822 
0.751708 1.610800 1.432376 1.558608 0.974562 0.896705 0.350965 0.887003 0.602494 0.169182 -0.047454 -0.040038 
1.422129 1.362391 1.183986 0.971686 1.431977 1.211350 0.673900 0.189490 0.079051 0.197533 -0.129439 0.030767 
0.916476 1.483191 1.507998 1.339918 1.264916 1.123630 1.078791 0.484536 0.532507 0.512233 0.047152 -0.055143 
0.694725 1.310927 1.214677 0.843401 1.666396 0.935445 1.789876 0.710418 0.401640 0.328684 -0.111453 0.026508 
0.551099 1.441245 1.581946 1.619961 1.834907 1.128950 0.631692 0.660887 1.370964 0.059467 -0.071843 0.026902 
2.439085 0.219448 1.765123 0.803362 0.526567 0.908973 0.954504 0.769785 0.802682 0.359934 0.301734 0.006780 
3.891165 -0.502110 0.871452 1.157221 1.216949 0.956521 0.878825 0.692252 0.542106 0.412192 0.291466 0.029210 
4.076732 0.344940 0.362057 1.492727 0.803746 1.094862 0.893130 -0.121030 0.661445 0.151575 0.079904 0.022712 
4.894194 0.247855 2.785273 0.817318 0.316720 0.059073 0.988790 0.717932 0.500476 0.498394 0.346084 0.074139 
4.865103 3.196864 3.316634 1.498464 -0.411647 0.614780 0.581870 0.482337 0.627980 0.350903 0.189240 0.050140 
5.219810 2.262082 4.265067 1.083365 -1.487695 0.562054 1.372000 1.159012 0.541571 0.024278 0.293034 0.040904 
-1.#IND00 -1.#IND00 -1.#IND00 -1.#IND00 -1.#IND00 -1.#IND00 -1.#IND00 -1.#IND00 -1.#IND00 -1.#IND00 -1.#IND00 -1.#IND00 
-1.#IND00 -1.#IND00 -1.#IND00 -1.#IND00 -1.#IND00 -1.#IND00 -1.#IND00 -1.#IND00 -1.#IND00 -1.#IND00 -1.#IND00 -1.#IND00 
