0.069040 0.102511 -0.184278 -0.308484 0.262399 0.200300 -0.759695 0.184466 -0.171729 0.256979 -0.046394 0.055602 
0.073436 0.188160 -0.458459 0.008558 -0.046803 -0.147424 0.121009 0.211005 -0.199662 0.181578 0.003105 0.041627 
-0.059466 0.437805 0.061961 0.100353 -0.282386 0.753562 -0.193110 0.040644 0.269866 0.136128 0.063118 0.012435 
-0.060038 0.337057 0.105605 0.290764 -0.592008 -0.289823 -0.309420 -0.192320 0.659764 0.243175 0.025590 -0.081192 
0.288977 0.037970 0.225924 0.493620 0.199415 0.057853 0.651289 -0.599955 0.481043 0.396713 0.121021 0.093757 
0.196890 -0.185767 0.255402 -0.362437 0.198361 0.055351 0.223241 -0.353637 0.395933 0.093262 0.265856 0.026813 
-0.194998 0.207644 0.167467 0.038024 0.139034 0.240865 0.170836 0.172733 -0.304569 0.013507 -0.124625 0.093986 
0.035582 0.121113 0.027740 -0.413052 0.202007 0.017860 -0.240545 0.099510 -0.006719 0.304987 -0.145652 0.017500 
3.772925 0.368863 -0.035229 0.057710 1.394393 0.599443 0.401284 -0.179871 -0.559617 0.476315 0.298159 0.058157 
3.275404 0.131512 0.873916 -0.865683 1.463438 0.141329 0.400020 0.289715 0.154098 0.019544 0.355553 0.112047 
3.420776 0.502687 1.425689 -0.930472 1.136019 1.475662 0.783874 0.614045 0.084312 0.682613 0.222277 -0.033038 
3.356941 0.108450 0.830233 -0.060696 1.606377 1.859951 0.295417 0.566599 0.571506 -0.028714 0.201827 0.052153 
3.531572 0.536563 1.105153 -0.253711 1.535679 1.675908 0.686650 0.696998 0.205837 0.408067 0.153958 -0.002378 
3.601721 0.850659 1.161144 -0.346124 1.261698 1.205508 1.109406 0.965443 0.453122 0.874690 0.425296 0.008948 
3.337798 0.112095 0.726853 -1.005401 0.633580 0.826662 0.967269 1.230778 0.112852 -0.139533 0.039893 -0.000597 
3.187813 0.117951 0.201456 -0.342574 1.257664 0.245312 0.571140 0.344019 0.743114 0.353527 0.177523 -0.015638 
3.234973 0.399133 0.662997 -1.143212 1.216498 1.090822 0.776168 1.422924 0.174130 0.270992 0.117665 -0.044068 
3.212522 0.542192 0.817029 -0.896369 1.273657 1.190321 0.826224 0.720827 -0.130982 -0.010359 0.002804 -0.011369 
3.388605 0.478385 1.242866 -0.558853 1.271356 0.050877 0.790737 1.265909 0.617749 0.650181 0.085979 -0.037479 
3.371062 0.307121 1.049646 -0.183002 1.664845 0.467714 0.618104 0.939388 0.255826 0.363640 0.129397 -0.021642 
3.518964 0.674335 0.933290 -0.770304 1.773449 1.000099 0.912076 0.668774 0.502131 0.542395 0.169834 -0.020587 
3.356141 -0.066672 0.778536 -0.561587 1.870522 1.069869 0.719523 0.744935 0.496821 0.199899 0.063690 0.000475 
2.472067 1.203274 0.714635 0.081996 0.104248 1.276222 0.876441 0.561706 0.274203 0.169921 0.130381 -0.015749 
0.738673 0.854711 1.513507 1.778629 0.435578 1.446620 2.070666 2.064640 0.322644 0.084157 -0.047515 -0.039207 
0.933745 0.502091 1.270493 0.912863 1.316672 1.707551 0.857242 1.717894 0.395388 0.343369 0.092484 -0.122167 
0.786629 1.454575 1.283280 1.629965 1.424234 0.201408 0.829283 1.161953 0.599481 0.574151 0.090709 -0.064448 
0.530864 1.312923 0.793952 2.415472 1.295904 1.033484 1.199104 1.468246 0.254353 0.392697 0.033211 -0.041699 
0.768102 0.351770 1.398700 1.540424 1.881916 0.728728 1.417296 0.686005 0.619962 0.666747 -0.015348 -0.110598 
0.595918 1.137331 1.186499 2.048004 1.625723 1.533791 0.946087 0.346648 0.953971 0.406582 -0.149947 0.016354 
0.689028 0.907021 1.546681 0.756345 1.768813 1.574713 1.729736 0.764215 0.160186 0.636523 -0.038182 -0.043418 
0.985015 0.739784 0.920159 0.861084 1.908136 2.117170 1.585526 0.859719 -0.012400 0.694144 0.002370 -0.010226 
0.681624 0.823432 1.386876 1.662951 1.354271 2.213212 1.012855 1.383080 0.565454 0.098729 0.087961 -0.006462 
0.190917 1.522496 1.132427 1.691264 1.490951 1.093970 1.450589 1.588367 0.983172 -0.163177 0.042751 -0.037116 
0.301735 0.782121 1.502276 2.200013 2.389324 1.008376 1.287954 0.182341 0.767038 0.412370 -0.120593 -0.015993 
0.672625 1.278849 0.476817 1.261152 1.912478 1.539359 0.967214 0.580993 0.631690 0.375162 0.107652 -0.147401 
0.691759 0.934040 0.960357 0.966267 1.437904 1.646730 1.326376 0.828926 1.079804 0.106614 -0.095843 -0.135523 
1.117853 0.810278 0.654965 1.280407 1.242812 0.923257 1.424877 0.493292 0.616847 0.374860 0.015947 -0.113824 
1.456951 0.950413 0.451023 1.269450 1.636602 0.141202 0.170876 0.612796 0.898219 0.415178 0.011679 -0.094585 
0.977174 1.044744 0.960772 1.109824 2.394832 1.204454 0.441175 -0.054989 0.648395 0.372338 0.051278 -0.086080 
0.816603 1.131281 1.548668 1.486335 1.414634 0.997850 0.289995 0.157597 0.392928 0.269703 -0.001912 -0.029522 
0.821604 1.557768 0.933012 1.519615 0.229019 1.462244 1.126773 1.233815 0.203212 -0.057755 0.097875 -0.000685 
0.625399 1.002204 1.244019 1.956842 1.902453 2.002096 0.840338 1.242975 0.073577 -0.005451 0.061011 0.037156 
0.515910 1.239672 0.582525 1.789295 2.413436 1.336745 0.720342 1.723366 0.153293 0.479857 -0.001325 -0.050142 
1.002441 0.643623 1.463700 1.602089 1.646811 1.486744 1.474079 0.705333 0.870064 0.484713 -0.061179 -0.017177 
1.988165 0.566057 1.214695 1.448050 0.475303 0.472214 1.375410 0.679550 0.920487 0.126117 0.082979 0.006595 
3.381069 -0.865082 2.509594 0.059225 0.517845 0.842812 0.919577 0.689830 0.448632 0.794103 0.144177 -0.072862 
4.015661 2.631015 1.420640 0.761477 0.879501 0.916839 0.511789 0.410720 0.039880 -0.044039 0.087442 0.019539 
5.048274 2.320138 0.464186 0.205837 0.905879 1.040334 0.398552 0.476402 0.438363 -0.021504 0.067354 0.016592 
-1.#IND00 -1.#IND00 -1.#IND00 -1.#IND00 -1.#IND00 -1.#IND00 -1.#IND00 -1.#IND00 -1.#IND00 -1.#IND00 -1.#IND00 -1.#IND00 
-1.#IND00 -1.#IND00 -1.#IND00 -1.#IND00 -1.#IND00 -1.#IND00 -1.#IND00 -1.#IND00 -1.#IND00 -1.#IND00 -1.#IND00 -1.#IND00 
