0.252821 0.559134 0.470665 0.602592 1.176415 0.321991 0.100783 0.474564 0.155227 0.560063 0.355995 0.038036 
0.123534 0.040510 0.490916 0.973008 0.386231 0.610479 1.245045 0.945883 0.202681 0.385157 0.173612 0.095340 
0.301126 0.514375 0.957344 0.327408 0.112180 1.160319 0.764333 0.197248 0.333316 0.384169 0.369387 0.019720 
0.346582 0.450671 0.461442 0.252549 0.600570 0.587930 0.190548 0.858752 0.143413 0.751033 0.169225 0.114061 
0.226130 0.532651 -0.021095 0.587498 0.486247 0.521936 0.442790 0.923164 0.359221 0.386009 0.199800 0.135538 
0.155905 0.410006 0.383350 0.265515 0.313077 1.136832 0.158061 0.455050 0.442515 0.546336 0.349859 0.088709 
0.162729 0.806904 0.242337 0.996917 0.002055 0.465766 0.846498 0.187672 0.946993 0.630134 0.227422 0.028002 
0.257389 0.323807 0.488535 0.619470 0.585071 0.249499 0.717544 0.004120 0.873542 0.675865 0.249860 0.111690 
0.350817 0.104917 0.863064 0.061872 0.613458 0.395426 0.580958 -0.170899 0.832581 0.482257 0.441813 0.106465 
0.075946 0.482221 0.436514 0.571043 0.676928 0.977450 0.927939 0.646551 0.034437 0.264837 0.181585 0.170088 
0.027470 0.413800 0.633827 0.032518 0.705232 0.599470 0.507057 0.862048 0.431477 0.560007 0.046624 0.161696 
0.442564 0.148418 0.251892 0.641603 0.839618 0.500022 0.400630 0.684038 0.854754 0.097794 0.529523 0.042124 
0.257075 0.426124 0.416405 0.351487 0.786294 0.846502 0.266234 0.898125 -0.065212 0.430114 0.374590 0.101957 
0.254970 0.607559 0.582010 1.139446 0.776993 0.135621 0.345604 0.250553 0.484547 0.660809 0.179417 0.045963 
0.206685 0.191180 0.927245 0.810743 -0.142361 0.538346 1.283504 0.841852 0.240336 0.427593 0.267553 0.067929 
0.329654 0.512351 0.591743 0.214099 0.228630 0.828841 0.675215 0.436513 0.340048 0.536521 0.291084 0.027191 
0.276607 0.421865 0.261102 0.215631 0.852988 0.804862 -0.141217 0.766781 0.292563 0.608395 0.202212 0.155997 
0.254805 0.456031 -0.089528 0.465674 0.472109 0.364222 0.614009 0.694994 0.242493 0.501930 0.217128 0.134450 
0.112176 0.704671 0.410039 0.525453 0.264721 1.315894 0.326300 0.511527 0.632668 0.404199 0.250519 0.088624 
0.120780 0.621084 0.549553 0.864744 0.031068 0.351942 0.321376 0.377352 1.133853 0.591613 0.267066 0.015040 
0.373838 0.168596 0.406109 0.749361 0.495339 0.326145 0.957244 -0.321222 0.718811 0.609542 0.255036 0.149274 
0.370030 0.099073 0.628261 0.100912 0.648963 0.529892 0.679182 0.105985 0.779873 0.394572 0.461184 0.095438 
-0.000031 0.503040 0.557705 0.477215 0.637337 0.804168 0.744787 0.712161 0.158930 0.363579 0.125166 0.195881 
0.229955 0.436439 0.459241 0.100260 0.788156 0.612677 0.281635 0.602032 0.436616 0.652251 0.096820 0.116418 
-0.648737 0.694027 -0.141174 0.218845 0.271011 -0.059503 0.195419 -0.063747 0.291080 -0.066975 0.146590 -0.018173 
1.145339 1.181157 1.261013 1.213078 0.692346 -0.715233 -1.070357 -0.960355 -0.117693 0.082081 -0.167397 -0.056281 
1.485834 1.830372 0.697809 0.874888 0.429598 -0.747963 -1.426509 -0.327236 -0.106090 -0.258097 0.065051 -0.009828 
1.123760 1.729278 1.331254 2.087487 0.901464 -0.797420 -0.244331 -0.553966 0.119348 -0.497729 -0.012015 -0.009439 
1.496734 1.716261 1.673642 1.000416 0.529684 -0.564601 -0.412995 -0.763904 -0.501696 0.230849 -0.177353 -0.007457 
1.845337 1.351251 0.914791 0.566084 0.112158 -0.771626 -0.431216 0.662927 0.006821 0.631188 -0.130385 0.080201 
1.150655 1.851028 1.636206 0.384103 0.479059 0.338388 0.526653 0.080202 0.507647 0.194341 0.172881 -0.001384 
1.068102 1.398278 1.733471 1.204990 0.380639 -0.104469 -0.708845 0.625553 0.649486 0.358497 0.411581 -0.018609 
2.070257 0.052998 1.218195 0.190214 1.547859 0.855925 0.588149 0.584203 0.358193 0.442859 -0.134428 -0.014760 
6.486256 2.509143 1.739768 1.198135 0.464235 -1.150452 0.742997 0.901771 0.675743 0.625788 0.523954 0.207993 
4.029943 2.384710 2.526937 1.687009 1.695953 0.893553 0.618076 0.689010 0.361048 0.050679 0.092472 0.020958 
3.655554 2.269708 2.361230 1.578081 1.783011 -0.224453 0.615002 0.430991 -0.125354 0.114513 0.007632 0.025523 
3.633642 2.151556 2.543007 1.324279 0.541574 0.770957 1.013580 0.247318 0.433755 0.420051 0.402138 0.067195 
3.689900 2.036065 1.982360 0.415593 1.734785 0.389178 0.138494 0.875699 0.469790 0.252869 0.328761 0.057948 
3.232271 1.617600 2.265480 0.962394 1.610202 1.254959 0.738096 0.726515 0.692795 0.281215 0.216745 0.037762 
3.078084 1.784710 1.954105 0.938799 1.580669 1.122851 1.262505 0.415044 0.855034 0.508073 0.216523 0.043897 
3.170349 1.257758 1.966248 0.776127 1.165413 1.244317 1.272488 0.771100 0.347583 0.375385 0.384787 0.039042 
3.224976 1.438953 2.334122 -0.762042 0.906073 0.975234 0.898589 0.484741 0.168687 0.349552 0.145038 0.010069 
3.056921 0.751655 1.792043 0.675477 1.509559 0.951914 1.667043 1.085702 0.689540 0.379125 0.445747 0.044015 
3.109293 1.017527 1.796255 0.446477 1.164169 0.508002 1.099362 0.401611 0.586707 0.593223 0.214461 0.032736 
2.764589 1.086416 1.212113 0.105067 1.212502 0.549731 0.947924 -0.001573 0.123253 0.243028 0.052619 0.033102 
2.650012 0.782156 1.008839 -0.201050 0.559728 0.536512 0.633093 0.699208 0.014922 0.307528 -0.053221 -0.010588 
3.002079 0.303215 1.854032 -0.386649 0.420012 0.370397 0.497985 0.564978 0.476618 0.502986 0.079099 0.008999 
2.833601 0.566761 1.131356 0.863402 1.253882 1.270418 0.869648 1.164923 0.231253 0.415749 0.086487 -0.053765 
-1.#IND00 -1.#IND00 -1.#IND00 -1.#IND00 -1.#IND00 -1.#IND00 -1.#IND00 -1.#IND00 -1.#IND00 -1.#IND00 -1.#IND00 -1.#IND00 
-1.#IND00 -1.#IND00 -1.#IND00 -1.#IND00 -1.#IND00 -1.#IND00 -1.#IND00 -1.#IND00 -1.#IND00 -1.#IND00 -1.#IND00 -1.#IND00 
