0.911056 1.605989 1.339582 0.382284 1.747615 0.263664 0.849781 0.395349 0.164536 -0.025912 0.085726 -0.136834 
1.326736 1.265895 1.606460 1.008042 1.322976 0.680381 0.176052 0.666715 -0.023416 -0.384198 -0.054020 -0.042282 
0.919264 1.538501 0.875583 0.644044 0.417598 1.779520 1.226156 0.724043 0.280232 -0.431871 -0.236708 -0.073039 
1.072287 0.719629 0.882163 0.560669 0.725980 1.243470 2.020102 1.746976 0.335680 -0.058011 -0.105676 -0.187020 
1.179590 0.476790 1.801067 0.389726 1.613642 0.866461 1.502700 0.422935 0.681047 0.204484 0.139544 -0.109762 
2.191103 0.535571 0.930139 1.572113 0.896011 0.885130 0.965190 0.940602 0.202107 -0.308586 0.165575 -0.024631 
3.226233 0.177201 1.580160 1.299742 0.843947 0.661139 0.507221 0.873334 0.507871 -0.134426 -0.082137 -0.016977 
3.865535 1.006015 1.086683 0.850818 1.257102 1.237427 0.174555 0.317041 1.052629 0.178149 -0.405592 -0.109097 
3.532032 2.444225 1.731146 1.264899 0.545395 -0.280223 0.007904 0.959151 0.386071 -0.223374 0.152006 0.002291 
4.359881 3.330408 2.634353 1.225179 0.846105 1.082415 1.396266 1.287903 -0.013614 0.403714 -0.177616 -0.066497 
3.303128 1.804419 2.076103 1.614877 1.969281 1.968945 1.149434 0.599651 0.236508 0.243309 0.311152 0.055418 
3.559880 1.405714 1.974505 1.004757 1.804286 1.777175 1.322453 1.119828 0.214445 0.115958 -0.091997 -0.003228 
2.157660 -0.905009 1.057190 0.796006 1.994562 1.270759 1.474950 0.679878 0.530530 -0.015087 0.197488 -0.000305 
5.779231 0.114167 0.729294 0.660025 0.715309 1.482361 0.524725 0.576914 0.322046 -0.168013 -0.116313 -0.002414 
4.519286 1.285822 2.113231 1.457966 1.621044 1.348629 1.559282 1.554448 0.818754 0.899274 0.129575 -0.031835 
3.453431 0.314398 0.900109 -0.286568 1.889341 1.407236 1.086931 1.061890 0.540229 0.419991 0.249810 -0.017423 
3.368592 0.531482 0.755687 -0.992780 1.443664 0.705819 0.275926 0.718340 0.221778 0.363584 -0.008803 -0.067641 
3.099449 0.197522 0.721487 -0.342026 1.241164 0.858360 0.721471 0.466361 0.448202 0.315555 0.324323 0.007006 
2.900390 0.510752 0.949806 -0.527313 0.968278 -0.641455 -0.013250 1.094657 -0.130959 -0.114028 0.126897 -0.010538 
3.333933 0.601226 1.024518 -1.077997 1.252460 1.366280 0.295540 0.519797 0.225669 0.230584 0.040697 0.008002 
1.325641 0.900971 0.922254 0.520599 0.410018 1.486313 2.777412 0.669578 0.385317 0.650739 -0.094475 -0.081229 
0.965766 0.635106 1.199194 1.301631 0.819745 1.523961 1.272349 0.822355 0.799475 -0.077479 0.014174 -0.133281 
1.167135 1.154832 1.124151 0.739836 1.821198 0.985257 1.442272 0.494141 0.151696 0.194633 -0.060585 -0.049148 
0.924685 0.991397 1.316686 1.995249 0.937031 1.826461 0.592429 0.598708 0.517878 -0.024611 0.127369 -0.039463 
0.724449 0.837608 2.007745 1.296289 1.547327 0.591943 1.361436 0.704220 0.703445 -0.072215 -0.058025 -0.056740 
0.811345 0.692709 1.046771 1.851917 1.631183 1.747326 1.449661 0.276538 -0.161980 0.261558 0.050521 -0.065510 
1.077468 1.739661 1.544537 0.450237 1.015581 0.820942 -0.132209 0.615229 0.027156 -0.217824 0.064793 -0.056508 
1.662936 1.382268 1.501083 0.814888 0.690663 -0.285086 -0.146207 0.558553 0.091028 -0.079500 0.182548 -0.047868 
1.485105 1.132668 1.184538 1.163856 0.250023 -0.468725 -1.063460 -0.021321 0.255347 0.073762 0.478007 0.018762 
1.524398 1.184867 1.099270 0.593918 -0.015798 0.229265 -0.434236 -0.518993 -0.220591 0.015075 0.181883 0.083288 
1.480356 1.437918 0.945512 1.364832 0.100245 -0.157699 -0.310609 -0.479488 -0.885742 -0.181176 0.213008 0.005653 
1.577459 1.174481 1.646689 1.015709 -0.030135 -0.160110 -0.414005 -1.167623 0.019794 -0.193261 0.005221 0.023145 
1.408007 1.952473 2.009185 0.888072 0.434602 -0.433676 -0.530493 -0.731794 -0.111070 0.224283 -0.085778 0.043212 
1.369622 1.441999 0.786059 0.889086 0.298503 0.360876 -0.575029 -1.102415 -0.126078 -0.039661 0.201429 -0.063121 
1.497390 1.132055 1.015287 1.438254 0.195022 0.338830 0.124693 -0.518134 -0.041565 -0.205549 -0.141913 -0.036786 
1.220171 0.866278 1.884228 0.720978 1.732452 -0.139520 0.726651 0.141916 0.458440 0.220551 0.156346 0.034000 
1.547280 1.452773 0.404147 0.895088 0.961336 -0.198994 0.758902 0.204793 0.978211 0.200334 0.420181 -0.035550 
1.133215 1.106145 1.710026 1.156915 0.222687 0.392686 -0.390687 0.059097 0.280324 0.096455 0.333167 -0.018402 
1.833428 0.367039 1.008351 0.875625 1.647892 1.564577 0.893408 0.683325 0.698890 0.228400 0.021717 -0.011456 
1.041723 1.530825 1.420010 0.891396 1.301233 1.547151 0.891984 0.687506 0.647349 0.148352 0.117030 -0.031782 
2.385624 -0.370354 2.060342 0.931423 0.691235 0.289369 1.420545 0.440212 0.531884 0.478833 0.080239 -0.015393 
3.378187 -1.307828 1.959462 0.562589 1.748873 0.943921 2.064709 0.897154 0.558751 0.384565 0.061376 0.028455 
7.234712 -0.560575 1.495069 2.020240 0.002122 1.013552 0.920641 0.627301 0.704449 0.379542 0.123352 0.087141 
5.531023 2.800667 -0.041639 -0.306752 0.838055 1.324640 0.957150 0.659444 0.658432 0.475545 0.523785 0.165687 
2.720205 2.213072 2.061753 1.871548 1.727184 1.472675 1.053085 0.692488 0.501722 0.324214 0.173726 0.047439 
3.043156 2.514309 2.248492 1.786574 1.114356 0.538596 0.343113 0.208323 0.203575 0.196093 0.168232 0.032042 
4.170264 2.414879 2.270843 1.097531 1.710231 1.162824 1.120671 0.680832 0.108119 0.421827 0.064364 0.010673 
3.206860 1.446557 1.714506 0.503911 2.342897 1.834170 1.157648 1.923805 0.604843 0.364646 0.316184 0.017608 
-1.#IND00 -1.#IND00 -1.#IND00 -1.#IND00 -1.#IND00 -1.#IND00 -1.#IND00 -1.#IND00 -1.#IND00 -1.#IND00 -1.#IND00 -1.#IND00 
-1.#IND00 -1.#IND00 -1.#IND00 -1.#IND00 -1.#IND00 -1.#IND00 -1.#IND00 -1.#IND00 -1.#IND00 -1.#IND00 -1.#IND00 -1.#IND00 
