0.851166 1.210456 0.834206 1.541906 0.763350 0.717012 0.196094 0.094287 -0.025104 0.061016 -0.160122 -0.151464 
1.150335 1.514474 1.572350 0.599435 0.339504 0.759607 0.169667 0.297658 0.114867 0.330616 -0.312306 -0.071800 
1.268669 0.815806 1.374251 -0.065479 0.686481 1.686442 1.304186 1.267154 0.168556 0.121609 -0.081483 -0.127524 
1.083801 1.024806 0.470450 0.664650 0.738585 1.365935 2.239100 0.785956 0.334713 -0.174953 -0.182534 -0.140810 
0.859907 0.806316 0.955629 1.291402 0.590509 1.194018 0.675249 1.494226 0.338190 -0.052772 -0.164597 -0.143881 
1.433746 1.270746 1.276226 0.510860 0.588145 1.508867 1.184284 0.759256 0.604815 0.065056 0.084734 -0.084551 
3.128596 0.025302 2.312263 0.018174 1.154145 -0.060384 1.097634 0.883320 0.408256 0.531142 0.027102 -0.052291 
4.113780 0.809778 1.008573 0.479807 0.084972 0.848444 1.095197 0.521219 0.278384 0.047343 -0.086609 -0.066466 
4.231316 2.601093 1.216930 0.841168 0.973969 1.096152 1.228203 1.237202 0.749224 0.068230 -0.046342 -0.025375 
6.329663 1.940277 1.442507 2.085801 0.386855 1.779423 2.144339 0.843002 0.395899 0.791646 0.148911 -0.101244 
3.976900 2.472244 0.956801 -0.169163 -0.050155 0.985294 1.207188 1.820852 0.877916 0.403305 0.194859 -0.008713 
3.580614 1.656880 1.767906 0.476132 1.171580 1.486483 1.277790 0.694937 0.216625 -0.034744 -0.057011 -0.016947 
3.878953 -0.501261 0.353004 -0.262573 4.188205 3.231565 0.767208 0.833170 0.746536 0.193148 0.204048 0.026239 
4.003326 -0.061928 0.558315 -0.406097 2.061325 0.989062 1.574625 -0.292944 3.216951 0.871468 -0.426067 -0.048828 
3.727255 0.860332 1.136549 -0.587820 1.696508 0.681929 1.468322 1.361278 0.035296 0.597312 0.219227 -0.011607 
3.439659 0.555986 1.221787 -0.555951 2.042589 0.667017 1.185279 1.408976 0.265793 0.044772 0.156030 0.001815 
3.595240 0.786004 1.396786 -0.339470 1.492567 1.654391 1.049456 0.729179 0.400812 0.470508 0.143750 0.001376 
3.363710 0.665173 1.069569 -0.986760 1.904165 1.053615 0.573030 0.474912 0.576513 0.425467 -0.081113 -0.008064 
3.575864 0.443945 1.206356 -0.253125 0.699419 1.062214 0.452891 0.567869 0.105019 0.115954 0.093099 -0.033821 
2.844534 -1.190837 0.008046 -0.102203 -0.479397 1.084234 2.823624 1.674802 -0.241967 -0.103444 0.115104 -0.047510 
1.641516 -0.938886 -0.166737 -0.802628 -0.310244 1.079823 3.236950 0.735550 0.177309 -0.106886 0.038320 -0.045913 
1.076099 0.437130 1.137875 0.942976 1.498160 1.435028 0.593855 2.421014 1.367155 -0.121457 -0.244256 -0.119743 
0.759631 1.478720 1.606892 1.079608 1.371236 0.776696 1.293372 1.015675 -0.162628 -0.030133 -0.014635 -0.013623 
0.735748 0.802863 0.827980 1.708473 2.372881 0.790904 1.043746 1.102482 0.356787 0.309013 -0.008497 -0.106474 
0.672130 1.344735 0.931669 1.447108 1.933524 1.211786 1.289446 0.604528 0.609654 -0.142468 0.011194 -0.063531 
0.928627 0.333418 1.189904 2.471098 2.001123 1.426188 0.858280 0.459190 0.581536 0.544049 -0.214098 -0.074315 
1.460782 1.315852 1.386391 0.070906 1.536529 0.619517 0.715791 0.945068 0.242051 -0.048000 -0.342365 0.042010 
1.484371 1.428858 1.208034 0.481058 0.884103 -0.014729 0.315062 -0.003776 0.004050 0.150899 0.039389 0.006308 
1.258742 1.814255 1.522869 1.118999 0.300461 -0.437852 -0.097832 -0.209303 0.352545 0.093650 0.232284 0.015880 
1.152126 1.943639 2.108953 0.939458 0.540969 -0.684578 -0.632361 -0.704990 -0.444743 -0.128631 -0.063100 -0.003923 
1.336774 1.399197 2.335106 -0.046631 0.538431 -0.826036 0.003847 -0.407805 -0.711379 -0.434698 0.102648 0.010262 
1.675605 0.770736 1.398423 0.525590 -0.091065 0.012562 -0.596415 -0.819632 0.221141 -0.045344 -0.108789 0.047194 
1.354197 1.469811 1.257471 1.060211 0.668383 -0.444205 0.326701 -0.639752 -0.260750 -0.032857 -0.191701 0.074294 
1.850819 1.208827 0.993189 1.015586 0.470165 0.239237 -0.240271 -0.151565 0.524999 0.325541 -0.033388 0.034634 
1.266093 0.625380 1.694464 1.300588 0.670100 1.045796 0.570704 -0.526376 0.009333 0.310782 0.026156 -0.015456 
1.693780 0.864127 1.467711 1.290589 0.285856 0.094948 0.384600 0.458721 0.254310 0.370452 0.203814 -0.015358 
1.378997 0.887796 1.597930 0.164121 0.928989 1.219424 0.799324 0.855713 0.850980 0.008337 -0.068709 0.034798 
2.991350 -0.450166 1.183366 0.728555 1.130020 1.287438 1.266815 1.011786 0.298113 0.314509 0.149739 -0.011878 
1.633108 -0.013086 2.109933 0.663209 1.289591 0.892486 1.456110 0.843591 0.591245 0.239201 0.361869 -0.058823 
1.210619 0.162489 1.762561 0.897183 2.094431 1.729700 1.330876 0.632824 1.218548 0.182052 -0.140389 0.017916 
5.080983 0.160681 0.005741 1.279588 1.213780 0.858185 1.085569 0.919510 0.714848 0.210450 -0.044197 -0.030679 
5.446610 0.170100 -0.929375 1.278456 1.492580 0.553726 0.779581 1.188208 0.698253 -0.063438 0.050354 0.085913 
4.651015 2.614900 2.918382 2.101233 1.994293 0.840492 0.708211 0.501920 0.184498 0.230351 0.189452 0.052105 
4.489781 3.199142 3.120607 1.736475 1.217127 -0.054898 0.086507 0.127961 -0.118026 -0.084479 0.180292 0.052773 
4.278817 3.101247 2.713304 2.318400 2.416089 1.975430 1.364821 1.049179 -0.018846 0.202433 0.075239 0.018342 
4.044372 3.060793 2.691693 1.816970 2.519386 1.506546 1.873498 2.067470 0.783621 0.435154 -0.030582 0.017330 
4.048767 2.281950 2.854609 1.040799 3.122784 1.831097 2.116807 2.558680 0.234725 0.195655 -0.016462 -0.001478 
3.980018 1.342052 1.856586 1.031224 2.235762 2.050415 1.313864 0.733826 0.739111 0.770432 0.370191 0.068288 
-1.#IND00 -1.#IND00 -1.#IND00 -1.#IND00 -1.#IND00 -1.#IND00 -1.#IND00 -1.#IND00 -1.#IND00 -1.#IND00 -1.#IND00 -1.#IND00 
-1.#IND00 -1.#IND00 -1.#IND00 -1.#IND00 -1.#IND00 -1.#IND00 -1.#IND00 -1.#IND00 -1.#IND00 -1.#IND00 -1.#IND00 -1.#IND00 
