-0.085236 -1.458048 1.478912 -0.427136 -0.726300 0.449875 0.890018 -0.069031 0.323066 0.075544 0.113388 -0.070740 
1.410960 1.256361 0.175548 1.822824 1.316347 0.305208 0.790165 0.531150 0.879124 -0.084578 0.053296 -0.073914 
1.112509 1.037033 1.725307 1.238945 1.143086 1.101943 0.174745 0.566187 0.332557 -0.504794 -0.001264 -0.073579 
1.557593 1.458665 0.871407 0.940286 0.364037 0.520229 0.423836 0.749563 -0.284801 0.028992 -0.249634 -0.069422 
1.373556 1.293810 0.416067 0.125812 1.411493 0.352864 1.429494 0.291725 -0.169510 0.380492 -0.320444 -0.073614 
0.837172 1.318327 0.801019 -0.318900 1.345842 0.944057 2.541100 0.350825 0.496757 -0.146516 -0.198183 -0.139394 
1.441192 1.255859 0.735971 0.359189 0.972218 1.213004 0.475727 0.837170 0.492096 0.293940 -0.042541 -0.105841 
1.868152 1.123351 1.035809 0.488774 0.525562 0.940570 1.132217 0.984396 0.038915 0.449174 0.050657 -0.029254 
4.328937 0.003219 1.130568 0.059025 1.496167 1.463181 1.469591 0.145167 0.442016 0.092048 -0.079056 0.031922 
3.496885 0.617799 0.871654 0.423539 0.810577 0.895801 1.148457 1.186781 0.515904 -0.022556 0.173665 0.011818 
5.517228 2.136051 0.639033 1.171876 1.231251 1.230847 1.167922 0.524646 0.256816 0.100223 0.105935 0.041585 
5.988665 3.600094 3.044243 0.883790 -0.009273 1.424750 1.627396 1.307675 0.600945 0.165283 -0.090277 -0.071129 
3.576207 1.502801 1.156415 -0.031137 0.286301 1.561813 1.252886 1.170591 0.347149 0.221091 0.151643 -0.012795 
2.610410 0.921565 0.944947 0.481270 1.062820 1.685543 0.094206 0.255343 1.050198 1.013010 0.127992 -0.024537 
1.475662 0.998266 -0.002965 -0.425195 -0.196533 1.023783 1.067999 -0.303277 -0.139268 0.802593 -0.001745 -0.129941 
5.118500 1.760116 0.479654 0.395136 0.668713 1.307098 1.313660 0.226537 -0.035351 0.298525 0.127117 0.012878 
3.827870 1.717987 0.809381 -0.068144 0.788303 1.418104 1.461698 1.728643 1.112553 0.511041 0.266755 -0.011214 
4.058396 1.256727 0.477742 -0.402197 0.488063 0.952031 0.939557 1.712325 1.510528 0.469775 0.094436 -0.081485 
3.339857 0.542186 1.060532 -0.499874 0.793653 0.735764 1.904924 0.803965 0.678997 0.271755 0.013515 0.001448 
2.637032 0.481617 -0.036540 -0.663020 1.398278 1.945423 3.109652 0.914324 1.135524 -0.509516 0.103165 -0.056488 
4.558860 0.376809 0.443027 -0.803244 0.694813 0.993283 3.415504 1.284869 0.011086 0.145240 -0.035232 0.006974 
1.631918 2.116680 0.582082 0.530439 1.037301 0.938668 1.079526 0.221054 0.623519 -0.397734 -0.047620 -0.009141 
1.061449 1.011917 1.275367 1.342541 0.749817 1.480291 1.020758 0.634880 0.337540 0.039149 0.142822 -0.066752 
0.886639 1.015075 1.261434 1.359507 1.055662 2.379947 0.531551 1.024156 0.528947 0.288570 0.015931 -0.084411 
0.553056 1.216404 1.482731 1.039612 1.803048 1.438083 1.351509 0.114655 0.132128 0.579715 -0.018583 -0.131680 
0.547265 0.655985 1.561773 1.982601 1.420996 1.542834 0.965752 0.882545 0.418184 0.298597 -0.016349 -0.121624 
0.993742 1.169896 1.796119 1.309249 1.460166 0.425769 0.036535 0.550007 0.899576 0.073160 -0.259544 -0.004793 
1.315803 1.292713 1.850329 0.933113 0.178752 -0.216784 -0.895089 0.061472 0.296680 0.656073 0.165952 -0.098603 
1.277391 1.564336 1.396163 0.455429 0.113189 -0.237945 -0.048395 -0.484717 0.038900 0.079536 0.138123 0.014211 
1.504100 1.409583 0.847256 0.711689 1.158143 -0.130248 -0.746280 -0.601131 -0.290118 0.272717 -0.002686 0.044662 
1.242358 1.301900 1.715118 1.177570 0.950127 -0.171074 -0.715839 -1.046024 0.141984 -0.298134 -0.227688 -0.012201 
0.994410 2.202829 0.830083 0.960817 0.226352 -0.228300 -0.476790 -0.458141 -0.655866 -0.434149 -0.081510 -0.010656 
1.343027 1.677309 1.178555 0.601113 -0.617016 -0.732839 -0.804417 -0.231959 0.105441 -0.427505 0.211044 0.004528 
1.513509 1.606908 0.981344 0.394168 0.108010 -0.273108 -0.626572 0.387825 0.396708 -0.280874 0.436232 -0.006929 
1.289702 1.667860 1.770691 0.660433 0.062800 -0.174636 0.099931 -0.066269 -0.156017 0.355554 -0.090017 -0.028156 
1.647241 1.349291 1.551679 0.067738 1.164207 -0.462198 0.914152 0.549153 0.545875 0.472156 0.349933 -0.026695 
1.081423 1.280821 1.471432 0.705293 1.105970 0.485137 0.363094 0.259277 0.983778 0.149944 0.087448 -0.047875 
1.628554 1.306100 0.756931 1.253768 0.817489 0.308084 0.653113 -0.026585 0.375711 0.029486 0.154683 -0.024561 
1.909604 0.411393 0.997163 1.312698 1.402800 1.811145 0.995666 0.672864 0.687362 0.474355 -0.160109 -0.010713 
1.727324 0.416971 1.695410 0.814887 1.465867 1.164568 1.493287 0.402256 0.740701 -0.016215 0.212871 0.011277 
1.652745 0.871389 1.454426 0.649227 0.957432 0.323654 0.519942 0.646495 0.506253 0.285402 0.012540 0.023215 
3.232633 0.185188 0.983288 0.281584 1.634797 1.627212 0.978756 0.479811 0.106196 0.406981 0.386109 0.029003 
5.285540 1.145333 -0.257000 1.073561 0.778654 0.393808 1.069620 1.318062 0.671605 0.038121 0.105081 0.055568 
4.924607 2.858041 0.655884 0.333341 0.876019 1.077587 0.768240 0.438872 0.326619 0.311249 0.266988 0.074970 
3.046797 2.356063 1.692935 1.165550 0.978923 0.616889 0.373523 0.398570 0.319626 0.252074 0.235629 0.028126 
4.226711 3.497031 3.150176 2.321659 1.658092 0.577833 0.323219 0.379491 0.060121 0.229966 0.219579 0.064999 
3.540798 3.075252 3.177561 2.541476 3.014354 1.051877 -0.351400 0.251556 0.657527 0.217496 0.027413 -0.008195 
4.267330 2.712871 2.257662 1.763336 2.657699 2.046581 1.504487 1.159513 0.698403 0.368408 0.167981 0.059706 
-1.#IND00 -1.#IND00 -1.#IND00 -1.#IND00 -1.#IND00 -1.#IND00 -1.#IND00 -1.#IND00 -1.#IND00 -1.#IND00 -1.#IND00 -1.#IND00 
-1.#IND00 -1.#IND00 -1.#IND00 -1.#IND00 -1.#IND00 -1.#IND00 -1.#IND00 -1.#IND00 -1.#IND00 -1.#IND00 -1.#IND00 -1.#IND00 
