3.337629 0.292246 0.994923 -0.032338 1.450079 1.142342 0.990364 0.357246 -0.020350 0.328016 0.062620 -0.024228 
4.642040 1.345127 0.587834 1.764954 1.132999 0.529996 0.764692 0.251386 0.603597 -0.487647 -0.003413 0.058125 
4.465541 3.020199 1.996853 1.214473 0.441326 0.729326 1.155224 1.710921 0.441529 0.324511 -0.025846 -0.029114 
3.129879 2.787557 2.505907 2.008471 1.475424 1.094449 0.731723 0.601643 0.523510 0.157059 0.177728 0.027863 
4.650140 2.531353 2.451911 1.746883 3.568657 2.090402 1.445508 1.036593 0.729776 0.331944 -0.061671 -0.010394 
3.561579 0.976503 2.172426 0.573064 1.926240 1.958123 1.996122 1.373335 0.738935 0.021133 0.296328 0.088036 
1.511193 0.459016 0.827533 0.894078 1.706827 2.515905 0.092072 -0.189017 0.221569 -0.202974 0.061148 0.040948 
4.556271 0.216893 -0.169963 0.497649 1.397230 0.714766 1.120711 1.465167 1.639723 -0.202043 0.019119 0.057119 
4.296725 1.257248 1.573457 0.479663 1.800851 1.171441 1.444174 1.412916 0.100019 0.458515 0.272359 0.040695 
3.695466 0.389793 1.447819 -0.110149 1.514155 1.102264 0.546090 0.709971 0.191114 0.139564 0.396027 0.065720 
3.491278 0.373819 0.976975 0.093667 1.299304 0.823334 1.279262 0.982921 0.485368 0.330686 0.193478 0.011907 
3.415550 0.588220 1.250401 -0.914181 0.764282 0.814323 0.987504 0.825412 0.229463 0.258142 0.163103 -0.005894 
3.349801 0.298365 1.094365 -1.068629 1.167421 0.440799 1.152773 0.115418 0.806238 0.357955 -0.055883 0.031862 
3.434546 0.364491 0.985458 -0.891011 1.304091 1.408624 0.766770 1.098083 0.136289 0.306252 0.309804 -0.018395 
3.109827 0.301103 1.437031 -1.035038 1.303699 0.543950 1.563065 0.723221 0.217761 0.539821 0.255448 0.009428 
1.782484 1.682247 -2.901245 -1.793078 1.702809 0.460058 -0.246522 0.693188 0.337802 -0.328619 -0.025761 -0.151205 
2.035212 0.917375 1.091413 0.806455 0.678575 1.133100 0.659880 0.744740 1.235522 -0.334819 0.002936 -0.025595 
1.127007 0.673589 1.766425 0.558364 1.878788 1.008223 1.050103 0.730697 0.335172 -0.040703 -0.079271 -0.072998 
1.622909 0.654201 0.534703 1.064880 0.901861 1.382811 1.072390 1.316767 -0.098102 0.300691 -0.069182 -0.064003 
0.356632 0.819720 1.271712 1.782943 1.924880 1.726698 1.543962 0.462947 0.263574 0.428472 0.048557 -0.079576 
0.848033 1.332080 1.156240 1.316748 1.373987 1.020854 1.427631 1.326689 0.422520 0.109786 0.217506 -0.112890 
0.825976 0.911977 0.490539 2.390431 1.637955 1.318577 2.261602 0.216633 0.461364 0.024323 -0.056987 0.006735 
1.254273 0.750143 1.331244 1.107035 0.890198 0.316276 0.252099 0.299880 -0.005691 0.163593 0.123138 -0.068596 
1.224840 1.837586 1.064162 0.799737 0.497763 -0.735154 -0.149907 -0.146565 -0.314332 0.098126 0.111915 -0.047472 
0.927372 1.893236 1.135608 0.583612 -0.131597 -0.697110 -0.554746 -0.746842 -0.261480 -0.387207 -0.178510 -0.049590 
0.950858 1.465373 1.760400 0.077167 0.337266 -0.799057 -0.825729 -0.911681 -0.925874 -0.320167 -0.118924 -0.100694 
0.987604 1.846771 0.849344 0.356179 0.075910 0.620497 -0.410905 -1.476563 -0.917829 -0.683711 -0.033836 -0.088348 
1.465972 0.939941 1.594240 1.109163 0.221548 -0.463834 -0.851541 -1.060506 -0.273259 -0.318859 -0.091023 -0.054042 
1.590453 1.377721 1.738251 -0.201875 0.733475 -0.481255 -0.335600 -0.026641 -0.650068 -0.259718 0.060658 -0.030859 
1.459538 1.283270 1.220378 0.700143 -0.731207 -0.191560 -0.016343 -0.458467 -0.003734 -0.021909 -0.012402 0.076801 
1.336304 1.564547 1.323707 1.762937 -0.135931 -0.392131 -0.492603 -0.343520 -0.010454 0.762883 0.198371 -0.053197 
2.166508 0.816556 1.776674 0.924769 0.454079 0.009990 0.641741 0.247717 -0.080866 0.089443 0.080618 0.015853 
1.361082 1.174602 1.790086 1.218709 0.575385 0.076117 -0.009293 0.127268 0.992665 -0.183327 0.301517 -0.026888 
1.906083 0.527826 1.598674 1.774321 1.182028 0.926515 0.708619 0.828944 0.331166 -0.037013 0.052820 0.009998 
1.698169 0.940134 0.932661 0.928753 1.545469 1.385489 1.025831 0.542869 0.408767 0.356263 0.119867 -0.027597 
2.589163 -0.308033 1.414518 0.789758 2.527970 0.770939 2.360835 0.763097 0.962523 -0.066573 0.013747 0.081124 
2.348671 0.697492 1.561963 0.731893 1.429341 1.035255 1.417114 0.302354 0.231971 0.442028 0.248317 -0.013065 
4.057428 0.266832 1.264668 0.885017 0.895996 0.485842 0.034435 0.310089 0.661648 0.473045 0.103495 -0.005017 
5.872491 1.094203 0.755564 1.305149 0.313945 0.011392 0.382378 0.678426 0.546376 0.180552 0.037219 0.016912 
5.477704 -0.088575 1.279648 1.218791 0.548290 1.098846 1.006063 0.052816 0.426675 0.287611 0.147181 0.083537 
2.775703 1.981041 1.372069 1.269096 1.041066 0.640385 0.367563 0.354163 0.379220 0.318331 0.233423 0.019732 
4.146370 2.083792 2.150204 0.672729 1.796660 1.885799 0.685034 -0.369263 -0.021183 0.360300 0.400272 0.116123 
3.175261 1.702938 1.598852 1.069820 1.783913 1.394350 1.618481 0.814538 0.260420 0.639055 0.302252 0.042566 
3.207538 1.421744 1.854720 0.800777 1.147749 1.381185 0.846703 0.767620 0.745500 0.481627 0.164265 -0.003525 
3.201757 0.553432 0.961854 -0.048970 1.404473 1.782619 1.292890 1.159382 0.555690 0.383788 0.114806 -0.038956 
3.337607 0.537398 1.229812 -0.221486 1.744369 0.786083 0.704770 1.255016 0.704831 0.367705 -0.025179 -0.042060 
3.340772 0.129492 0.821788 -0.055589 0.929409 0.639365 0.330263 0.904323 0.618810 0.140718 0.141971 0.022276 
3.281656 0.323404 1.164122 -0.356588 1.256558 0.391988 0.676028 0.498943 0.337935 0.543273 0.121252 0.005902 
-1.#IND00 -1.#IND00 -1.#IND00 -1.#IND00 -1.#IND00 -1.#IND00 -1.#IND00 -1.#IND00 -1.#IND00 -1.#IND00 -1.#IND00 -1.#IND00 
-1.#IND00 -1.#IND00 -1.#IND00 -1.#IND00 -1.#IND00 -1.#IND00 -1.#IND00 -1.#IND00 -1.#IND00 -1.#IND00 -1.#IND00 -1.#IND00 
