0.066458 0.091802 0.015687 -0.454275 -0.528699 0.027939 -0.126102 -0.277009 -0.276879 0.050091 -0.026878 -0.103568 
0.073435 0.109445 -0.173112 -0.296230 0.275298 0.217633 -0.742601 0.199250 -0.162514 0.263804 -0.040007 0.058444 
0.026020 0.111454 -0.563114 -0.104606 -0.172098 -0.283138 -0.006684 0.099584 -0.291025 0.118928 -0.038474 0.025415 
-0.046890 0.456165 0.088181 0.132183 -0.237098 0.798431 -0.155291 0.076686 0.292670 0.151183 0.074308 0.016982 
-0.092200 0.285472 0.041479 0.203865 -0.687738 -0.381486 -0.394551 -0.261128 0.596597 0.191647 -0.008720 -0.094288 
0.283672 0.028450 0.214546 0.485809 0.195673 0.048859 0.645840 -0.604170 0.478576 0.396808 0.120176 0.093910 
0.191940 -0.193298 0.246122 -0.374521 0.180093 0.036935 0.203979 -0.366152 0.384637 0.084144 0.260213 0.022939 
-0.168046 0.250493 0.221476 0.097178 0.207881 0.316260 0.250735 0.246050 -0.241142 0.059999 -0.091215 0.106549 
0.014468 0.091423 -0.013052 -0.464528 0.146017 -0.036473 -0.298976 0.043213 -0.048573 0.274635 -0.164719 0.010046 
3.114862 0.694405 1.487644 0.160074 0.954400 0.947684 0.059249 1.125471 0.229709 -0.098717 0.284941 -0.001577 
3.274980 0.856976 1.853282 -0.095977 1.475569 1.186028 1.136960 0.856541 0.206712 0.463379 0.172806 -0.022971 
3.300092 1.127703 1.664869 0.147852 0.236284 0.879724 0.687130 0.923930 0.218612 -0.045548 -0.012256 -0.057379 
3.071381 1.185493 2.296448 0.538907 0.339830 0.480601 0.320638 0.524471 0.820316 0.261895 0.059887 -0.009218 
3.147932 0.219998 1.416799 0.256788 -0.945669 0.409176 1.051683 0.721575 0.057767 0.261233 -0.098524 -0.074441 
2.985186 -0.249030 2.880254 -0.919405 -0.839660 -0.113089 1.983166 1.140282 -0.078706 0.495954 -0.126571 -0.208130 
0.065932 -1.540407 2.738657 0.393341 1.428358 0.992882 0.084214 0.119309 1.798632 -0.194234 -0.063855 -0.145783 
-0.683375 -0.986300 4.518495 0.963961 -0.485392 -0.774423 1.562443 0.166433 0.365811 0.749915 0.226867 0.054447 
-0.846095 -0.833957 4.524530 -0.107412 0.350728 0.587463 0.823131 -0.136411 1.403307 0.545094 -0.166759 -0.016337 
-0.896965 -0.917164 4.669789 0.355481 -0.941217 -0.575750 1.280404 -0.073595 0.814801 0.541169 0.053008 0.042122 
-1.350003 -0.710397 3.126690 -1.348024 0.670367 -0.352273 1.664080 0.509403 -0.139179 0.904122 0.095441 0.009307 
-1.175413 -0.317285 3.044680 -0.733707 1.130639 -0.087159 0.951431 -0.782902 0.769063 0.021539 0.031828 0.120903 
-1.039832 -0.641650 4.470232 -0.395728 0.388080 0.616408 0.822347 -0.135616 0.999363 0.050145 -0.037723 0.167466 
-0.379404 -1.903431 2.596969 -0.307793 -0.196683 0.601963 0.315665 0.577312 -0.327078 -0.066113 0.262680 -0.071464 
1.477847 -0.224086 3.150800 0.510420 0.887563 2.321127 1.187141 0.752929 -0.783900 -0.042479 0.114193 0.018292 
0.961242 1.531319 0.941297 0.339787 0.795717 0.294948 0.504266 1.131921 0.421168 0.009817 0.090025 -0.143240 
1.757987 0.687219 0.073910 0.577056 0.311515 0.901822 0.923009 1.157882 -0.171857 -0.004795 -0.257467 -0.052782 
1.680650 1.424226 -0.861312 -0.563437 -0.136188 1.529098 1.426271 0.367678 0.064213 -0.208810 -0.078609 -0.103789 
2.015412 1.134114 -0.709396 -0.145985 0.762775 1.634996 1.296090 0.992536 -0.045254 -0.058849 -0.153510 -0.120698 
2.342476 0.561516 1.363175 0.557736 1.143010 0.921508 0.190203 0.836968 1.105137 0.006936 0.132491 -0.015461 
2.887285 0.442551 0.648819 0.002006 2.041099 1.030935 0.496487 0.734865 0.630748 0.344845 0.103369 -0.055072 
2.790966 0.610268 1.749547 -0.406908 -0.098482 2.376575 0.657178 0.648833 1.161322 0.655967 -0.050392 -0.041608 
5.047325 0.325879 0.811362 0.255284 1.528248 0.474008 0.667900 0.362414 0.479008 0.099761 -0.032720 0.026971 
6.661649 0.530037 1.102644 -0.499449 0.948458 0.466329 1.528564 1.840008 0.934255 0.377900 0.014200 -0.022107 
6.746037 3.700557 1.513589 0.407478 0.298705 0.570186 0.891392 1.787360 0.574269 0.341334 -0.008243 -0.053389 
3.583009 3.033955 2.957859 2.581833 2.168636 1.648535 1.388813 0.992580 0.570400 0.347618 0.222801 0.069602 
3.194620 -0.424038 -0.684482 0.299994 1.220785 0.907178 0.569540 0.563625 0.613742 0.650216 -0.046172 -0.144480 
1.369139 0.337710 0.355206 0.787961 1.168488 1.254082 1.457415 1.594270 0.243494 0.067760 -0.516386 -0.048745 
1.183081 0.550474 0.282234 0.797508 1.078037 1.620752 0.763847 1.216088 0.189042 -0.258767 -0.079091 -0.119089 
0.976602 1.243002 0.342485 0.204032 1.358692 1.426210 0.799140 1.448810 0.822155 0.208774 -0.309642 -0.125427 
1.627896 0.488516 0.595988 1.236674 2.147259 1.873057 0.655734 0.491663 0.426434 0.309275 -0.180939 -0.022197 
0.743256 1.479194 0.719436 1.236749 1.184461 1.520230 0.784109 1.059353 0.151728 0.159259 -0.097683 -0.119935 
1.141734 0.885252 1.448937 1.074093 0.924133 1.970792 0.750084 0.501862 0.472567 0.207587 0.094242 -0.103666 
0.823417 1.052702 1.693896 1.008048 1.656722 1.514355 0.667925 0.705615 0.581119 -0.055506 -0.021655 -0.028278 
1.268512 1.753316 1.301008 1.246623 0.573346 0.285899 0.372023 -0.005467 0.707345 0.034475 0.170368 -0.051931 
1.215175 1.674823 1.126376 1.120532 0.718157 -0.526337 -0.164415 -0.209003 0.003458 -0.016815 0.217129 -0.064732 
1.419744 1.506275 1.774051 0.953733 0.178324 -0.077233 -0.357870 -0.703066 -0.045631 0.263490 0.277157 -0.040077 
1.261915 1.617751 1.457928 1.358477 -0.180635 0.039729 0.006945 -0.674235 -0.397859 0.327671 0.019393 0.061859 
1.098530 1.030110 1.720659 1.474080 0.688967 0.248603 -0.974492 0.165382 -0.233069 0.207486 0.107689 0.025067 
-1.#IND00 -1.#IND00 -1.#IND00 -1.#IND00 -1.#IND00 -1.#IND00 -1.#IND00 -1.#IND00 -1.#IND00 -1.#IND00 -1.#IND00 -1.#IND00 
-1.#IND00 -1.#IND00 -1.#IND00 -1.#IND00 -1.#IND00 -1.#IND00 -1.#IND00 -1.#IND00 -1.#IND00 -1.#IND00 -1.#IND00 -1.#IND00 
