3.459937 0.202496 0.784550 -0.715148 1.084531 1.087752 0.725022 1.091287 0.467783 0.287667 0.186877 0.001607 
3.471910 0.266647 0.518850 -0.715473 1.587854 0.846745 0.769802 1.145597 0.758714 0.296190 0.222779 0.002968 
3.334927 0.725568 1.056151 -0.483817 1.005549 0.626562 0.275182 0.612539 0.447804 0.206650 0.166484 -0.025318 
3.563658 -0.241105 1.063715 -0.906328 1.436611 0.299061 0.578867 0.759441 0.386692 0.228626 0.066061 -0.018753 
3.170738 0.764131 0.634764 -0.966864 1.216608 0.975178 0.893027 0.822932 0.687401 0.286491 0.121962 -0.060725 
3.544272 0.350212 0.847758 -0.804599 1.066235 0.748857 0.677593 0.827326 0.484187 0.168689 0.240773 -0.008741 
3.207891 0.504587 0.471281 -0.147402 0.549952 1.179948 1.091506 0.969178 0.472930 -0.037660 -0.018551 -0.046897 
3.335118 0.689257 0.954093 -0.048887 1.639783 0.964941 1.228015 1.058045 0.575766 0.537858 0.151322 -0.027777 
3.611378 0.816362 1.185040 -0.569848 1.138826 0.969104 1.479261 1.067737 0.795540 0.300029 0.324659 0.041118 
3.599443 0.638652 1.055997 -0.753303 1.884730 1.632479 1.029361 0.995868 -0.148734 0.445538 0.060939 -0.031756 
3.035870 0.110991 0.959670 -1.332596 0.501264 0.765981 -0.018614 0.533808 -0.150567 0.403263 0.064443 -0.053421 
3.330475 0.067032 0.836897 -1.189385 1.518225 1.190427 0.879520 0.413380 0.172135 0.114497 0.242610 -0.005452 
3.362663 0.575270 1.028619 -0.965699 1.555494 0.970860 0.827281 0.938572 0.591071 0.469727 0.145999 -0.005344 
3.107297 0.716016 0.847567 -0.475199 1.267767 1.219257 0.916798 0.217712 0.208123 0.312379 0.048178 -0.005238 
2.889719 0.251630 0.501968 -0.326989 1.643099 1.108051 1.035312 0.698565 0.337368 0.350245 0.037682 -0.067074 
3.192336 0.296556 0.562497 -1.369195 0.998284 1.425074 0.807744 0.847619 0.213524 0.094028 -0.068525 -0.046600 
2.591069 -1.135301 2.627098 -0.374145 -0.181343 0.751125 0.954322 0.620075 0.247004 0.281220 0.282910 -0.041470 
-0.603448 -1.132687 2.006643 -1.539700 -0.681902 0.891068 3.429469 0.982783 1.025893 0.845580 -0.053952 -0.184993 
-0.525383 -1.743924 2.749430 0.565488 0.347664 0.092947 1.746678 0.798738 0.101107 0.469707 -0.084178 -0.115120 
-0.618198 -1.605335 2.298237 0.343202 -1.276826 -0.577369 0.560888 -0.765246 0.293871 -0.241132 0.319823 0.098966 
-0.738566 -1.332031 1.825750 0.384762 -1.331395 1.068590 1.139918 -0.790188 -0.386680 0.359413 0.196323 -0.094064 
-1.044233 -0.742090 1.039263 -0.171106 -0.607389 -0.505579 1.184537 -0.621658 -0.118162 0.945623 -0.379642 -0.052790 
-0.859884 -1.545386 2.073358 -0.486219 -0.647948 0.451355 0.777482 0.054437 -0.058800 -0.153485 0.264977 -0.029910 
-0.498025 -1.992999 2.140317 -0.015139 -0.207958 0.055813 0.743437 -0.487132 0.026002 -0.099250 0.235338 0.021969 
1.063934 0.728494 1.807362 0.316442 -0.129221 1.769283 1.448307 1.099518 0.292391 0.182269 -0.362177 -0.014836 
1.182707 0.418382 1.622917 1.825293 1.608324 1.616400 0.886878 0.940138 -0.164123 0.106713 -0.036024 -0.031133 
1.125933 1.845652 1.368923 1.601510 1.796482 0.533733 0.926849 0.092937 -0.096610 0.054086 -0.103489 -0.029621 
1.369028 0.776522 1.220415 0.971431 0.738178 0.452905 0.337522 0.656208 0.549819 -0.201851 -0.346508 -0.092698 
1.366869 1.281316 1.172213 0.527572 0.717935 0.264693 0.927781 0.458712 0.702178 -0.181999 -0.348796 -0.042097 
1.398891 1.414211 1.026164 0.263878 0.144319 1.472181 1.379196 0.651257 0.352180 -0.195569 -0.246376 -0.091997 
0.866101 1.205919 0.866008 1.027658 0.400358 0.997438 1.986481 0.582279 0.488970 0.107806 -0.248994 -0.079024 
1.835002 0.668405 1.182794 0.854747 1.879361 0.833267 0.753303 0.108347 1.307360 -0.094119 0.195632 -0.035529 
2.756780 -0.081713 1.291146 1.576080 0.364498 0.982685 0.513016 1.425355 0.165804 0.203265 0.336057 -0.025230 
3.453913 0.764330 1.240202 1.115082 0.865648 0.005968 0.764672 2.082396 -0.668575 -0.115640 0.132791 -0.002402 
5.675389 2.588049 0.874600 0.642684 0.578191 1.306324 2.007270 1.099159 -0.311403 -0.070377 -0.066208 -0.003182 
4.623709 2.953052 1.286774 0.365244 1.111210 1.591655 1.202799 0.570266 0.045881 0.270918 -0.174863 -0.053010 
3.408385 2.382734 1.850206 1.263946 1.973645 2.407426 1.657820 1.283267 0.465031 -0.006818 -0.021189 0.031551 
4.176892 2.444055 3.234502 2.896151 2.450414 2.074403 1.787274 1.285497 0.276426 0.190749 0.102411 0.031004 
3.515428 1.211070 1.312133 0.545725 1.933820 1.642979 1.722058 1.258183 0.702840 0.666432 0.202822 0.010494 
1.640227 0.165379 -0.238535 -0.688574 1.690369 0.655073 2.125909 -0.717684 0.053447 0.584190 -0.208405 -0.018508 
1.409529 0.808161 0.176699 1.218120 -0.142953 2.599298 2.146742 -0.082917 0.148943 -0.173967 0.017889 -0.059254 
3.139233 1.832593 1.526025 0.927266 1.937213 1.379196 1.001228 0.829257 0.605578 0.626642 0.398271 0.050093 
3.225260 2.042945 1.299534 1.586257 1.679550 0.819197 0.439523 0.466635 0.557732 0.450440 0.180219 0.010098 
3.442656 0.548010 1.289415 -0.387712 1.889986 1.188523 0.738379 0.991208 0.378637 0.229429 0.208715 0.007436 
1.802954 1.631097 0.035474 -0.539430 1.968578 1.122365 1.899693 1.427445 0.218312 0.367022 -0.103294 -0.100644 
3.542160 0.892579 -0.417328 -0.439378 0.762838 1.876869 2.776238 1.141890 0.160043 0.140626 0.100433 0.030241 
3.527331 -0.550575 0.944188 0.074324 0.715832 0.469195 3.318225 0.007988 0.158657 0.265061 -0.101288 0.007851 
1.771500 0.374114 0.599526 0.997399 2.283115 1.482457 0.397879 1.146035 0.944785 -0.384565 0.006117 -0.097517 
-1.#IND00 -1.#IND00 -1.#IND00 -1.#IND00 -1.#IND00 -1.#IND00 -1.#IND00 -1.#IND00 -1.#IND00 -1.#IND00 -1.#IND00 -1.#IND00 
-1.#IND00 -1.#IND00 -1.#IND00 -1.#IND00 -1.#IND00 -1.#IND00 -1.#IND00 -1.#IND00 -1.#IND00 -1.#IND00 -1.#IND00 -1.#IND00 
