1.088402 1.452817 1.154989 1.052143 1.571909 0.500942 1.274089 0.365006 0.404326 -0.077919 0.213899 -0.039218 
1.046993 1.676208 1.598406 0.811228 0.903295 1.328944 0.615692 0.248650 0.559396 0.005750 -0.245051 -0.018773 
0.919885 1.252098 1.764790 0.818564 1.471910 0.467645 0.381786 0.278597 0.288953 0.010992 -0.084974 -0.109479 
1.050545 1.378362 0.953709 1.124017 1.249891 1.304985 0.288143 -0.170572 0.161787 -0.172365 -0.246368 -0.032057 
0.943619 1.964930 1.407047 -0.182666 1.494142 0.889822 0.800489 1.017591 0.046488 -0.053274 -0.238216 -0.066707 
1.191063 0.853475 0.824106 1.082566 1.289780 1.472910 1.287405 0.483387 -0.088072 0.301811 -0.152445 -0.027226 
2.226132 0.061423 1.459130 0.089621 1.511474 1.009793 0.451606 1.018490 0.445592 -0.041500 0.225437 -0.041410 
2.513898 0.799130 1.225698 1.044795 0.983027 0.595406 0.654474 0.689197 0.229540 0.641246 -0.053331 -0.060016 
4.034538 -0.559260 2.252022 0.453866 0.923551 0.847547 1.065111 0.675554 0.261337 0.059412 -0.233292 -0.067641 
4.544377 1.691620 0.573178 0.588942 0.813378 0.338968 0.463617 0.226318 -0.054375 0.160707 0.264744 0.058410 
3.047212 2.431107 1.833720 1.473986 1.501116 1.474008 1.020313 0.218296 -0.321543 -0.260273 0.052919 0.009634 
4.997413 2.926451 2.462037 1.830914 2.495482 1.663992 1.027799 0.846564 0.141305 0.515190 -0.025421 -0.039528 
3.937256 2.255492 2.474662 2.120817 2.526260 0.961855 0.919443 0.344018 0.132030 0.436059 0.311055 0.065149 
3.094829 0.249918 1.382596 0.860447 0.428548 0.985266 2.856412 1.609305 -0.408661 -0.320376 -0.003651 0.003339 
1.696493 1.181430 -0.485109 0.571342 1.197588 2.094491 2.241563 0.742637 0.401885 -0.424528 0.027193 -0.070133 
4.582952 2.830776 0.652416 -0.178262 1.431693 3.110325 2.122203 0.658765 0.331658 0.083359 -0.044485 0.047195 
3.436297 1.473966 1.179293 -0.066382 1.183058 2.037985 1.503459 1.258002 0.527543 0.084876 0.103769 0.003265 
3.268904 0.815338 0.521298 -0.369535 1.569303 0.710104 0.445906 0.385081 0.166952 0.093897 0.019919 -0.039140 
3.740748 1.031093 1.508207 0.152649 1.077840 1.088160 0.366197 0.655848 0.119447 0.285597 0.251173 0.042281 
3.389948 0.295617 1.027934 -0.233467 1.607337 -0.027770 0.387047 1.069279 0.262821 -0.144877 -0.029338 -0.014029 
2.106530 1.407155 -0.261389 0.113877 1.153151 1.021159 2.961997 0.727269 0.711814 -0.218878 -0.087383 -0.064663 
1.253405 1.509745 0.435445 1.782719 0.790259 0.583458 1.818060 0.245124 0.531938 0.321574 -0.218611 -0.034260 
1.018211 1.166052 0.955013 1.038348 1.059211 1.004591 1.194933 0.595206 0.536992 0.103410 -0.087509 -0.089573 
1.750650 1.012759 0.822489 1.152272 1.545278 0.664845 0.847087 0.787569 0.244075 0.999079 -0.461366 -0.037934 
0.844642 1.195707 0.743670 2.587128 0.682678 1.544826 0.753120 0.574157 0.536580 0.087244 0.085139 -0.133914 
0.497392 1.140792 1.117589 1.723115 1.097247 2.109680 1.556574 0.712597 0.275825 0.068635 0.078600 -0.105521 
1.056736 0.992868 1.314741 1.059741 2.139775 0.342868 1.332152 0.613059 0.345656 0.331562 0.105375 -0.079046 
1.568486 1.566633 0.943052 0.810164 0.132923 -0.337519 -0.255605 0.167260 -0.121831 0.171728 0.145971 0.010912 
1.219704 1.318809 1.896135 0.662755 -0.356273 -1.056662 -0.162085 0.212607 0.379700 0.525777 0.215114 0.051826 
1.365660 1.353522 1.133087 0.864390 -0.009746 -0.003540 -1.008427 0.055486 -0.004785 0.459559 0.158559 0.055788 
1.219803 1.859824 1.668914 1.199709 -0.060023 -0.560571 -1.272025 -0.811293 -0.044318 -0.011203 0.280136 0.000091 
1.065158 1.060842 1.704939 1.202231 -0.205343 0.100320 -1.377218 -0.778857 -0.183380 -0.119748 0.319011 0.035131 
1.444012 1.602256 0.729144 1.033679 -0.384207 -0.447125 -0.930647 -0.222010 -0.483128 -0.127339 -0.025269 0.036781 
1.394497 1.341614 1.411630 0.370091 0.189759 -0.138194 0.078499 -0.610440 -0.058676 -0.141949 0.031843 0.094114 
1.332180 1.491777 1.357712 0.979971 0.007562 -0.690954 -0.575602 0.351286 -0.060245 0.224594 0.060816 0.057788 
1.051934 1.875334 1.188419 0.882702 0.270024 -0.170183 -0.423233 0.282534 0.694359 0.409361 0.306409 0.019556 
1.194019 1.275406 1.265556 1.467313 0.800570 1.016234 0.771829 0.397069 0.595657 0.426930 0.236898 -0.074619 
1.569990 1.859136 0.925343 1.013077 0.313805 0.565084 0.476059 0.640965 0.099024 0.406291 0.263983 -0.004578 
1.707158 0.364756 1.945225 0.800457 1.444223 1.361287 0.755933 0.660520 0.285148 -0.175247 0.344994 0.030187 
0.998983 0.616850 1.098297 2.457082 2.025068 0.884200 0.846885 1.631389 0.067523 0.167255 0.281340 -0.010217 
0.913684 0.836218 1.534435 0.922135 1.466622 1.686178 1.759296 1.154391 0.169875 0.374290 0.225452 -0.069221 
1.400728 0.732564 1.322703 1.715670 0.194482 1.943232 1.289465 0.533585 0.416960 -0.182190 0.194735 -0.001287 
3.993674 0.407404 0.024052 0.985675 1.399413 0.932743 0.381447 0.770417 0.849681 0.258297 0.232679 0.017082 
5.392234 0.869385 0.298873 0.334631 0.990031 0.680588 1.709776 0.795108 0.101901 0.163967 0.034356 -0.010681 
4.948130 -0.301879 1.917535 0.329082 1.674976 0.731101 -0.411808 0.440437 0.683765 0.143023 0.128999 0.059251 
6.736088 3.036304 1.425129 0.916269 0.304464 0.308700 0.749542 0.413503 -0.048584 -0.049449 0.197648 0.136776 
4.720275 3.693538 3.331215 2.498692 1.035644 0.503198 0.296805 0.530968 -0.197910 -0.071082 0.084530 0.018967 
2.870879 2.282007 1.995220 1.228760 0.743869 0.983502 0.806776 0.418703 0.455333 0.396171 0.173897 0.026228 
-1.#IND00 -1.#IND00 -1.#IND00 -1.#IND00 -1.#IND00 -1.#IND00 -1.#IND00 -1.#IND00 -1.#IND00 -1.#IND00 -1.#IND00 -1.#IND00 
-1.#IND00 -1.#IND00 -1.#IND00 -1.#IND00 -1.#IND00 -1.#IND00 -1.#IND00 -1.#IND00 -1.#IND00 -1.#IND00 -1.#IND00 -1.#IND00 
