-0.517613 -1.134606 1.228029 0.527344 -2.109239 0.690665 0.894496 -0.969979 0.543984 0.591013 0.138339 -0.103952 
-0.525174 -1.013851 1.311799 0.274682 -2.046571 0.097495 1.029183 -0.938550 0.156751 0.568357 -0.140746 -0.112199 
-0.840413 -1.013167 1.830670 0.391231 -0.769628 0.020854 0.397829 -0.403607 0.280509 0.293455 -0.020366 -0.098627 
-0.797476 -0.980901 2.094555 0.632973 -1.014840 1.025448 0.508616 -0.827804 0.171624 -0.144673 -0.099102 -0.157371 
-0.890725 -0.898804 2.916095 -0.141929 0.070165 -0.431067 0.808960 -1.255696 -0.068671 0.430814 -0.278454 0.039851 
0.238665 0.850485 2.704036 1.379625 -0.176898 0.428142 1.184475 -0.947809 1.014119 -0.032919 0.071981 -0.003263 
2.113039 1.001519 0.768223 -0.123595 1.244211 0.040490 0.900073 0.587447 0.872011 0.712191 0.049692 0.032704 
0.856916 0.756375 1.299764 1.388865 1.505114 1.141034 1.449072 0.862018 0.705932 0.625065 -0.202885 0.046284 
0.816805 0.957549 1.596495 0.669188 0.760167 1.000478 1.955019 1.184180 0.667453 0.207315 0.217357 -0.050609 
0.547118 0.862651 1.898785 1.868993 1.756498 0.566412 0.889423 0.543745 0.342873 0.508926 0.041038 0.014030 
0.557193 0.662419 1.175665 1.276280 1.995492 1.690642 1.517766 1.472513 0.637320 -0.154633 -0.015106 0.045244 
1.048453 1.380857 1.142950 0.642881 0.864214 0.916833 0.262782 0.929598 1.133548 0.173798 0.168346 -0.014134 
1.037724 1.449055 0.798966 1.195253 0.645522 0.846730 0.716667 0.295783 0.764223 0.307939 0.399942 -0.049654 
0.910902 1.286977 1.404842 1.442694 0.703004 0.650141 1.380781 0.671679 0.858305 0.358949 -0.158669 0.012719 
1.053063 0.767898 1.554224 1.112130 2.143753 1.571164 1.220630 0.575424 0.115492 0.509710 0.006603 -0.016121 
0.939441 1.072550 0.655690 1.564021 1.918616 0.950157 0.528656 1.809525 0.547210 0.474730 0.085834 -0.091152 
1.186520 1.214381 0.486119 1.852589 0.854635 1.012899 1.191763 2.072883 0.247803 0.218222 -0.068265 0.021669 
0.883443 0.458305 1.882460 1.627097 1.116826 0.124999 0.495878 0.461649 0.553356 0.407063 0.316985 -0.032590 
0.550524 -0.653489 1.107751 1.381663 -0.451965 -0.909217 0.815679 0.787834 0.680834 0.373887 0.206059 0.073935 
-0.303992 -1.665059 1.166300 0.909856 0.362941 -1.161912 -0.032058 0.751911 -0.071357 -0.238064 -0.221009 0.034754 
-0.725182 -1.990139 -0.180880 0.906875 -0.117043 -1.709425 0.661666 1.143162 0.026178 -0.269596 0.168970 0.013368 
-0.572241 -1.732754 1.199018 2.022434 0.073580 -2.033854 0.556093 0.844506 -0.235526 -0.527662 -0.007642 -0.036838 
-0.377875 -1.677690 0.702672 1.564693 -0.077279 -0.540735 0.550218 0.228282 -0.261742 -0.213069 -0.118963 0.012122 
-0.393749 -1.817409 0.792063 1.856084 -0.583660 -0.899903 0.374458 0.138312 -0.320559 -0.343485 0.061056 -0.012562 
-0.345390 -1.389277 1.193549 2.023757 -0.033697 -1.571237 0.563239 0.582602 -0.184927 -0.019387 -0.312370 0.108877 
-0.674714 -2.176432 0.922763 1.611089 -0.315810 -1.309572 0.636727 0.199713 -0.274153 -0.410329 -0.081210 -0.009001 
-1.#IND00 -1.#IND00 -1.#IND00 -1.#IND00 -1.#IND00 -1.#IND00 -1.#IND00 -1.#IND00 -1.#IND00 -1.#IND00 -1.#IND00 -1.#IND00 
-1.#IND00 -1.#IND00 -1.#IND00 -1.#IND00 -1.#IND00 -1.#IND00 -1.#IND00 -1.#IND00 -1.#IND00 -1.#IND00 -1.#IND00 -1.#IND00 
