-0.631196 -0.648775 2.105256 0.181876 -1.402418 0.757135 1.505077 -0.489215 0.035603 0.480186 -0.225681 -0.049179 
-0.839297 -1.069866 2.232371 0.096053 -1.012087 0.026627 0.620006 -1.060450 0.389230 0.090945 -0.383738 -0.015632 
-1.088007 -0.908021 2.569370 0.132528 0.488826 -0.377893 0.578362 -0.560607 0.484874 0.424631 -0.112691 -0.057295 
-0.919066 -1.057143 1.832354 -0.613996 -0.223016 -0.504028 0.300120 -0.482865 0.001602 0.122279 -0.234089 -0.046979 
-0.955544 -1.211699 1.690408 -0.929248 -0.425430 -0.141885 -0.102276 0.014513 0.078186 0.213062 -0.014674 -0.098345 
-0.963573 -0.300195 2.400812 -1.140426 -0.000723 0.553382 -1.031581 -1.108438 0.776385 -0.170629 0.228598 -0.109118 
-0.051357 0.260940 2.547287 0.283020 1.078904 -0.488353 -0.250375 0.172036 0.802473 0.274811 0.299942 -0.107021 
2.322156 1.770015 1.055564 -0.058140 0.571615 -0.422913 -0.221147 0.190772 0.078265 -0.245089 0.059524 0.028376 
2.227372 2.060071 1.733377 0.980306 0.925586 -0.860499 0.837474 0.259498 0.733006 0.151144 0.195648 0.083849 
2.131813 0.056135 1.593173 -0.271650 2.059755 0.539763 1.240050 0.735791 0.587553 0.540874 0.327445 0.012667 
0.667342 0.867703 1.531647 1.078935 1.862730 1.433984 0.508794 1.215984 0.336303 0.465599 0.056830 0.033712 
0.653839 1.302599 0.486466 1.389053 0.981206 1.472075 1.837610 1.382039 0.034818 0.512747 0.184474 -0.033939 
0.906740 0.908191 1.060696 0.914494 1.339029 1.564630 0.552375 0.687537 0.657848 0.454111 0.173147 -0.014020 
0.819583 0.841157 0.952362 1.308810 1.635317 1.914235 1.198328 0.572427 0.290948 0.565259 -0.037684 0.037415 
0.680498 0.921802 0.908178 1.726111 1.562005 1.620926 1.202857 0.385690 1.355577 0.314263 -0.082263 -0.024852 
1.285331 0.989448 1.059006 1.530681 1.604780 1.089876 0.984026 0.513173 0.229083 0.128119 0.328315 -0.034502 
0.844132 0.787056 1.924943 0.417823 1.883315 0.470986 1.728712 0.842020 0.894831 0.000818 0.285859 -0.047242 
0.780555 1.336097 1.386714 1.094511 0.557193 0.409132 1.563417 0.399403 0.436227 0.267603 0.211498 -0.035225 
-0.260386 -0.575556 2.577420 0.271057 -1.153403 0.282613 0.986800 -0.095295 0.206746 0.582255 0.370230 -0.055589 
-0.578858 -1.189465 1.898529 0.260318 -0.450062 -0.123200 0.921423 0.308531 0.117385 0.508243 -0.064654 -0.008417 
-0.876193 -1.430904 1.537071 0.470696 -0.849162 -0.797464 0.777232 -0.060660 -0.893480 -0.218359 0.127826 -0.062911 
-0.862300 -1.739901 2.020397 0.954713 -0.840804 -0.765941 0.086954 -0.230478 0.200604 -0.030513 0.265871 -0.102626 
-0.677739 -1.483110 0.895347 1.395473 -0.257054 -0.548168 0.304760 -0.279210 0.228213 0.180361 0.187261 -0.009364 
-0.403595 -2.247524 1.071727 0.845735 -0.241254 -0.551779 0.195257 -0.610480 0.154778 -0.012542 0.087265 -0.030824 
-0.589630 -1.617723 0.858282 0.858343 -0.162524 -1.432503 0.681780 -0.165577 0.107915 -0.191392 0.065309 0.038965 
-0.249165 -1.635782 0.655151 1.778888 -0.143563 -1.382163 0.830733 -0.144337 -0.752961 -0.098210 -0.105660 -0.053777 
-1.#IND00 -1.#IND00 -1.#IND00 -1.#IND00 -1.#IND00 -1.#IND00 -1.#IND00 -1.#IND00 -1.#IND00 -1.#IND00 -1.#IND00 -1.#IND00 
-1.#IND00 -1.#IND00 -1.#IND00 -1.#IND00 -1.#IND00 -1.#IND00 -1.#IND00 -1.#IND00 -1.#IND00 -1.#IND00 -1.#IND00 -1.#IND00 
