2.972047 0.043868 0.427590 -1.017002 0.766891 0.767579 0.295751 0.381915 -0.515264 0.256433 0.310125 0.033680 
3.268433 0.550593 1.223748 -0.653757 0.838824 0.775407 0.835941 0.761031 0.219369 0.371774 -0.076596 -0.053672 
3.109579 0.854994 0.992043 -0.089451 0.973979 0.979294 0.218838 0.688437 0.275181 0.070605 0.073625 0.000313 
3.151290 0.599592 0.739854 -0.807426 0.813479 1.406976 0.640901 0.655634 -0.311305 0.614801 0.135449 -0.022172 
3.401300 0.448169 0.366943 -0.554933 2.107303 1.239337 0.741058 0.493528 -0.095914 0.406367 0.263665 0.035606 
3.257390 0.578814 0.377831 -0.780556 0.855432 0.540095 0.843085 1.431392 0.113666 0.042342 0.163892 -0.042107 
3.235760 0.851502 0.888076 -0.272607 1.130102 0.431264 0.826525 0.976106 0.703503 0.069677 0.133897 -0.001101 
3.246197 0.520719 1.495445 -0.386204 1.105719 0.860940 0.626565 1.066099 0.796211 0.397513 0.123455 -0.023677 
3.239538 0.610928 1.085668 -0.558415 1.003251 0.735676 0.752722 0.675461 0.435490 0.294313 0.245010 0.012876 
3.211652 0.697793 0.978950 -1.085382 1.037408 0.502888 1.147867 0.971563 0.507309 0.292308 0.137641 0.000246 
3.756790 0.633743 0.645188 0.098962 0.485103 0.764822 0.698760 0.574841 0.515390 0.286018 0.140293 0.018613 
3.141036 0.727717 0.914711 -0.414730 0.431949 0.547521 -0.096188 0.148811 0.474885 0.361798 -0.007207 0.018923 
0.306990 -1.948970 -2.097675 1.814507 4.354718 2.120191 0.890633 -0.084847 -0.430589 0.583501 0.794016 0.019183 
0.368028 -1.054997 -1.232697 0.533158 4.589151 -0.546096 0.018969 0.064294 0.625944 0.990414 0.086591 -0.093891 
0.269855 -1.069673 -0.312447 -0.224339 3.187420 -0.103818 -0.671522 -1.039174 0.289605 0.296195 0.337400 -0.173192 
0.088329 -1.653135 -0.480803 0.985585 2.664699 -0.364978 -0.936500 -0.719190 0.250071 0.427623 0.099384 -0.171189 
0.129141 -1.688895 -0.978892 0.405454 1.902722 0.118732 -1.061104 -0.881928 -0.087825 0.692044 0.066317 -0.072295 
0.155030 -1.034168 -1.031543 0.258632 2.253261 0.502086 -0.104938 -1.178593 -0.499418 0.629872 0.435737 -0.045077 
0.123279 -1.607361 -1.125189 0.087617 2.254189 0.592442 -0.792949 -1.253559 -0.117837 0.191403 0.411802 0.026318 
0.136860 -0.814691 -1.044353 -0.124708 1.788005 0.336700 -1.198581 -0.973783 -0.026023 0.509475 0.556567 0.021789 
0.065947 -1.660760 -0.969804 -0.170332 2.182065 0.080902 -1.400148 -1.067951 -0.108417 0.277214 0.023227 -0.049406 
-0.197044 -1.170554 -0.435751 -0.483279 2.050077 0.281646 -0.640847 -0.633321 -0.430629 0.592820 0.281334 -0.001119 
1.187281 0.457069 1.356520 1.086732 2.179739 1.294149 -0.019477 -1.009840 -0.025302 0.311201 0.314356 -0.010068 
0.764352 1.138264 1.311772 1.456470 2.164761 1.308527 0.135242 0.480227 0.628844 0.614512 -0.101449 -0.019204 
0.566630 1.386410 1.016706 1.950781 2.005195 1.222050 2.103978 0.338360 0.072229 0.370314 0.176689 -0.001000 
0.583067 1.305640 1.263215 0.529350 2.155824 1.362821 1.148779 1.119072 1.119547 0.411782 -0.029259 -0.065107 
0.685613 1.358408 1.178855 1.431134 1.603248 2.027449 1.366634 0.587840 0.537808 0.177540 0.043620 0.013587 
0.736355 0.705718 1.252069 1.853488 2.368399 2.190991 0.615092 0.634889 0.472329 0.220780 0.147045 -0.002399 
0.471497 1.521562 1.340272 1.562899 1.272357 1.348373 1.538377 0.652676 0.831378 -0.081584 0.149188 -0.073194 
1.011446 0.931915 1.220367 1.555078 1.301192 1.344851 1.495273 0.739260 0.350784 0.257569 0.212437 -0.092303 
0.835479 0.839576 1.291489 1.495471 2.172216 1.563505 1.266435 0.909849 -0.013138 0.310592 0.089152 -0.012190 
1.817529 0.789608 1.394124 0.750984 1.378201 0.483775 1.702165 0.433325 0.343397 -0.276762 0.483453 -0.010581 
1.605219 0.193763 1.407911 1.693670 1.411573 1.826144 0.912561 0.849868 0.353900 0.308430 0.138642 -0.014674 
0.611868 1.227390 1.095925 1.338553 1.656455 1.191582 1.502924 0.770069 0.436410 0.164674 0.140185 -0.061211 
0.802725 0.985597 1.288013 1.733203 1.016962 1.302550 0.966093 0.989987 0.368031 0.365108 0.086451 -0.074254 
2.161178 -0.176449 1.700443 1.159906 1.798797 0.874025 1.173321 1.064715 0.299693 0.169711 -0.024687 -0.027354 
0.932970 0.210533 0.293011 0.857092 2.431139 1.671222 -0.235092 0.011931 0.362554 1.078903 0.023322 -0.119934 
0.797280 -0.491478 0.378742 2.884160 1.768045 1.260489 -0.042723 0.348342 0.985631 0.183072 0.103147 -0.107946 
0.359887 -1.088271 -0.568249 2.452811 2.607792 0.172230 -1.070828 0.145275 0.709918 0.645334 0.111110 0.013389 
0.360658 -0.819998 0.684459 1.965766 1.628451 -0.364007 -0.051688 1.407035 1.014884 -0.319502 -0.212181 0.110534 
-0.010962 -0.238711 -0.132157 1.711797 0.191960 -0.823381 -0.674077 0.360736 0.925532 -0.906209 -0.462985 0.191097 
0.150010 -0.727832 0.185020 1.149141 0.811015 -2.027412 -0.232333 1.356424 1.098697 -0.332074 -0.271002 0.121737 
0.008412 -1.260843 0.420482 2.203692 1.094068 -1.111466 -0.213322 1.300456 0.661053 -0.068332 -0.361119 0.046402 
0.269428 -1.979237 0.900196 2.346433 0.781160 -0.758036 0.339503 1.506122 0.697229 0.197600 -0.032557 -0.079634 
-0.086163 -1.863148 -0.540075 2.601392 1.402270 -1.701476 -0.682726 0.635770 -0.033897 0.738386 0.052396 0.055843 
-0.250665 -0.954865 0.199908 4.986198 0.263040 -1.502681 -0.456486 0.944338 0.363141 -0.245537 -0.104586 0.003214 
0.449516 -1.568466 0.815067 4.580882 1.124192 -0.796762 -0.414955 1.034467 0.761027 0.132466 0.094196 0.074528 
1.202559 -0.683004 -0.010545 4.762644 -1.081987 -0.790589 -1.305053 0.681064 0.835084 0.181198 0.084558 0.150573 
-1.#IND00 -1.#IND00 -1.#IND00 -1.#IND00 -1.#IND00 -1.#IND00 -1.#IND00 -1.#IND00 -1.#IND00 -1.#IND00 -1.#IND00 -1.#IND00 
-1.#IND00 -1.#IND00 -1.#IND00 -1.#IND00 -1.#IND00 -1.#IND00 -1.#IND00 -1.#IND00 -1.#IND00 -1.#IND00 -1.#IND00 -1.#IND00 
