3.112216 0.543441 0.845721 -0.307705 1.638828 1.266786 0.908612 0.415205 0.245169 0.524155 0.361785 0.008281 
3.376215 0.424263 1.388104 -1.146923 1.831660 1.321912 1.089796 0.741754 0.476596 0.458997 0.065875 -0.000580 
2.916733 -0.454342 1.581360 0.753022 2.539104 1.080397 -0.116051 1.537444 0.676849 0.365293 0.183442 -0.053239 
3.002281 -0.321409 0.971753 -0.825219 1.645854 0.937110 -0.368902 1.086407 0.356284 0.153291 0.103456 0.001298 
3.236282 0.599412 1.548049 -0.175546 0.945201 1.110193 -0.099048 0.734426 0.371846 0.188145 0.139916 -0.012647 
3.311052 0.675028 1.259916 0.090384 1.461583 1.669903 0.760017 0.917052 0.380006 0.235211 0.228991 0.013920 
3.477570 0.345130 1.285889 -0.104346 1.896146 0.751062 0.691790 1.108405 0.424794 0.684493 0.202304 -0.033741 
3.298286 0.071566 0.817226 -0.788368 1.512411 1.642684 1.269859 1.236719 0.558650 0.030863 0.090436 -0.030147 
3.216650 0.436508 1.386803 -0.909410 0.897737 0.945356 1.387361 0.824294 0.482099 0.120269 -0.186977 -0.072238 
3.213819 0.301484 1.057969 -0.696376 0.691613 0.327257 0.735464 0.734037 0.385573 0.424272 0.073687 -0.028346 
3.195076 0.822193 0.953846 -0.984435 0.770800 0.531207 0.747737 1.365604 0.674094 0.387022 0.087433 -0.076026 
3.456213 0.519485 1.176924 0.067702 1.519023 0.735127 0.709674 0.857251 0.474062 0.452826 0.136738 -0.003888 
1.104763 -1.035045 -1.052513 2.144687 4.624131 -0.915054 -0.609258 -0.782237 0.608594 0.789056 -0.066062 0.005663 
-0.065143 -1.285427 -0.426307 1.833697 5.360274 -0.691995 -0.378392 -0.571003 0.988424 0.709136 -0.133966 -0.044802 
0.056739 -1.476070 0.117941 1.364341 3.314442 -0.524533 -0.501199 -0.721877 0.728758 0.540760 -0.073089 -0.097604 
-0.182247 -1.525900 -0.281783 1.322916 2.029740 -1.024149 -0.442808 -0.086928 0.429378 0.244294 -0.462976 -0.045802 
-0.474422 -1.672612 -0.364405 0.238248 1.773460 -1.098685 -0.580534 -0.091316 0.339213 0.721837 -0.266333 -0.054045 
-0.062005 -1.586550 -0.526178 0.173811 2.513274 -0.427725 -0.843927 -0.195859 0.354325 0.203931 -0.145064 0.008497 
-0.262067 -1.826986 -0.536430 -0.313450 2.730061 -0.058091 -0.787764 -0.294163 0.303204 0.359400 -0.040205 -0.043652 
-0.215443 -1.615921 0.100717 -0.138227 2.305610 -1.118822 -1.957122 -0.066401 0.279372 0.267026 0.300213 -0.111409 
-0.492023 -1.425076 0.020771 -0.673994 3.240634 0.357223 -0.435071 -0.216310 -0.769194 0.380825 0.191632 -0.014561 
1.143534 0.177600 1.307559 0.024894 3.484758 0.922002 -0.363224 0.180618 -0.282254 0.483788 0.105037 0.016382 
0.945384 1.467945 0.801734 0.967489 2.471124 0.779355 0.222819 0.418957 0.381252 0.078528 0.335676 -0.164076 
0.686440 1.006433 0.629889 2.480917 1.391269 0.791303 0.847545 1.601284 0.697835 0.575831 -0.100849 -0.053313 
0.709890 0.869826 2.199295 1.283609 1.173460 1.436153 -0.000154 0.888548 1.452720 0.093749 0.206061 -0.064761 
0.674089 0.872962 1.422371 1.936973 0.838766 1.735506 1.717248 1.005516 0.672977 -0.030970 0.075754 -0.017204 
0.873243 1.240538 1.355008 1.450413 1.543072 0.521905 0.885172 0.719014 0.387189 0.337444 0.065699 -0.050414 
0.786846 0.740012 1.791186 2.307185 1.575877 0.915958 1.122632 0.352179 0.526119 0.141337 0.220382 -0.094508 
0.727148 1.103167 1.514458 1.823219 1.363397 1.232944 1.615470 1.023248 0.301499 0.355508 -0.037477 -0.029714 
0.299806 1.160281 1.504249 2.066262 1.703287 1.812857 0.840293 1.151321 0.048664 0.612307 0.110360 -0.073204 
0.577057 1.372824 1.405057 1.734895 1.383339 1.240691 1.446857 0.899624 0.362024 0.258269 -0.042214 -0.004021 
0.424004 1.574145 0.810416 1.431885 1.863755 2.089125 1.107005 0.588415 0.488538 0.292230 -0.129217 0.000454 
0.519157 1.276766 1.408339 1.134409 1.271575 1.995082 1.369523 0.736082 0.645230 -0.083858 0.013137 -0.007786 
0.861403 0.782504 1.086914 0.784383 2.034054 1.978074 1.092081 0.972208 0.786640 0.092380 0.066569 -0.028404 
1.308389 1.011472 0.561446 1.800381 1.677082 1.194708 1.153737 1.056122 0.466325 0.443852 -0.157586 0.017022 
1.152059 0.683866 1.397192 1.421863 1.914314 1.872998 0.762590 0.527683 0.494230 0.580820 -0.089185 -0.039244 
1.324270 0.648003 1.965666 0.751352 1.007371 1.289240 1.665763 0.621399 0.353020 0.082593 -0.152213 0.002541 
0.904179 0.206541 1.076543 1.409578 2.128177 2.000804 0.645441 0.274039 1.097982 0.610328 0.041701 -0.161204 
0.962805 0.477152 0.209891 2.225328 1.457639 1.307406 0.006805 0.317594 1.227926 0.487157 -0.010698 -0.074351 
0.261709 -0.167360 0.079841 1.523538 2.377386 -0.190880 -0.966402 0.835540 1.263475 0.105497 -0.481988 0.007327 
0.716672 -0.272898 0.327503 1.751556 1.372249 -0.787670 -0.654975 1.150861 2.109150 0.061470 -0.053140 -0.069405 
0.395678 -0.496937 0.824807 2.893136 1.794085 -0.792428 0.244413 1.070075 0.731210 0.564134 0.105660 -0.089178 
0.520386 -0.941832 0.600396 3.721631 2.484663 -1.173357 0.734452 1.028706 -0.251907 0.054769 0.145600 0.119150 
0.153540 -0.758450 1.675920 4.230880 0.604121 -1.228383 0.479480 1.666653 0.441791 -0.327843 -0.061678 0.101644 
0.697529 -0.763023 1.345389 2.103903 1.948361 -0.567206 0.994780 1.407962 0.475784 -0.201551 0.245936 0.055213 
0.857649 -0.301700 1.760461 2.653323 0.011614 -2.212688 0.588452 1.432736 0.703313 0.712346 0.234842 0.038617 
3.055740 -0.585610 2.344131 2.330506 -0.667083 -1.857846 0.620777 1.266697 1.122019 0.696224 0.352294 0.070244 
3.467118 -1.236729 1.466777 2.267469 -0.315506 -1.961184 0.031174 1.655044 0.596823 0.316918 0.221706 0.031126 
-1.#IND00 -1.#IND00 -1.#IND00 -1.#IND00 -1.#IND00 -1.#IND00 -1.#IND00 -1.#IND00 -1.#IND00 -1.#IND00 -1.#IND00 -1.#IND00 
-1.#IND00 -1.#IND00 -1.#IND00 -1.#IND00 -1.#IND00 -1.#IND00 -1.#IND00 -1.#IND00 -1.#IND00 -1.#IND00 -1.#IND00 -1.#IND00 
