-0.614419 -0.675109 2.190124 0.142263 -1.229433 -0.224911 -0.568488 -0.354507 1.525542 0.588528 -0.311747 -0.008564 
-1.033183 -0.716382 1.020584 -1.572277 -1.236752 -0.368648 0.243484 -0.631257 0.369054 -0.035016 -0.135711 -0.091966 
-0.900119 -0.723334 1.384281 -1.391313 -1.085241 0.040710 -0.567828 -0.253086 1.040295 0.331213 -0.464185 -0.086254 
-0.886835 -0.817021 1.895570 -0.705781 -0.511244 -0.029900 -0.048987 -0.808669 0.398810 0.082504 -0.336068 -0.098512 
-1.200470 -0.606953 1.124878 -0.907911 0.092422 0.380573 -0.366711 -1.186960 0.213753 0.238869 -0.060869 -0.038709 
-1.176601 -0.394104 1.485036 -1.086795 0.086532 0.316858 -0.976766 -0.382059 0.936118 0.218362 -0.291887 -0.000385 
-1.160276 0.677572 1.545954 -1.337190 0.915810 -0.226458 -0.349119 0.301508 0.501457 0.253565 0.179865 -0.080259 
-0.625812 1.573294 1.096230 -0.158073 1.417687 0.440319 0.283422 -0.051717 0.473629 0.415863 0.222381 -0.033327 
2.025036 2.143037 1.781241 -0.189749 2.109654 -0.539900 0.332988 0.609216 0.499331 0.650463 0.453517 0.054786 
1.554278 0.260763 0.609629 2.150989 1.023454 1.503935 0.843354 0.871972 0.092403 0.503193 0.044984 0.050348 
0.885276 0.990721 1.183062 0.826448 1.023615 1.951898 0.857752 0.694700 0.507312 0.202679 0.292785 -0.007230 
0.797739 1.229527 1.221978 1.969633 1.368054 2.024071 1.001170 0.597388 0.219517 -0.029887 0.423802 -0.014341 
1.015060 0.688285 1.196202 1.796677 0.983245 0.911556 1.400702 0.472183 0.342520 0.727584 0.002522 -0.020329 
0.487121 1.484752 1.452851 1.716658 1.576029 0.695560 0.487441 0.459862 1.014045 0.085997 0.184877 -0.045725 
0.834007 1.327089 1.562188 0.797768 1.671650 1.461176 0.962064 1.510750 0.044045 -0.298550 0.160821 0.025149 
1.316203 1.282469 0.835918 1.095678 2.067654 1.374434 1.421719 0.218268 -0.308589 0.583236 0.123448 0.004529 
1.244572 1.099189 1.005849 1.821267 0.075137 1.306269 2.152520 1.361474 -0.347882 0.096566 0.131192 -0.029525 
1.165939 1.171814 1.091674 1.725761 1.337867 1.322168 0.687413 0.217069 0.554464 0.553862 0.035798 -0.011183 
0.631128 1.169787 2.189667 1.102002 0.569405 1.616239 -0.051870 0.710890 1.249694 0.655141 -0.108112 0.031589 
0.014214 -1.124370 1.653786 1.528264 -0.591146 -1.197602 0.083947 1.011153 0.261043 0.777444 0.509645 0.006085 
-0.295093 -1.369794 1.148867 0.690004 -0.202503 -1.863085 -0.428916 0.127262 0.198151 -0.266785 0.124708 -0.006747 
-0.536057 -1.414919 1.312797 1.109450 0.001757 -2.087685 0.085076 0.794083 0.045395 -0.366456 0.297979 -0.011490 
-0.569336 -1.695942 0.850289 1.162606 0.789297 -1.418654 0.362702 0.463568 -0.177055 -0.116749 0.072258 -0.073411 
-0.497767 -1.670663 1.085616 1.100028 1.050097 -1.310012 0.257527 0.360909 -0.184945 -0.259396 0.141678 -0.106440 
-0.648399 -1.664423 0.333231 1.292169 0.421399 -1.399774 0.242311 0.122124 0.060631 -0.144329 -0.010689 -0.013876 
-0.499824 -2.377042 0.299600 1.868969 0.505439 -1.234609 -0.620963 0.256664 0.024740 0.172114 -0.057459 0.012768 
-1.#IND00 -1.#IND00 -1.#IND00 -1.#IND00 -1.#IND00 -1.#IND00 -1.#IND00 -1.#IND00 -1.#IND00 -1.#IND00 -1.#IND00 -1.#IND00 
-1.#IND00 -1.#IND00 -1.#IND00 -1.#IND00 -1.#IND00 -1.#IND00 -1.#IND00 -1.#IND00 -1.#IND00 -1.#IND00 -1.#IND00 -1.#IND00 
