4.105548 2.835156 1.907914 -0.490289 1.696127 0.561603 0.507630 -0.322051 -0.088362 -0.065674 -0.019831 0.018110 
3.576935 1.920848 1.736654 -0.251286 1.326158 0.079764 0.676731 -0.330231 0.045522 -0.087430 0.105301 0.044045 
3.750243 2.431200 1.376496 0.420565 1.065584 -0.779699 0.129551 -0.626802 -0.174234 -0.041462 -0.022894 -0.005756 
4.306500 0.384875 0.833035 -0.377272 0.140070 -0.259164 0.166046 -0.101597 -0.260956 -0.072133 0.062015 0.035194 
3.565670 0.157908 0.634248 0.027803 -0.968187 0.110294 0.344168 -0.252395 0.432912 -0.194434 0.139412 0.099334 
0.422692 0.451303 2.516143 -1.397100 -0.906658 0.347895 -0.684610 0.231842 -0.037069 -0.243760 -0.019480 0.135074 
-0.898783 -0.110841 2.065555 -1.046430 0.225945 -0.410471 -0.849485 -0.816520 0.320362 -0.477294 0.013284 0.017623 
-1.165639 -0.169384 2.427238 -0.790204 -0.287505 0.534896 -0.399863 -0.814455 0.392991 -0.191656 -0.045218 0.012366 
-1.260682 -0.008484 1.435903 -1.524454 -0.065428 0.524514 -0.558187 -0.522942 0.704726 -0.115649 -0.159037 0.022415 
-1.226379 -0.072223 1.435538 -0.833632 0.172360 -0.036987 0.130283 -1.324994 0.338305 -0.189508 -0.087836 0.027289 
-1.355031 0.053027 1.648287 -1.050155 0.169679 0.158148 -0.287187 0.052337 0.303181 -0.161616 -0.084396 0.109408 
-1.135713 -0.036871 2.683371 -0.207894 0.413621 0.906855 0.521569 0.403121 1.302383 -0.007896 -0.000651 0.090603 
0.106435 1.441758 3.632499 -0.272551 0.515430 -0.227913 0.747466 -0.415337 0.022843 0.386280 -0.089003 0.021941 
2.150014 0.015860 -0.557859 2.209080 2.053311 3.342848 1.779024 0.050593 0.341313 -0.001348 -0.044862 0.077326 
1.121403 1.010341 1.302900 1.134717 1.298895 1.522254 1.552724 0.208936 0.237840 0.816689 0.143482 -0.019804 
0.917394 1.054138 0.630180 1.296596 1.261248 1.411627 1.246303 0.958280 0.730312 0.153120 0.070908 0.019039 
0.556897 1.153891 1.267279 1.623073 0.889476 1.789605 0.748692 0.860080 1.053016 0.228134 0.139623 -0.037242 
0.975593 1.094126 1.672271 0.891308 1.010564 0.501616 -0.062647 1.115195 0.640335 0.527924 0.161404 -0.001219 
1.148932 1.500434 1.122483 1.327481 1.243518 0.760996 0.663089 0.052515 -0.212419 0.944491 0.193157 -0.000988 
0.819879 1.039386 1.145301 1.636696 1.549580 0.551743 0.716415 0.414004 0.930912 0.670767 -0.078284 -0.019632 
1.005560 1.401042 1.594572 1.290446 1.412913 0.972385 0.313752 0.882706 0.176717 -0.400831 0.381157 -0.029042 
1.290353 0.892821 2.061692 1.299573 0.999398 -0.282607 0.231085 0.913297 0.834297 0.127855 0.378515 -0.029137 
0.774590 1.563900 0.805209 2.078290 1.139752 1.198000 0.339308 0.449178 1.674573 0.204320 -0.011414 -0.026690 
0.197979 -0.321455 1.385682 1.729825 1.030388 -0.831144 0.208503 0.930064 0.660904 -0.167905 -0.112033 0.104513 
-0.674873 -0.690109 1.146256 1.756496 0.097851 -1.341606 -0.164211 1.075221 0.580090 -0.485182 0.062136 0.069503 
-0.230283 -1.348377 0.556192 1.636493 0.011661 -1.619002 0.345377 0.513468 0.683895 -0.342347 0.200802 0.132063 
-1.#IND00 -1.#IND00 -1.#IND00 -1.#IND00 -1.#IND00 -1.#IND00 -1.#IND00 -1.#IND00 -1.#IND00 -1.#IND00 -1.#IND00 -1.#IND00 
-1.#IND00 -1.#IND00 -1.#IND00 -1.#IND00 -1.#IND00 -1.#IND00 -1.#IND00 -1.#IND00 -1.#IND00 -1.#IND00 -1.#IND00 -1.#IND00 
