4.342656 1.613561 0.439433 -0.589332 0.512869 -0.847535 -0.011846 0.614132 -0.334015 -0.005012 0.051778 0.023936 
4.014284 0.576210 0.619959 -0.695894 -0.082872 -0.561305 0.481747 0.503275 -0.048625 0.184878 0.129728 0.060136 
4.342165 0.847211 0.133926 -0.211240 0.414161 -0.522563 -0.259056 -0.095681 0.310260 0.613749 0.095944 0.005352 
1.953482 0.404763 1.667206 -1.077097 0.339669 0.883111 -0.704612 0.389783 0.269623 0.277986 -0.060680 0.006598 
-0.592998 -0.955513 1.920116 -2.074297 -1.300099 1.105988 -1.183007 -0.255736 0.423623 -0.120324 -0.169974 0.189445 
-0.960459 -0.123534 1.824745 -1.769961 -0.648133 1.046085 -0.292083 -0.883202 0.514591 0.366596 -0.269970 -0.104798 
-0.808012 -1.328128 2.045026 0.178838 -0.613900 0.534684 -0.149689 -0.920270 0.343813 -0.439179 -0.042946 0.101295 
-0.725386 -1.296749 2.056204 0.127290 -0.523707 -0.092306 0.746542 -0.621067 -0.037441 0.353407 -0.361436 0.046523 
-0.959701 -1.073277 2.067452 0.175730 -1.093853 -0.446226 0.542557 -0.505178 0.377910 -0.233540 0.005493 0.017077 
-0.841646 -0.979230 1.637274 -0.645405 -0.810199 0.811831 1.134962 -0.499913 0.359344 -0.181055 0.015613 -0.044431 
0.896185 0.791524 2.325858 0.773004 1.446158 0.266621 0.149605 -0.937682 1.003085 0.725119 0.319436 -0.021890 
2.346869 1.256394 1.415477 -0.515220 1.969492 0.911236 0.590334 0.596625 0.327453 -0.096623 0.117470 0.055604 
0.619831 0.943992 0.835209 1.343827 1.522005 0.730909 1.427645 1.813253 0.247024 0.323094 0.105276 0.017099 
0.991373 0.821815 0.378377 1.329103 1.838135 1.744833 0.507777 1.472832 0.697037 0.404942 0.091833 -0.016205 
0.685057 1.680141 1.184663 0.693609 0.841084 1.760449 0.883765 0.049046 0.751524 0.360159 0.425720 -0.051129 
0.853910 1.080593 0.830665 1.456946 2.168020 0.630131 0.681677 0.987464 0.333052 0.195328 0.283618 -0.046296 
0.842391 1.413079 0.966890 1.141974 1.557483 0.994428 0.953740 0.570915 0.248981 0.434987 0.226209 -0.045461 
0.886129 0.818487 2.119396 1.755891 0.562700 1.089412 0.952192 0.900782 -0.160090 0.056673 0.015859 0.082343 
1.111292 1.230453 1.373078 1.027800 0.824110 1.800776 1.172519 -0.766347 0.677573 0.520218 0.306632 -0.056984 
1.010388 1.333298 1.814114 1.885185 1.234653 -0.064924 0.878250 -0.105284 0.964969 0.423179 0.127816 -0.029974 
1.034188 1.364471 0.593946 1.490379 2.010478 0.304109 0.864498 1.011108 0.857052 0.137766 0.017659 -0.020811 
-0.378199 -0.874876 1.508264 1.861964 0.551510 -1.591355 -0.190968 1.145015 0.302438 -0.150940 -0.006552 0.210340 
-0.279987 -1.525444 1.076709 1.088674 0.689094 -1.099655 -0.388940 0.745288 0.036122 -0.138303 0.055654 0.131015 
-0.571829 -1.740472 0.777240 0.844842 -0.470380 -2.167632 0.040516 0.936443 0.022597 -0.304060 -0.100506 0.094724 
-0.124006 -1.593598 1.204001 0.333534 0.358943 -1.849969 0.394118 -0.575105 -0.412336 -0.150850 -0.259829 0.001897 
-0.647821 -1.434949 0.922585 0.786500 -0.651839 -1.209765 -0.062935 0.098483 -0.163733 -0.348629 0.218507 0.009546 
-1.#IND00 -1.#IND00 -1.#IND00 -1.#IND00 -1.#IND00 -1.#IND00 -1.#IND00 -1.#IND00 -1.#IND00 -1.#IND00 -1.#IND00 -1.#IND00 
-1.#IND00 -1.#IND00 -1.#IND00 -1.#IND00 -1.#IND00 -1.#IND00 -1.#IND00 -1.#IND00 -1.#IND00 -1.#IND00 -1.#IND00 -1.#IND00 
