3.874931 2.279077 0.432824 0.490742 1.397071 0.107465 0.860434 0.039494 -0.005189 -0.372492 0.010885 0.001376 
3.947231 2.205172 0.959532 0.282096 0.698384 -0.254163 0.404079 0.157979 0.427691 -0.284583 0.224261 0.061421 
3.229431 1.837284 1.483868 0.241463 1.110400 -0.162711 1.019155 0.842849 0.966070 0.450548 0.271467 0.036050 
0.503292 0.340742 1.828944 0.367652 0.079888 0.579975 0.530533 -0.478960 1.343364 0.546455 -0.041161 -0.012355 
-0.872193 -0.589810 2.550390 -0.254225 -0.655875 -0.261748 -0.495771 -0.056378 0.797411 -0.390834 -0.543469 0.049173 
-0.973451 -0.628644 1.458272 -0.558434 -1.475629 -0.122824 0.137461 -0.409294 0.356366 0.340340 -0.113623 -0.115996 
-0.640057 -0.818284 1.556458 -0.473966 -1.087651 0.514006 -0.399008 -0.651306 0.353094 0.186194 -0.460093 -0.005059 
-1.203364 -1.185718 0.655268 -1.366120 -0.701322 -0.092447 -0.034437 -0.475653 0.275542 0.597851 -0.284353 -0.047332 
-1.103012 -1.232689 1.401778 -0.527218 -0.915815 0.655222 0.089436 -0.129091 0.174840 -0.017374 -0.138551 -0.030730 
-0.836636 -0.366386 2.189159 0.177201 -1.156268 0.775699 -0.078581 -1.163732 1.132013 -0.209122 -0.050658 -0.066452 
1.712032 1.042380 0.162420 0.314667 -0.254533 0.287255 0.629460 -1.180061 0.010447 -0.241388 0.334652 0.176214 
0.603499 0.780889 0.533285 2.737943 0.732060 2.154256 2.624955 0.957829 -0.045530 -0.253251 0.272203 0.115226 
0.851605 0.992989 0.824346 0.732849 1.360834 1.656261 0.992149 0.634087 0.665336 0.490895 0.021020 0.038125 
0.656780 1.555805 1.320503 1.385105 1.789397 0.924998 0.476749 0.812521 0.347406 0.338386 0.102269 0.021661 
1.119014 1.042242 1.174014 1.238050 1.732563 0.652818 0.159698 0.477940 0.672834 0.197117 0.131211 0.001459 
0.775575 0.844529 1.547450 1.518489 1.947823 0.767617 0.902173 0.598431 0.602134 0.192839 -0.032506 0.008737 
1.015994 1.248025 1.210790 1.282194 1.538987 1.479742 0.915129 0.649082 0.497053 0.085817 0.068120 -0.003680 
1.082184 1.062852 1.672567 1.511811 1.080490 0.204476 0.321856 0.414809 0.499027 0.166587 0.030853 0.024355 
0.801030 1.236945 1.634283 1.179603 1.011459 1.799072 0.404666 0.342103 1.014566 0.285534 0.200308 -0.055476 
0.947946 1.182457 1.478822 1.065645 0.512921 1.254077 1.002198 0.265022 0.877398 0.358148 0.130390 -0.048666 
0.310746 -0.296688 1.594160 2.005496 0.142030 0.183887 1.738809 1.178744 0.691312 0.183418 0.107664 -0.058615 
-1.013866 -0.564939 1.272151 1.584046 0.644784 -0.719069 0.156017 0.083245 0.688544 -0.365420 0.293385 -0.082655 
-0.795743 -1.476436 0.503103 1.399987 0.544378 -1.740676 0.278836 1.735661 -0.138649 -0.568835 -0.020208 -0.092695 
-0.869356 -1.274326 -0.016787 1.392976 1.344787 -0.941293 0.249476 0.459286 -0.123971 -0.641865 0.107222 -0.107463 
-0.723309 -1.527973 0.336735 1.217964 0.263370 -1.103792 0.150214 0.276643 -0.201465 -0.149053 0.000731 -0.024055 
-0.549498 -1.903221 0.519609 0.208497 -0.558847 -1.207264 0.951115 0.710588 -0.386708 0.091342 -0.043145 0.027329 
-1.#IND00 -1.#IND00 -1.#IND00 -1.#IND00 -1.#IND00 -1.#IND00 -1.#IND00 -1.#IND00 -1.#IND00 -1.#IND00 -1.#IND00 -1.#IND00 
-1.#IND00 -1.#IND00 -1.#IND00 -1.#IND00 -1.#IND00 -1.#IND00 -1.#IND00 -1.#IND00 -1.#IND00 -1.#IND00 -1.#IND00 -1.#IND00 
