3.091813 0.795006 0.929707 -0.122662 0.918083 1.989490 1.270063 0.834035 0.536483 0.279032 0.022014 -0.007816 
3.169816 0.297786 1.111458 -0.343716 1.266994 0.850631 0.475585 0.580007 -0.045764 0.487230 0.021006 -0.042558 
2.983995 0.816814 1.009248 -1.128120 0.682751 1.155930 0.234174 0.912755 0.389283 0.129783 0.172146 0.025932 
2.969077 -0.113911 0.744017 -0.563808 0.876245 0.812418 1.053054 0.652208 0.464937 0.200658 0.065083 -0.002537 
2.755487 0.625940 0.399751 -0.318682 1.273062 0.719593 0.980208 1.030874 -0.406967 0.074951 0.272959 0.025454 
2.924872 0.405297 1.223891 -0.180669 1.119348 1.473965 0.415191 0.639952 0.243895 0.192290 0.259066 -0.036143 
3.274324 0.920507 1.171583 -0.384641 1.014143 1.093347 1.560540 0.829648 0.612907 0.313879 -0.024014 -0.017146 
3.150031 0.937343 1.543041 -0.462548 1.182527 1.127646 1.126676 0.307363 0.131167 0.394889 0.298356 0.040845 
2.812502 -0.216950 0.847953 -1.039327 0.892916 1.220623 0.572661 1.557009 0.337539 -0.112819 0.078847 -0.058064 
3.056398 0.719741 1.424321 -0.257134 1.165287 1.381396 0.631912 0.233985 0.194790 0.159521 0.290251 0.054618 
3.197575 0.616554 1.285759 -0.396861 1.237904 1.125900 0.984734 0.710940 0.172156 0.386405 0.277488 0.027561 
3.235421 0.935890 1.192749 -0.152708 1.486889 1.549107 1.279677 0.867722 0.501960 0.476735 0.230454 0.003751 
2.859176 0.366845 0.730346 -0.409535 0.964581 0.769540 0.333250 0.104406 0.192999 0.120736 0.065913 0.019945 
3.223326 1.110277 1.476158 0.145154 1.207230 0.582115 0.779002 1.664358 -0.033559 0.483134 0.281182 -0.038119 
1.209594 -1.349225 0.178747 -0.071782 5.840776 0.236204 -0.273596 -0.092612 0.000914 0.745639 0.091169 -0.008615 
0.618154 -1.553791 -1.299286 0.279909 4.948280 -1.002180 0.211686 -0.833653 0.629880 0.767576 -0.074184 -0.007591 
0.259323 -0.393576 -1.475919 0.034241 2.308821 0.688905 -1.117019 -1.003311 1.000891 0.265209 -0.295096 -0.140350 
-0.089165 -1.442789 -0.869280 0.291460 1.304587 -0.575052 -1.202199 -0.633167 -0.164909 0.665989 0.508369 -0.048214 
-0.127300 -1.249897 -0.981653 0.477219 1.881831 -0.239902 -1.093893 -0.884691 0.118997 0.518902 0.420565 -0.059008 
-0.292363 -1.480242 -1.274641 0.487907 1.744267 -0.792119 -1.045269 -0.777258 0.513924 0.258623 0.113058 -0.084216 
-0.458866 -1.095351 -0.955925 -0.422034 1.761125 -0.368806 0.229028 -1.114019 -0.125636 0.311873 -0.274570 -0.134554 
0.152465 -0.809547 -0.074947 -0.854969 3.831188 -0.483749 -0.200355 -0.161345 -0.630783 0.491607 0.083682 0.041434 
0.645769 1.336164 1.617706 0.789516 2.370414 1.353490 1.469792 -0.460674 0.151131 -0.089934 0.372312 0.002896 
0.544458 0.694081 1.709410 1.579497 1.806504 1.440836 1.134824 1.185816 1.019338 0.328991 0.071817 -0.074498 
0.613583 0.842542 1.465975 1.554470 1.664017 1.669427 0.974698 1.548205 0.356902 0.129939 0.100053 -0.003580 
0.616149 1.227192 1.614033 1.374368 1.291854 1.315988 1.070374 0.959501 0.776445 0.504843 -0.185499 0.008492 
0.600216 1.024007 1.110304 2.103178 2.358296 1.492174 0.982718 0.411797 0.150298 0.517452 0.194882 -0.048296 
0.482751 1.259274 1.349695 2.212780 0.923657 1.032845 1.127246 1.160615 0.749420 0.151976 0.156062 -0.075074 
0.802398 0.832560 1.418489 1.259923 1.148431 1.533474 1.418109 1.121169 0.911196 0.233560 0.008466 -0.076859 
0.762167 1.012202 1.249966 1.419145 1.449707 1.914841 1.245286 0.659386 0.732709 0.337095 0.027372 -0.034758 
0.956854 0.991398 1.471133 1.323160 1.143112 0.827806 1.211977 1.337088 0.489872 -0.230869 0.369003 -0.112595 
0.827733 0.369691 1.459836 1.718684 1.646875 2.218316 1.301346 0.558925 0.714182 0.197918 -0.118705 0.007498 
0.784531 1.343462 1.444447 1.495642 1.049421 0.768851 1.274468 1.383320 0.449172 0.054115 0.086777 -0.022877 
0.818214 1.173323 1.784928 1.170317 0.918784 1.161086 1.322011 1.215503 0.359429 0.128026 -0.031796 -0.020313 
0.680725 1.222767 1.615454 1.241099 2.010867 0.774960 0.899327 1.206596 0.598370 0.431839 -0.012534 -0.049931 
1.165445 0.948098 0.799006 1.108141 1.686442 1.236489 1.112335 0.846036 0.423862 0.106438 0.064613 -0.011442 
0.737804 0.909625 1.103491 1.827378 1.387331 1.926115 1.449271 0.670849 0.260014 0.114863 -0.001585 -0.007164 
2.451750 0.088724 2.583437 -0.926140 2.077375 0.595367 1.001613 0.044657 0.281944 0.389944 0.173376 0.052269 
1.407079 1.064501 1.164529 1.244797 0.685497 0.922344 0.680193 0.732367 0.592655 0.227906 0.212001 -0.054887 
2.122957 0.455519 0.519164 1.627500 0.758896 0.623345 1.046473 0.483101 0.799105 0.459170 0.072603 -0.033586 
0.821534 0.126299 0.121716 1.390351 3.023100 0.880139 0.293868 0.401460 1.486255 0.539444 -0.128452 -0.164006 
0.454749 -0.065985 0.126853 1.399363 2.168269 -0.252266 -0.529327 1.218553 1.573684 -0.034303 -0.317700 0.065449 
0.291095 -0.716143 -0.058097 1.446736 0.872442 -0.166769 -1.046760 1.388656 1.146721 -0.124997 -0.516180 0.076482 
0.232410 -0.655535 -0.227026 1.969269 0.886630 -0.521179 -0.878192 0.600059 1.727110 0.077560 -0.264789 -0.026787 
0.386678 -0.893850 -0.172490 2.248560 3.179016 -0.461898 -0.767131 0.264510 0.749104 0.459227 -0.193239 -0.109129 
0.625407 -0.577545 0.303770 3.398393 1.845194 0.090755 -0.710182 0.612801 0.706046 -0.021572 0.103197 0.012260 
0.677006 -0.295630 0.232181 3.337123 1.319594 -1.124991 -0.520269 1.028756 1.507619 0.001720 0.227259 -0.100171 
1.612388 1.134403 0.773424 3.096141 0.605685 -1.559276 0.525471 1.419286 1.443353 0.592753 0.408900 -0.008613 
-1.#IND00 -1.#IND00 -1.#IND00 -1.#IND00 -1.#IND00 -1.#IND00 -1.#IND00 -1.#IND00 -1.#IND00 -1.#IND00 -1.#IND00 -1.#IND00 
-1.#IND00 -1.#IND00 -1.#IND00 -1.#IND00 -1.#IND00 -1.#IND00 -1.#IND00 -1.#IND00 -1.#IND00 -1.#IND00 -1.#IND00 -1.#IND00 
