0.075566 -0.170172 -0.189604 0.412898 0.244778 0.143724 0.340687 0.134418 0.212145 -0.225491 0.321309 -0.040796 
3.348354 -0.360962 0.950174 -0.253871 0.945105 0.825879 0.507629 0.871969 0.259195 0.086340 0.391045 0.014425 
3.321007 0.288716 1.174666 -0.268360 1.360844 1.438469 1.014475 0.624718 0.654436 0.421496 0.280079 -0.008549 
3.453585 0.103736 1.436140 0.241192 1.343089 1.008917 0.687249 0.306932 0.319870 0.258452 0.378290 0.060583 
3.343497 0.379786 0.850473 -0.083259 1.231094 1.037239 0.374938 1.090329 0.593157 0.167112 0.165382 -0.011795 
3.392050 -0.362086 0.623990 -0.955385 1.346966 0.627421 0.726890 1.226362 0.072643 0.387095 0.200121 -0.005519 
3.277514 -0.114159 0.701024 -0.649449 0.481675 1.038837 0.780097 0.901515 0.121135 0.270489 0.027531 -0.041378 
3.087501 0.285928 0.490139 -0.203391 1.534534 1.343475 1.435746 1.489848 0.765508 -0.107998 -0.006800 -0.026169 
3.196879 0.388524 0.520662 0.045975 0.249519 0.963643 0.030398 0.351366 0.326361 0.272468 0.118629 0.025941 
3.193156 0.157724 0.889151 -1.156330 0.706743 0.577662 0.974080 1.335454 0.379213 0.382156 0.086773 -0.031392 
3.444124 0.493437 0.925125 -0.907844 0.908835 1.294636 1.471750 0.967538 0.355471 0.511660 0.214326 -0.013760 
3.220833 0.344012 0.212291 -1.154096 1.048430 0.601774 0.515435 0.803484 0.428161 0.351666 0.090252 -0.010234 
3.031412 0.248953 0.407952 -0.897219 1.635030 1.304002 0.300735 0.944107 0.374592 -0.052470 0.049765 -0.015673 
2.957232 -0.377642 0.538771 -0.214020 1.576185 0.678021 0.440276 1.468150 0.221889 0.025826 -0.110870 0.007088 
2.951806 -2.136350 0.052676 1.207882 1.998286 -0.574588 -0.636102 2.024921 0.473585 0.098929 -0.182117 -0.135340 
0.024486 -0.567637 -1.678382 3.354515 1.754820 -1.370455 -1.109761 -0.203654 1.031353 0.012443 -0.286053 0.000200 
0.301850 -1.928967 -0.947527 1.599724 0.835424 -0.969197 -1.122288 0.566089 0.851887 -0.199884 -0.240177 -0.087804 
0.198009 -2.189887 -0.494425 0.897904 1.509006 -1.313426 -1.019873 0.757323 0.476926 0.120481 -0.186343 -0.009226 
-0.010790 -1.981131 -0.953506 1.847050 1.869210 -0.130936 -1.440127 -0.167960 0.624413 0.051392 -0.088829 0.055818 
-0.225440 -2.127337 -0.714128 1.143683 1.982030 -0.591404 -1.286747 -0.007263 0.706614 0.288152 -0.050611 0.050560 
0.027459 -1.332644 -0.966112 1.281557 1.899926 -1.494677 -0.740222 0.904502 0.653388 0.135588 -0.292462 -0.074259 
-0.018587 -1.541927 -0.918680 0.987111 2.119596 -1.209032 -0.912902 -0.249409 0.140864 0.623307 -0.073095 -0.024071 
0.530517 -0.913346 -1.243167 1.565316 2.843462 0.296474 -0.094907 -0.560454 0.295917 0.850934 0.089604 0.042894 
1.506730 0.824189 1.078461 1.582521 1.154039 -0.168206 0.856578 1.058341 0.719370 0.985016 0.053357 -0.086934 
0.498238 0.866039 1.177261 1.506397 2.147059 1.884923 1.232440 0.494997 0.692799 0.602456 -0.084066 -0.013630 
0.760716 1.107538 0.971468 1.367904 1.797371 1.568290 1.400971 0.883832 0.618129 -0.035328 0.254975 -0.058328 
0.689279 1.273914 0.799870 1.539125 1.056434 2.502026 1.109264 0.433300 0.610321 0.245819 0.078112 -0.010897 
0.941372 1.072873 1.693730 1.512957 0.631025 1.763696 0.190667 0.985610 0.797736 0.370146 0.155278 -0.041433 
0.810997 1.221328 1.649779 1.678131 0.984575 1.979518 1.082332 1.166661 -0.097102 0.242282 0.054544 0.011634 
0.731927 1.224657 1.014543 1.736982 2.028004 0.835240 0.993019 1.199800 0.581014 0.181197 0.088712 -0.063845 
0.600023 1.391528 1.705352 1.036336 1.518676 1.146595 1.510616 1.169570 0.725169 -0.012764 -0.086875 0.011473 
0.643973 1.129167 1.411299 1.218846 1.339541 1.645602 1.154998 1.016398 0.644928 0.057199 0.053320 -0.027205 
0.461975 1.591551 1.633214 1.757584 1.485135 0.555935 1.311732 0.888894 0.542192 0.212411 -0.271905 0.067997 
0.743220 1.255248 1.354597 2.192415 1.584828 0.927531 0.913970 0.776397 0.082117 0.348917 -0.041903 0.043340 
1.108792 0.437971 1.812098 0.868537 2.095139 0.991524 1.398226 0.559218 1.135320 0.211701 0.023587 -0.013149 
0.799291 0.802641 1.298231 1.246279 1.640147 1.939823 1.192990 0.869638 0.665875 0.276089 0.009114 -0.048551 
1.580357 0.583914 1.459217 2.368862 0.630783 0.497838 0.538194 1.175278 0.677595 0.420188 -0.015784 -0.030751 
0.659204 0.234108 1.339238 1.962970 2.337998 2.193289 0.015471 0.231811 0.499983 0.586662 0.095780 -0.102530 
0.636924 0.066818 0.309282 1.981622 2.936729 0.432757 -0.007840 -0.064881 0.661589 0.759350 -0.061104 -0.078502 
0.452146 -0.657974 0.329884 2.667811 3.196683 0.635713 0.108906 0.053185 0.867963 0.262899 0.222206 -0.089249 
0.266020 -0.817533 0.809094 2.826500 2.033504 -1.107187 0.089014 1.387139 0.567051 -0.058558 -0.126733 0.079608 
0.345480 -0.789275 0.374150 2.416835 1.219293 -1.025966 -0.534733 0.332136 0.962996 -0.358296 -0.178183 0.172106 
0.177374 -0.606498 0.240010 1.759396 1.209712 -0.630636 0.012468 1.225189 1.296878 -0.123033 -0.388482 0.117193 
0.359458 -0.721447 0.702205 1.980690 2.457016 -0.502939 0.313551 0.972619 0.962878 0.474196 -0.036887 -0.125919 
0.898388 -0.063046 1.345729 2.535682 1.166392 1.150041 0.987756 1.814194 0.237161 0.178134 0.334408 -0.036452 
0.563576 -0.460916 1.551142 5.395532 0.808731 -0.154818 0.237538 1.713125 0.285102 -0.025704 0.317717 0.018432 
3.573695 -0.594687 1.720353 3.661993 0.105121 -1.109118 -0.517498 1.796745 2.325840 0.696844 0.297937 0.125821 
3.168329 0.025969 0.965992 0.097391 1.888619 -1.111954 -0.204368 0.915739 1.474536 0.441196 0.273297 0.067447 
-1.#IND00 -1.#IND00 -1.#IND00 -1.#IND00 -1.#IND00 -1.#IND00 -1.#IND00 -1.#IND00 -1.#IND00 -1.#IND00 -1.#IND00 -1.#IND00 
-1.#IND00 -1.#IND00 -1.#IND00 -1.#IND00 -1.#IND00 -1.#IND00 -1.#IND00 -1.#IND00 -1.#IND00 -1.#IND00 -1.#IND00 -1.#IND00 
