3.298791 0.221207 0.638898 -0.373973 1.092490 0.741919 1.240940 1.204227 0.128054 0.593505 0.056955 -0.066574 
3.282992 0.213722 0.577941 -0.178825 1.475465 0.747732 0.048962 0.953215 -0.040696 -0.070853 0.121317 0.006238 
2.979145 0.356540 0.984080 -0.256100 1.147325 -0.453794 -0.280056 0.464983 0.300803 0.217034 0.166406 -0.055351 
3.122214 0.492976 0.908413 -0.566983 1.288542 0.964890 1.293864 1.146787 0.853880 0.389596 0.087001 -0.034831 
3.256764 0.937632 1.739244 -0.009098 1.686218 1.140584 0.306946 0.106665 -0.157588 0.111296 0.262651 0.052202 
3.555290 0.452143 1.252564 -1.219510 0.350341 0.877517 1.414637 0.835254 -0.009838 0.270587 0.166680 0.007670 
3.037327 0.430645 0.711293 -0.820980 1.122296 1.188504 0.125552 1.196723 0.042651 0.028341 0.077346 -0.001098 
3.154563 0.319522 0.562066 -0.814962 0.848425 0.933327 0.624233 0.942492 0.399772 0.222622 -0.019849 -0.048287 
3.054417 0.414135 0.704778 -0.335093 1.019921 1.155178 1.553215 0.355007 0.502214 0.032751 0.107519 0.026463 
3.263178 0.768661 0.995619 -0.926739 1.574760 1.170245 0.955621 1.167824 0.491768 0.301851 0.019121 -0.025245 
3.039663 0.502794 1.003342 -0.864848 1.838614 1.077174 0.853802 0.455993 0.010492 0.052467 -0.033376 0.018943 
3.181669 -0.072858 0.740924 -1.413577 1.250767 1.369179 0.352100 0.644086 0.382113 0.014575 0.037650 0.008740 
3.305514 0.306114 0.720249 -1.150567 1.121972 0.967295 0.265177 0.766504 0.091932 0.660371 0.155662 -0.050446 
3.207652 -0.714947 0.511746 0.169058 1.303701 0.955284 -0.601545 0.619817 0.595918 0.602596 0.185313 -0.057994 
0.449624 -0.832847 -0.210799 0.381094 6.983888 -0.320354 -1.011475 -0.198755 0.027887 1.653168 -0.056543 -0.023411 
0.017774 -1.092704 -0.862268 0.792161 2.762893 -0.053440 -1.351237 -0.811704 0.547791 0.582310 -0.223907 -0.084901 
0.147849 -1.176134 -1.758195 0.870079 1.101959 -0.231267 -0.338912 -0.664225 0.097707 0.834755 0.073110 -0.173190 
-0.062943 -1.055671 -0.523173 1.228413 1.984799 0.249016 -0.962469 -0.914898 0.838062 0.510514 0.014454 -0.157366 
0.280863 -1.279432 -0.709339 0.822029 1.795660 0.256134 -1.648219 0.324299 0.216544 0.597589 -0.038890 -0.216878 
-0.080940 -1.379156 -1.012015 0.701346 1.496853 -0.288620 -2.384612 -1.544168 0.022194 0.739177 -0.151980 -0.032796 
0.077775 -1.267595 -0.617759 0.794230 1.773484 -0.001339 -1.232027 -1.153083 0.077164 0.981227 -0.004102 -0.078370 
-0.315181 -1.179945 -0.014589 0.109863 3.191979 -0.720990 -0.007845 -1.081754 0.106420 0.470106 0.072205 0.070893 
0.644785 0.150044 0.756042 0.055766 3.264127 0.117761 0.163933 -0.343850 -0.101959 0.621146 0.054563 0.040882 
1.018382 1.172353 1.779303 0.220076 1.430976 1.563695 0.947278 0.516250 1.079733 0.728000 -0.116057 -0.047320 
1.073986 1.364477 1.380220 0.529066 1.415169 1.101151 2.023508 0.497485 0.874619 0.422935 0.130980 -0.067466 
0.272677 0.915418 1.334298 1.745106 1.475491 1.694534 0.808232 1.097708 1.165440 0.473023 -0.136147 -0.042962 
0.794211 1.314703 1.301892 0.840113 1.584152 1.705303 1.040293 1.103939 0.966911 0.517014 -0.185086 -0.010857 
0.987136 0.912006 1.595584 2.230978 1.722503 0.525684 0.395621 1.412737 0.533926 0.068425 0.158588 -0.052198 
0.474267 1.100857 1.175927 1.895651 1.658937 1.729095 0.629252 0.994204 0.400934 0.065263 0.147310 -0.073859 
0.253634 1.124278 1.029843 1.326297 2.137166 2.075274 1.625257 0.340627 0.564459 0.611828 0.005197 -0.074430 
0.442966 1.499693 0.761395 1.477172 1.549279 1.919966 1.270099 0.292563 0.750519 0.378183 -0.036621 -0.048686 
0.513140 1.298635 1.616055 1.848612 1.230438 1.052734 1.240952 0.835971 0.809378 0.197427 0.078168 -0.066771 
0.734692 1.172580 1.046563 1.454824 1.648241 0.784899 1.463873 0.167353 0.918080 0.173833 0.063721 -0.010567 
1.149627 0.634542 1.235464 1.260666 1.401900 1.830718 1.064098 0.960457 0.549235 0.397522 0.067307 -0.034684 
0.776629 1.030864 1.053791 1.688094 1.468032 2.110783 1.158782 1.042606 0.273076 0.463935 0.301102 -0.092529 
0.729154 1.013555 1.415244 1.367381 1.584156 1.653446 1.182308 0.797803 0.830008 0.364711 0.047872 -0.073067 
1.166168 0.834216 0.725484 1.085039 2.234638 1.963235 0.527632 0.880635 0.109005 0.291069 0.361637 -0.105422 
0.568867 0.112794 0.310798 0.941562 2.595743 2.081296 -0.115549 -1.187819 0.538604 0.743925 0.257882 -0.108864 
0.269099 -0.033112 -0.396553 0.560260 2.443935 1.186424 -0.928042 -0.797651 0.453016 0.808057 0.248715 -0.162016 
0.462232 -0.716925 -0.219513 1.045329 3.549941 0.170872 -0.972213 -0.546129 0.555420 0.830633 0.214790 -0.026091 
0.362302 -1.111462 -0.114577 1.752488 2.552553 -0.445095 -0.556065 0.044194 1.105156 0.088069 0.040326 0.133561 
0.409895 -0.682230 1.061664 2.329513 1.806034 -0.931574 0.441453 1.472126 0.798065 -0.056944 -0.088741 0.049104 
0.504570 -0.804987 0.395741 1.951782 2.110748 -0.859838 -0.885798 0.837657 1.242346 0.147763 -0.176883 -0.072359 
0.353559 -0.754586 0.274529 2.666390 1.614469 -0.115393 -0.838866 0.042480 1.341654 0.495055 -0.111440 -0.087208 
0.414801 -1.140975 0.721082 3.746730 2.120774 -0.379202 0.488560 0.333389 0.739565 0.411365 -0.159822 -0.009720 
0.168942 -0.785268 0.935651 4.791590 2.685953 0.084882 -0.080433 0.690148 1.678592 -0.219994 0.103733 -0.044231 
0.728926 -1.055489 1.624227 3.560713 4.447617 0.350619 -0.688841 0.962762 0.542177 0.753217 -0.053119 -0.072341 
2.546774 -0.050236 1.126188 3.436115 1.839055 0.412918 -0.583426 -0.224435 0.550708 0.331986 0.055920 -0.046100 
-1.#IND00 -1.#IND00 -1.#IND00 -1.#IND00 -1.#IND00 -1.#IND00 -1.#IND00 -1.#IND00 -1.#IND00 -1.#IND00 -1.#IND00 -1.#IND00 
-1.#IND00 -1.#IND00 -1.#IND00 -1.#IND00 -1.#IND00 -1.#IND00 -1.#IND00 -1.#IND00 -1.#IND00 -1.#IND00 -1.#IND00 -1.#IND00 
