4.605847 1.357991 0.911069 0.139189 0.808715 0.185283 0.104793 0.065879 0.232376 0.283427 0.292308 0.092761 
5.658558 1.598681 1.300059 0.659001 0.768733 0.661886 0.907390 -0.777324 -0.487038 -0.008304 -0.212054 -0.119419 
2.405562 1.450345 2.025948 -0.392119 0.203112 0.257782 0.264745 0.342639 0.237706 0.334167 0.199148 -0.023769 
-0.931949 0.287562 2.748473 -1.060441 1.023522 1.241350 -0.848556 0.076954 0.504722 -0.055062 -0.143383 -0.074232 
-1.305186 0.114125 1.747283 -0.783356 0.761667 0.526943 0.102737 -0.492895 -0.095380 0.272156 -0.078195 -0.062489 
-0.902973 -0.292620 1.966507 -0.952209 -0.255525 0.388672 0.106446 -0.493086 0.250202 -0.149295 -0.057779 -0.094452 
-1.155965 -0.560491 1.616877 -0.386848 -0.569764 1.411713 -0.049700 -0.620090 0.576217 0.319626 -0.011925 -0.101011 
-1.267088 -0.545484 1.818392 -0.670599 0.056657 1.280863 -0.625645 -0.760725 0.283485 0.088759 -0.280160 -0.063798 
-1.124981 -0.686481 1.511227 -1.422678 -0.689148 1.090970 -0.184484 -0.373879 -0.135130 0.300517 -0.173330 -0.066268 
-0.978349 0.273681 2.520392 -0.433884 0.346160 0.928158 -0.405055 -0.157078 0.587771 0.061057 0.002976 -0.000091 
0.631549 1.614753 1.920659 -0.372687 -0.102738 0.249194 -0.131939 -0.410179 0.960403 -0.173888 0.289699 -0.004685 
2.061046 2.165602 2.900921 1.385637 0.651173 1.823866 0.652073 -0.439343 1.347325 0.121503 0.036183 0.082179 
1.364120 0.731271 1.060688 1.276829 1.799887 1.517086 0.938734 0.586331 0.641300 0.017926 0.085623 0.068639 
0.798732 1.369752 1.663063 0.875852 0.764165 0.756494 1.543737 0.982928 0.710884 0.100871 0.106502 0.033999 
1.020698 1.063752 0.872969 1.162134 1.795629 1.222468 0.841919 0.397208 0.311586 0.572574 0.131944 0.000003 
0.689783 1.460161 1.039743 1.731621 1.552047 1.322100 0.617090 0.601619 0.666047 0.285298 0.071365 0.010849 
0.977166 0.748990 2.295896 1.250961 1.755421 0.331399 0.496672 -0.416772 0.863093 0.217229 0.046509 0.040528 
0.786476 1.587642 1.896682 1.002640 1.125784 1.560518 0.455084 0.294092 0.326419 0.399586 0.206981 -0.025123 
0.865922 2.068133 1.640748 0.757709 0.353173 0.679977 0.554831 1.072533 0.320061 0.208755 0.396332 -0.091202 
0.785787 1.673340 1.254692 0.966013 0.871343 1.831750 0.875722 0.775316 0.465573 -0.152214 0.229450 -0.025981 
0.378015 1.153408 1.060346 2.198279 2.427439 1.177621 0.248688 1.309660 0.565577 -0.038652 0.118451 -0.018582 
0.056475 -0.616415 1.631847 1.602354 0.547853 -1.181857 1.230205 0.675891 0.885429 -0.378918 0.209133 0.048633 
-0.510504 -1.635949 1.617112 0.754793 -0.057214 -0.089892 0.622596 0.401509 -0.105779 -0.175491 0.283614 0.028458 
-0.501271 -1.243274 1.441623 1.684262 -0.070755 -0.489645 0.025380 0.540859 -0.886417 0.251805 0.210968 0.068055 
-0.580714 -1.670625 1.648817 0.912264 -0.154826 -0.795649 0.803815 -0.523908 0.180586 -0.252164 0.306448 0.042224 
-0.687297 -1.561190 0.919531 0.963942 -1.184481 -1.415469 0.522519 0.221112 -0.151232 -0.188734 0.126631 -0.006567 
-1.#IND00 -1.#IND00 -1.#IND00 -1.#IND00 -1.#IND00 -1.#IND00 -1.#IND00 -1.#IND00 -1.#IND00 -1.#IND00 -1.#IND00 -1.#IND00 
-1.#IND00 -1.#IND00 -1.#IND00 -1.#IND00 -1.#IND00 -1.#IND00 -1.#IND00 -1.#IND00 -1.#IND00 -1.#IND00 -1.#IND00 -1.#IND00 
