3.129244 0.125101 0.414615 -0.894484 1.364244 0.892020 0.188693 0.453815 -0.308504 -0.076410 0.030871 -0.004464 
3.015511 0.425908 0.963246 -1.272396 0.926348 1.199789 0.346774 0.545116 0.432534 0.226766 0.033969 -0.028254 
3.275996 0.311344 0.088494 0.048278 1.252722 0.331677 0.939312 1.007051 0.125342 0.120514 0.166486 0.000985 
3.217769 0.072896 1.008400 -0.993019 1.160307 0.682318 0.776674 0.858265 -0.056848 0.444046 0.244261 -0.028622 
3.484958 0.132111 0.968283 -0.370997 1.323482 0.656153 0.850590 0.565637 -0.083863 0.573608 0.080683 -0.011108 
3.091743 0.119164 0.386457 -0.163357 1.195429 0.281576 0.359496 0.895176 0.592530 0.078505 0.061267 -0.000378 
2.924481 -0.109113 0.993678 -0.418190 1.560188 1.291764 0.690757 0.702913 0.150807 0.469287 0.135247 -0.076541 
3.233218 0.491444 0.518394 -0.275573 1.307340 0.539007 0.591592 0.885536 0.435535 0.191395 0.030487 -0.009106 
3.251759 0.222119 1.076295 0.517026 1.777528 1.112462 1.497912 1.319089 0.551850 0.465983 0.015408 -0.035718 
2.689315 0.627539 0.540520 -0.317992 2.034706 -0.047083 1.050263 0.642760 1.108460 0.122300 0.058954 -0.000843 
3.047971 0.430563 0.688814 -0.267435 2.039923 1.587150 1.075809 1.201448 0.743402 -0.085817 0.151623 -0.002770 
3.367303 0.700904 0.467648 -0.261875 1.656453 0.445921 0.309349 0.791695 0.891077 -0.031904 0.172343 0.028062 
0.455022 -1.037252 0.617531 0.835316 3.099877 -0.415520 -0.923669 0.316346 1.439908 -0.226639 0.134096 0.031865 
0.051789 -1.191986 -0.322549 0.843826 0.996742 -0.460574 -1.316425 0.114005 2.718519 0.249924 -0.228562 0.096049 
-0.097970 -1.337131 -1.121718 0.796833 1.642560 -0.183581 -0.849051 -0.497999 0.826319 0.703427 -0.491357 -0.101411 
-0.204946 -1.257571 -0.074269 1.254852 1.923901 -1.079676 -1.364498 -0.455886 0.837875 0.283802 -0.380559 -0.096030 
-0.252052 -1.445745 -0.422037 0.671992 1.988948 -0.977762 -0.831428 -0.160229 0.050992 0.421099 -0.536398 -0.109021 
-0.241443 -1.051302 -1.138310 0.220080 2.101915 -0.084735 -0.736972 -0.527744 0.886063 0.552228 -0.060247 -0.114336 
-0.356727 -1.382729 -0.098585 -0.661102 2.590236 -0.978892 -0.788541 -0.321395 -0.263913 0.390514 0.017986 0.044372 
-0.126988 -0.939251 -0.426661 -0.803831 2.708564 0.694479 -0.658050 -0.328982 -0.898821 0.723359 0.464623 -0.057641 
0.500474 -1.075553 -0.430624 -0.481487 3.814540 0.723973 0.257637 0.112283 -0.672186 0.515968 0.280152 -0.028520 
1.367185 0.678072 1.375372 0.456327 2.502269 1.033987 -0.349375 1.107969 0.103017 0.284714 0.221051 -0.071286 
1.123187 1.203089 1.143352 1.572239 0.967098 0.749898 1.036326 1.304601 0.448223 -0.226274 0.195097 -0.073487 
1.050401 1.242430 1.053710 1.342949 1.079876 1.250542 0.345504 0.976319 0.307076 0.482124 0.104527 -0.040338 
0.718060 0.766998 1.709895 1.657926 1.272042 1.383523 1.487486 0.662202 0.873159 0.065980 -0.024620 -0.001271 
0.724742 0.815145 2.000559 1.110394 2.151704 0.607657 1.851462 0.552251 0.657799 0.458731 -0.017314 -0.043797 
0.566369 0.889460 1.105716 1.405842 1.820307 2.259653 1.668294 0.734922 0.846329 0.033561 -0.107011 -0.012010 
0.947527 0.804618 1.119967 1.356647 2.740413 1.315780 0.436544 0.668301 1.201996 -0.252339 0.141130 -0.065335 
0.473076 1.410371 1.423623 1.481338 1.175124 1.510993 1.155803 0.633068 0.806726 0.351559 0.003768 -0.052847 
0.280962 1.282970 1.104002 1.403339 1.796733 1.593683 1.445301 1.014112 0.601348 0.189199 -0.072841 -0.018958 
0.602702 0.903563 1.438937 1.119341 1.643949 2.044649 1.364496 0.672777 0.699767 0.306814 0.016050 -0.087277 
0.991455 0.525766 1.732425 1.346694 1.912903 1.411605 0.850282 0.952369 0.472409 0.649565 0.220134 -0.098290 
0.539262 1.174203 1.348797 1.512465 1.048854 2.195555 1.003798 0.444879 0.795661 0.275805 0.130990 -0.042199 
0.538122 0.966968 1.691575 2.366724 1.586311 1.018286 1.347345 0.639362 0.999632 0.232088 0.148952 -0.074987 
0.599488 1.177006 1.805600 1.207688 1.406479 1.210644 1.426690 1.091720 0.504863 0.386139 -0.161880 -0.015981 
1.613689 0.722217 1.599419 0.649316 1.981278 0.869749 1.429390 0.416906 0.751646 0.416366 0.053653 -0.036252 
1.042237 1.074338 -0.307451 1.269473 2.642123 1.054827 2.204474 0.950793 0.050247 0.194447 0.402325 -0.104846 
0.768494 0.106560 0.055146 0.705140 2.377879 1.417902 -0.484443 -0.413876 1.130605 0.743144 0.236585 -0.137123 
0.424793 -0.429610 0.161249 1.229865 2.452992 -0.628674 -1.200153 -0.319650 1.151328 0.919889 0.034062 -0.051990 
0.673128 -0.413428 0.627359 1.861073 2.557983 1.048353 0.794377 1.383937 1.025256 0.390830 -0.313823 -0.017106 
0.469057 -0.069050 0.439341 2.529614 0.724597 -1.021702 -0.735633 1.767469 0.929844 -0.121546 -0.253168 0.089420 
0.240692 -0.749181 0.212748 1.935141 0.316268 -1.115636 -0.238390 1.143587 1.140046 -0.307303 -0.464624 0.065960 
0.327584 -0.925576 1.399524 2.734469 1.696834 -1.174413 0.016760 0.929519 1.116791 -0.113144 -0.004149 0.016244 
0.193236 -0.743772 0.388213 3.418190 1.517615 -0.876158 0.998068 1.275017 0.324988 -0.261316 0.233525 0.135098 
0.344983 -0.840933 1.305391 3.804888 1.774203 -0.160247 0.458307 2.516627 0.433706 0.110881 0.197274 -0.044535 
1.362646 -0.278484 1.043371 4.254226 0.637582 -0.543998 0.399893 1.691740 0.911307 0.240593 0.065883 -0.003524 
1.749486 -0.647935 0.261718 5.206671 -0.461801 -0.797887 -0.542404 2.483677 1.051854 0.193339 0.101682 0.079188 
3.643882 -1.056492 0.759271 1.267754 0.433845 -1.778206 -1.054736 1.399339 1.581253 0.470339 0.327985 0.115124 
-1.#IND00 -1.#IND00 -1.#IND00 -1.#IND00 -1.#IND00 -1.#IND00 -1.#IND00 -1.#IND00 -1.#IND00 -1.#IND00 -1.#IND00 -1.#IND00 
-1.#IND00 -1.#IND00 -1.#IND00 -1.#IND00 -1.#IND00 -1.#IND00 -1.#IND00 -1.#IND00 -1.#IND00 -1.#IND00 -1.#IND00 -1.#IND00 
