2.817601 -0.019908 0.988533 -0.599127 1.719559 1.497420 1.134463 1.203678 0.327769 -0.098452 -0.098548 -0.038178 
3.334397 1.097093 0.159978 -0.644674 0.964224 1.570318 1.197346 1.389468 0.424881 0.167188 0.166480 -0.016007 
3.350432 0.702617 0.866847 -0.207601 0.917255 1.358663 0.546690 1.032687 0.264773 0.305864 -0.068399 -0.045343 
3.144197 0.422150 0.536353 -0.634939 1.373588 0.905995 1.684822 1.021258 0.326859 0.293669 0.234633 0.004130 
3.235005 0.528819 0.905673 -0.256434 1.523086 0.923314 0.784717 0.880752 0.284289 0.266572 0.350810 0.002249 
3.520615 0.554124 1.353278 -0.178353 1.101416 0.806834 0.787960 1.075318 0.158661 0.148395 0.159903 0.010403 
3.332040 -0.037753 0.629917 -0.450565 0.890032 0.345667 0.617198 0.008025 -0.554390 0.230564 0.128183 0.001769 
3.218309 0.595340 0.499913 -0.464432 1.127513 0.432647 0.640472 0.556777 0.220386 0.071907 0.053655 -0.004557 
3.124800 0.487419 0.729780 -0.619201 1.769493 1.246466 -0.099679 0.732658 -0.231173 0.158125 0.127114 -0.045105 
3.156508 0.218915 0.977001 -1.225726 1.174143 0.927252 1.046976 0.457357 0.025791 0.503090 0.040819 -0.073430 
3.069053 0.322102 1.174943 -0.901033 0.762956 0.932275 0.497132 1.246802 0.242829 0.261473 0.227295 -0.064898 
3.207462 0.588575 1.477058 -0.270230 1.363660 1.353687 1.093625 0.812771 0.236045 0.544799 0.064692 -0.021345 
3.223778 0.390269 0.827765 -1.284220 1.494185 0.963154 1.497475 0.417621 0.153985 0.260514 0.215306 0.061748 
3.337821 0.355575 0.891483 -0.679433 1.671159 1.358566 0.796083 0.291946 -0.061265 0.388979 -0.187171 -0.046683 
3.438555 -0.619495 0.586254 0.022924 2.363147 0.663213 -0.570492 0.474382 0.200376 0.373083 0.007713 -0.065551 
0.451929 -1.756204 -1.005174 1.055553 3.009319 -0.846256 0.378621 -0.332488 0.735496 0.637316 -0.286888 -0.116380 
-0.135220 -1.349155 -0.133859 0.550749 2.238596 0.094637 -1.797546 -0.350419 1.199716 0.626289 -0.161421 -0.064861 
-0.606603 -1.826583 -0.234377 0.301552 2.825383 -0.523632 -0.279915 -0.146392 0.548474 0.349640 0.248168 -0.121086 
-0.674636 -1.143296 -0.113456 0.321806 2.432641 -0.858635 -1.116563 -0.414310 0.681008 0.158305 0.136815 -0.059681 
-0.536688 -1.264268 -0.023288 -0.625199 2.502084 -0.965549 -0.570382 -0.601099 -0.152030 0.646941 -0.071271 -0.113428 
-0.643322 -1.291618 -0.083330 -1.303139 2.238348 -1.136122 -0.670015 -0.710956 -0.545044 0.234995 0.054993 0.027514 
-0.534867 -0.880508 -0.006048 -0.477527 2.389297 -0.344145 0.401033 -0.800738 -0.351263 0.172641 0.275086 -0.022007 
1.147538 0.413762 1.381148 0.481708 3.338581 1.081797 0.389417 0.213288 0.176583 0.289382 0.248759 -0.025218 
0.230900 1.394671 0.742599 2.657720 2.650190 1.174015 0.464891 1.361257 0.086552 0.037162 0.139723 -0.008667 
0.403016 0.816247 1.583818 1.595998 1.688333 1.351462 1.464819 1.208394 0.178981 0.133214 0.093514 -0.000575 
0.676322 1.195779 1.903034 1.051668 1.475380 1.020193 1.043829 0.674398 0.529768 0.606434 0.106359 -0.073450 
0.825190 0.783999 1.327469 1.399040 1.887522 1.902553 1.081920 0.605564 1.067520 0.373157 -0.134475 -0.005234 
0.621833 0.984699 1.583693 1.982161 1.691707 1.966567 0.240338 0.776486 0.829737 0.199223 0.009707 -0.000908 
0.637818 1.434959 0.983489 1.589497 1.490227 1.526201 1.210785 1.022600 -0.054565 0.317727 0.005536 -0.025770 
0.655742 0.909432 1.146256 1.131151 1.934670 2.873061 1.581616 -0.014547 0.547341 0.163324 -0.017669 0.029440 
0.779613 1.079141 1.328096 1.090363 2.041868 1.377167 0.742743 1.211272 0.710123 -0.036984 -0.031588 -0.031891 
1.120540 0.736468 1.728892 1.232486 1.605996 1.046729 1.002072 1.284246 0.885464 -0.027020 -0.139232 0.014804 
0.704445 1.205281 0.906768 1.755961 1.486132 1.588186 1.739010 0.469000 0.267419 0.264537 0.086783 -0.029293 
0.523855 1.523326 1.161705 1.344339 1.387261 1.656132 1.121633 0.301626 1.254279 0.099967 -0.148814 -0.017538 
0.673225 1.293949 1.607407 0.993649 1.849890 1.695918 1.657667 0.225439 0.677407 0.144072 0.074209 -0.008395 
1.342973 1.086649 1.023945 1.831932 0.663370 1.592090 1.326174 0.669846 0.402255 0.363636 0.347502 -0.059149 
1.011072 0.995264 1.161283 1.518733 1.131080 1.204729 1.083626 1.289657 0.448720 0.062333 0.167092 -0.052144 
1.499436 0.923294 0.698327 1.509142 1.760980 0.689431 0.902056 0.386195 1.743654 -0.059770 0.043812 -0.066562 
0.826247 1.234948 1.137843 1.435997 1.622834 0.818928 0.317553 0.231402 1.376408 0.706318 -0.122891 -0.098128 
0.512854 0.010788 0.874635 2.382121 2.195079 0.822378 0.094198 0.087660 1.569628 0.397638 -0.077411 -0.127213 
0.489420 -0.054130 0.812727 3.830301 1.425750 0.524967 -0.184496 0.308132 1.091040 -0.269017 0.006150 0.041375 
0.144275 -0.478264 0.952746 2.405273 1.128993 -1.336590 -0.106265 1.463180 0.971119 -0.415082 -0.189100 0.072815 
0.390209 -0.554617 0.514694 1.318505 1.344066 -0.800574 -0.291948 1.544326 1.236923 -0.458864 -0.253491 0.151748 
0.111087 -1.339977 0.268901 3.147075 1.265959 -1.617489 0.022554 0.771935 0.929308 0.073601 -0.200880 0.038660 
0.615012 -1.023819 -0.027109 2.534585 1.084688 -0.063782 -0.590435 1.298927 0.470208 0.637611 0.086786 -0.038523 
0.503464 -1.126731 1.233618 4.996392 1.263558 0.294604 0.706964 2.103634 0.707517 -0.048387 0.065098 0.042806 
0.867952 -1.001611 0.603084 7.149838 1.529470 -0.195990 0.685195 0.518098 0.611901 0.323426 0.037236 -0.027434 
1.948787 -0.047956 0.254224 3.430436 0.103756 -0.454077 -0.521966 1.736665 0.755446 0.205185 -0.012982 0.063201 
-1.#IND00 -1.#IND00 -1.#IND00 -1.#IND00 -1.#IND00 -1.#IND00 -1.#IND00 -1.#IND00 -1.#IND00 -1.#IND00 -1.#IND00 -1.#IND00 
-1.#IND00 -1.#IND00 -1.#IND00 -1.#IND00 -1.#IND00 -1.#IND00 -1.#IND00 -1.#IND00 -1.#IND00 -1.#IND00 -1.#IND00 -1.#IND00 
