3.698915 1.952341 1.529630 0.645398 0.536021 0.239593 0.616081 0.007279 -0.394254 -0.183239 0.062041 0.019496 
4.008895 2.049733 1.239788 -0.205087 0.147365 -0.529970 0.382388 0.007153 0.981181 -0.160850 -0.090106 -0.002854 
4.146046 1.602591 1.394053 0.396954 0.846269 -0.133904 -0.229234 0.174112 -0.010569 0.424844 -0.032389 -0.026522 
4.069653 2.033959 1.440180 1.678216 0.579928 -0.039411 0.649134 -0.181951 -0.411617 -0.219856 0.181466 0.038087 
3.307154 2.112798 0.958177 0.819609 0.474256 -0.441871 -0.011327 0.045642 0.486751 0.005180 0.261587 0.049370 
-0.259485 -1.362875 0.779404 2.327370 -0.998979 -1.009369 0.529700 0.038746 0.252526 -0.004085 -0.276675 0.200221 
-0.840322 -1.490648 1.797999 0.848625 -1.042452 -0.986593 0.428007 0.654004 -0.237946 0.091151 0.006854 -0.044584 
-0.906340 -1.410126 1.212476 0.793185 -0.282088 -0.605709 0.604951 0.476426 0.099735 -0.112661 -0.111828 -0.007889 
-0.790499 -1.493553 1.673837 0.626244 -0.402286 -0.769389 0.821546 0.463175 -0.134675 -0.114554 -0.196949 -0.071740 
-1.003101 -1.301045 1.095806 0.543776 -0.486123 -0.084644 1.124702 0.035936 0.581464 -0.221159 0.109384 -0.053462 
-1.003475 -1.499593 1.183593 0.219837 -0.801072 0.278173 0.631623 0.219425 0.229914 -0.131217 -0.204522 -0.075145 
-0.818303 -0.768288 1.962647 -1.014655 -0.457838 1.034660 0.687253 -0.466240 -0.128639 0.627067 -0.101293 -0.006326 
1.814899 2.127819 2.371892 0.834394 -0.239816 -0.051367 -0.082564 -0.933433 -0.216681 -0.084414 0.010870 -0.014417 
1.383325 -0.042222 0.815291 1.654281 1.872617 0.896635 2.106345 0.621885 0.334165 -0.383067 0.186602 0.138983 
0.959072 0.273014 1.216534 1.921470 2.012237 1.527827 0.449179 1.704423 0.748142 0.395953 -0.037000 0.003662 
0.869771 0.798027 1.751547 2.079697 0.675781 0.452782 0.778205 1.713830 0.232832 0.252924 0.028087 0.083490 
0.969608 1.176560 1.440710 1.407673 0.499456 1.510790 0.149630 0.585622 0.932458 0.368364 0.275521 -0.041998 
0.981220 0.979607 0.919592 1.771859 1.067877 0.460144 1.242306 0.779755 0.222686 0.357376 0.068354 0.045185 
0.855895 1.194666 1.432689 1.057274 1.276146 0.642408 1.143821 0.401258 0.168034 0.542322 0.207304 -0.019308 
0.935416 1.612863 1.431995 1.574684 1.222445 0.373009 0.558872 0.426789 0.645347 0.226238 0.188952 -0.019679 
0.700935 1.143748 1.302201 1.550291 1.689191 1.019257 1.286275 0.798501 0.228723 -0.098739 -0.007296 0.066813 
0.926877 1.535067 1.620364 2.041073 0.702507 0.043378 0.670058 -0.013861 -0.090672 0.817081 0.094161 -0.016693 
1.262520 0.776704 1.660460 2.026512 0.287132 0.283017 0.751586 0.120717 1.177566 0.204701 0.151910 -0.012013 
-0.132671 -0.981993 1.748659 1.667724 0.626449 -0.273876 -0.311053 0.454695 0.677592 0.144315 -0.269070 0.111969 
-0.854003 -0.700031 1.202682 0.904439 0.635554 -0.729775 0.139579 1.464259 0.356230 -0.345903 0.156009 -0.082701 
-0.526898 -1.617316 1.118975 0.211742 0.071394 -1.762728 0.630635 1.163623 -0.125473 0.084716 -0.066901 0.000679 
-1.#IND00 -1.#IND00 -1.#IND00 -1.#IND00 -1.#IND00 -1.#IND00 -1.#IND00 -1.#IND00 -1.#IND00 -1.#IND00 -1.#IND00 -1.#IND00 
-1.#IND00 -1.#IND00 -1.#IND00 -1.#IND00 -1.#IND00 -1.#IND00 -1.#IND00 -1.#IND00 -1.#IND00 -1.#IND00 -1.#IND00 -1.#IND00 
