3.411658 0.649099 1.391277 0.033150 1.545312 0.842008 2.040290 0.999973 0.791670 0.466124 -0.160734 -0.031284 
3.354627 1.491867 1.335211 0.264645 2.082156 1.701764 1.621492 1.486386 0.539742 0.295372 0.065779 0.001373 
3.334905 0.870041 1.014935 -0.372392 1.487434 1.962564 1.372143 0.923833 0.653449 0.635325 0.328224 0.001312 
3.573294 1.383844 1.201600 0.143813 1.299162 1.587998 1.082203 1.040733 0.255638 0.288395 0.262677 0.005818 
3.577273 1.190040 1.670465 0.492744 1.333468 0.998460 1.322976 0.845389 0.909654 0.294304 0.436576 0.071594 
3.625723 1.305829 1.366616 0.741467 1.956059 1.397526 0.149038 0.858702 -0.188402 0.260343 0.155538 0.016143 
3.697245 1.054506 1.056765 -0.647048 1.105912 0.470016 0.492494 0.371890 0.028900 0.386207 -0.014314 -0.021218 
3.872867 0.841363 1.443751 -0.536785 1.102448 1.716881 0.642532 0.720698 0.203320 -0.067964 0.234378 0.061769 
3.286564 0.813517 1.066547 -0.267700 0.738051 1.120161 0.600130 1.068121 0.158512 -0.098861 0.173419 -0.007285 
3.338082 0.986227 1.711686 0.532191 0.438397 1.345684 0.906119 1.154162 0.723322 0.129714 0.093038 0.018514 
3.541111 0.660155 1.557900 -0.227553 1.278558 0.365457 0.496665 0.439105 0.317621 0.469160 0.116742 -0.012328 
3.725126 1.220520 1.726776 -0.522631 1.860132 0.875684 -0.026823 0.837482 0.240978 0.287815 0.020515 -0.044596 
3.521701 -0.048275 1.472579 -0.391912 1.682262 -0.003885 -0.760883 0.903417 0.932779 0.140205 -0.215637 -0.054220 
0.133851 -1.791377 -1.378538 1.289555 4.598447 0.030291 -0.415909 0.275738 1.773783 0.548294 0.059226 -0.061996 
0.078704 -0.987641 -0.730428 0.906337 3.163729 0.053963 -1.690415 -0.795194 0.039829 0.526938 0.071923 -0.131614 
0.025800 -0.621843 -0.696048 0.627157 2.417662 0.584421 -1.471584 -0.422855 1.061430 0.524297 -0.145090 -0.117752 
-0.094450 -1.666373 -0.830782 1.306459 2.769105 0.118321 -0.268663 -0.425753 0.068537 0.340596 0.139685 -0.116798 
-0.152602 -1.255221 -0.324017 -0.539227 1.937682 -0.257277 -0.461242 -0.578559 -0.093783 1.299267 0.141304 -0.207479 
0.069277 -1.126366 -0.756810 0.274814 2.243781 1.073511 -2.346727 -0.297968 0.327910 0.528729 0.244178 -0.065811 
-0.501633 -1.600734 -0.081389 -0.513819 1.938244 -0.897353 -1.207861 -0.863965 0.768766 0.263847 0.127878 -0.025356 
-0.366146 -1.155929 -0.461302 -0.223138 2.210997 -0.262300 -1.975431 -0.584153 0.551049 0.087381 0.110211 -0.100959 
0.418060 -0.332218 -0.374938 0.675885 3.107606 0.851792 -0.365607 -0.745432 0.490768 0.142526 0.122966 0.017540 
1.234556 0.957729 1.093356 0.752302 1.779036 2.762818 0.780498 0.785813 -0.184050 0.339200 -0.092461 0.051706 
0.785658 1.123378 1.461956 1.324203 0.768505 0.949027 1.376275 1.963009 0.367587 0.177409 0.090988 -0.040593 
0.607765 1.513781 1.605680 0.817365 0.940680 1.971739 0.764485 0.840125 0.820186 0.311202 0.040144 -0.025337 
0.950896 0.743040 1.465047 1.937335 1.127430 1.298500 1.451808 0.983930 0.535622 0.208971 -0.020289 -0.015085 
0.759607 1.347554 1.222017 1.191638 1.723863 1.728255 1.134298 0.779834 0.062966 0.467699 0.124713 -0.063960 
0.808709 1.131030 1.657222 1.005099 1.309880 1.768099 0.831192 0.810134 0.601690 0.433609 -0.273578 -0.002227 
0.742731 1.022535 1.289158 2.159459 1.398795 1.134879 1.395705 1.232800 0.678960 0.242021 -0.191513 0.003000 
0.577261 1.253468 0.765252 2.221781 1.533923 0.661932 2.002490 0.591006 0.023457 0.835094 0.077991 -0.100538 
0.749816 0.848276 1.445947 1.272117 1.635142 1.699113 0.857535 0.582994 0.789311 0.120378 0.246506 -0.131692 
0.262190 1.275193 1.218072 1.938254 1.822121 1.272613 1.021804 1.175881 0.658930 0.320313 -0.145436 -0.025411 
1.002051 1.038763 0.528421 2.475049 1.471209 0.558285 1.296661 1.424568 0.381353 0.265293 0.033498 -0.022863 
1.748537 0.228672 1.358627 1.714469 1.258209 1.505391 0.834850 0.825854 0.729285 0.335322 0.098310 -0.017103 
0.944072 1.007984 0.940659 1.186798 2.045940 0.636422 1.019848 0.704208 0.717100 0.282248 0.121960 -0.090597 
0.818128 0.597688 1.868558 1.534377 0.987290 1.884981 0.383030 0.760150 0.996832 0.231518 -0.040895 -0.059721 
0.919770 0.590277 1.011789 1.679294 1.887177 0.869459 0.857727 0.602059 0.816302 -0.009364 0.229631 -0.102892 
0.732019 -0.040388 0.459564 2.539254 1.763874 0.479067 -0.544646 0.689014 0.813441 0.843965 -0.067396 -0.163455 
-0.034677 -0.875704 0.886037 2.015075 2.009216 -0.781700 0.510450 0.864022 1.340144 0.203719 -0.069733 -0.095212 
0.106548 -1.623482 0.570331 1.787777 1.428003 -1.672529 0.247242 0.532669 0.427308 -0.163032 -0.113617 0.087170 
0.062240 -0.678467 0.294064 2.871782 1.118701 -0.415160 -0.211371 1.951006 0.749123 -0.295631 -0.152054 0.097337 
0.037669 -1.568153 0.640713 2.678493 0.373687 -1.038133 -0.629454 1.321212 0.042085 0.267784 -0.079219 -0.021817 
0.347466 -1.308075 0.578918 3.138770 1.103980 -0.262152 0.357450 0.848450 0.484875 0.001083 -0.012164 0.165594 
-0.111807 -1.643755 -0.305962 2.518480 0.915109 -0.507519 -0.221248 1.249442 1.002634 0.183706 -0.168499 -0.051059 
-0.007655 -1.535557 0.369989 5.571306 1.166637 -0.156350 -0.367616 1.146300 0.659748 0.142666 0.076090 0.119402 
-0.163421 -1.447769 0.111286 4.762244 1.033199 -0.837780 -0.017288 0.259895 1.390571 0.432983 -0.072037 0.045737 
2.342857 -0.691650 0.181568 1.757467 -1.088544 -0.339783 -0.588012 -0.260352 0.124619 0.245848 0.393707 0.326704 
3.404438 -0.325117 1.466750 0.971278 1.413490 -0.406435 0.691524 1.365498 0.313221 0.054170 -0.099915 -0.017920 
-1.#IND00 -1.#IND00 -1.#IND00 -1.#IND00 -1.#IND00 -1.#IND00 -1.#IND00 -1.#IND00 -1.#IND00 -1.#IND00 -1.#IND00 -1.#IND00 
-1.#IND00 -1.#IND00 -1.#IND00 -1.#IND00 -1.#IND00 -1.#IND00 -1.#IND00 -1.#IND00 -1.#IND00 -1.#IND00 -1.#IND00 -1.#IND00 
