1.720695 0.168167 0.398722 -0.264141 0.253016 0.956327 0.335008 -0.922079 -0.411755 -0.495774 0.139179 0.167202 
1.493962 -0.069304 0.188735 -0.544980 0.682910 1.688709 0.159456 -1.041126 0.092412 -0.436303 0.502179 0.336521 
1.210304 -0.206688 0.277953 -0.341548 0.415126 1.831028 -0.497878 -0.486218 -0.103508 -0.288584 0.539292 0.342908 
-0.248428 -1.905272 2.860663 0.639201 0.100130 1.163476 1.382594 0.190405 0.802241 0.096669 -0.111295 0.163805 
-0.693750 -1.012495 2.458871 0.195071 -1.252624 1.166934 0.946280 -0.921091 -0.366537 0.148670 0.128937 0.142846 
-0.549364 -1.713797 1.679130 -0.429638 -1.805050 -0.703947 0.047774 -0.902431 0.587278 0.360969 -0.165362 -0.022193 
-0.848372 -1.573756 1.502430 0.389965 -1.363664 -0.716308 0.658514 -0.430768 0.458491 -0.098980 -0.220720 0.015000 
-0.734512 -1.152046 1.557272 -0.122294 -1.123050 0.135751 0.872602 -0.934542 0.051768 -0.032879 0.189562 0.067530 
-0.949833 -1.258301 1.892285 0.750986 -0.828247 0.068119 0.680619 -0.874024 0.265262 -0.143162 -0.110223 0.038546 
-1.243520 -0.233722 2.826151 -0.195195 0.404218 0.582143 0.567096 -0.495815 1.777860 -0.007881 0.432181 0.127671 
0.273770 0.182464 2.442198 -0.302798 0.465489 1.604882 0.320982 -1.183494 0.389982 -0.144741 0.376000 0.055630 
1.606939 1.010457 1.998143 0.750007 -0.202361 0.128192 0.617587 -1.508260 -0.026080 -0.231774 0.408268 0.055216 
0.242281 -0.024682 1.995031 1.543364 -1.438091 -0.389226 1.167965 0.342791 0.197742 -0.179389 0.397312 0.093827 
0.913302 0.817465 1.464351 -1.326847 0.564844 0.346740 -0.535540 -0.388493 -0.556064 -0.099809 0.233377 0.126186 
0.872940 1.930139 1.206019 2.134735 1.503606 0.111352 -0.190811 -0.393995 -0.199644 -0.403671 0.160847 -0.081175 
1.248393 1.165714 1.497422 1.084309 1.707899 0.634559 0.561584 -0.166956 -0.390590 -0.397131 -0.062593 -0.039638 
0.960774 1.765872 1.533920 1.227310 1.581240 0.920759 0.390758 0.149420 -0.154679 -0.518147 -0.037988 -0.065847 
1.519350 0.845363 1.270117 1.606969 0.907792 1.159152 0.083855 0.343800 0.172827 -0.131056 0.020673 -0.087641 
1.224539 0.884660 1.973817 1.497159 0.097339 1.539837 0.836578 -0.331485 0.002922 -0.129810 0.012085 -0.058016 
3.284329 0.521179 1.528738 0.321782 0.018079 -0.433019 -0.607553 -0.579381 0.148831 0.341919 0.775972 0.129299 
4.116940 1.071745 0.511659 0.379434 -0.144946 -0.101503 -0.629511 -0.736621 0.195722 0.311461 0.510539 0.129081 
6.611660 0.773262 -0.071792 -0.673037 0.216857 0.239633 0.025255 -0.551761 -0.207237 0.382536 0.506309 0.202018 
6.128309 0.995241 -0.209744 -0.790474 0.062219 0.360013 -0.495509 -0.634633 0.024286 0.517546 0.487334 0.147394 
4.772369 2.023627 0.469902 -0.883466 -0.453787 -0.165874 -0.465490 -0.957572 0.062104 0.253505 0.323364 0.123585 
4.006911 2.057450 0.321256 -0.889587 -0.591010 -0.758394 0.480777 0.279384 0.165955 0.187892 0.151932 0.064500 
4.052327 2.319923 0.837377 -1.074783 -0.299072 -1.214994 0.352872 -0.527140 0.949479 -0.204018 -0.005769 0.032373 
-1.#IND00 -1.#IND00 -1.#IND00 -1.#IND00 -1.#IND00 -1.#IND00 -1.#IND00 -1.#IND00 -1.#IND00 -1.#IND00 -1.#IND00 -1.#IND00 
-1.#IND00 -1.#IND00 -1.#IND00 -1.#IND00 -1.#IND00 -1.#IND00 -1.#IND00 -1.#IND00 -1.#IND00 -1.#IND00 -1.#IND00 -1.#IND00 
