3.144194 0.288081 1.090143 -0.735671 0.608327 0.662016 1.579041 1.169380 0.674496 0.295070 -0.007383 -0.028366 
2.988051 -0.009364 0.188861 -0.709833 1.660688 0.947335 0.584420 0.703997 0.257471 0.339823 0.330944 -0.002741 
2.960323 0.087152 0.076810 -0.614117 1.607430 0.962684 0.675197 1.348195 0.101313 0.124204 0.066110 -0.059050 
3.485699 0.302885 0.937584 -0.222815 1.195272 1.105882 1.487733 1.275139 0.219725 0.179599 0.262211 0.009063 
3.425308 0.661475 -0.153176 0.053879 1.771457 1.001378 0.887845 0.758382 0.065856 0.295813 -0.030633 -0.021161 
3.206637 0.220596 1.312765 -0.551746 1.876571 0.504653 0.969107 0.828059 0.061873 0.521505 0.038348 -0.017872 
3.257987 0.226804 0.254632 -0.988110 0.768848 0.426933 0.491407 0.956558 0.120343 0.188066 0.068492 -0.049346 
2.036573 -1.998549 0.062263 -0.031754 2.020907 -0.253736 0.124574 0.936831 1.456714 0.339077 0.148245 -0.075068 
0.540445 -1.125500 -0.892256 0.312199 4.172621 0.876208 -1.877114 -0.867197 0.611137 0.435842 0.107138 -0.044960 
0.212483 -1.311302 -0.590228 0.720305 1.390735 -0.095387 -1.401509 -0.981748 0.228675 0.784155 0.101227 -0.167471 
-0.122482 -1.770442 -1.147569 -0.729061 3.151807 0.784479 -1.116633 -0.767063 -0.471499 0.433787 -0.227677 0.081060 
-0.297531 -1.793509 -0.330240 -0.640963 2.743262 -0.613637 -0.530555 0.098190 -0.560221 0.885262 0.158783 -0.011139 
0.023121 -0.634128 -0.575373 -0.399323 2.225600 1.282777 -0.678400 -0.363255 -0.698820 1.406336 0.175095 -0.060661 
0.140143 -1.729512 -0.693918 -1.140721 2.972025 1.371843 -0.150584 0.324364 -0.214664 1.032146 0.427231 -0.058793 
0.167754 -1.109045 -0.486954 -0.709996 3.410088 1.416698 0.227501 0.842369 -0.147884 0.938700 0.321519 -0.056860 
0.310143 -0.548905 -0.039705 -0.549234 3.105451 1.660703 0.443148 0.629626 -0.157878 0.547306 0.025340 0.001890 
0.732921 -0.211606 -0.325712 -1.583376 -0.580647 2.289519 0.737626 0.689200 0.893015 -0.491392 0.043435 -0.055453 
0.785206 1.402352 1.038023 1.016177 1.549697 1.815139 1.316101 0.552162 0.191522 0.100005 -0.020769 -0.012531 
0.647898 1.890772 1.669274 1.732408 0.853575 -0.270253 0.441089 0.597184 0.227714 0.010990 0.070452 -0.041926 
1.030971 1.683506 0.999278 1.940934 1.075176 1.005717 0.640171 -0.397598 -0.602535 -0.404572 -0.200562 -0.008128 
1.159370 1.458885 1.897997 1.427501 0.640405 0.423082 0.195135 -0.101900 -0.965623 -0.800363 0.043392 -0.130128 
0.545268 1.689921 1.692658 1.415035 0.690703 -0.113561 -0.055114 -0.666511 -0.660471 -0.700116 -0.272764 -0.075007 
1.133026 1.152542 1.429697 0.875040 0.331563 0.290593 -0.105712 -0.168106 -0.802923 -0.764998 -0.332067 -0.060980 
0.605463 1.636096 1.516825 1.146051 0.351790 -0.067084 -0.780418 -0.528668 -0.794393 -0.324930 -0.501442 -0.082890 
0.428948 1.828551 1.519055 0.933460 0.321186 -0.476199 -0.828584 -0.250239 -0.843492 -0.813075 -0.305873 -0.102725 
0.830214 1.040163 1.336086 1.256980 0.410825 -0.321803 -1.181572 -0.593674 -0.763857 -0.511294 -0.454997 -0.111367 
0.781530 1.204317 1.161237 1.274830 0.889734 0.160352 -0.573535 -1.246571 -1.129665 -0.315231 -0.319887 -0.115631 
1.079337 1.646759 1.002416 1.884691 0.124233 0.168962 0.129831 -0.491446 -0.734579 -0.261481 -0.288764 -0.089321 
3.135329 0.473955 1.564063 1.287025 0.269372 0.496923 1.016172 -0.375822 -0.170487 -0.212445 0.040324 0.027731 
4.127265 0.198937 1.511659 -0.057611 1.241892 -0.157440 -0.288974 -0.224720 0.072099 -0.052925 -0.206612 -0.017463 
3.523319 0.261972 1.676257 0.960373 0.470971 -0.054426 0.698341 -0.618079 -0.366250 -0.240136 -0.253503 -0.054312 
3.795895 0.681958 1.013204 1.033157 0.462636 0.484360 0.558840 -0.557782 -0.029140 0.497856 -0.138445 -0.068909 
3.802831 2.453208 1.161914 0.388161 0.699427 0.870849 -0.250463 -0.740913 -0.220939 -0.097888 -0.311301 -0.068245 
5.281141 3.049604 1.099528 0.355579 0.341230 0.687124 0.352999 0.150051 -0.362390 -0.493834 -0.228643 -0.044343 
5.111349 3.308596 1.368552 0.538657 0.346048 0.241109 0.235722 0.128634 -0.116585 -0.083432 -0.205276 -0.076999 
4.637777 3.239111 2.574320 0.953355 -0.334642 -0.679735 -0.892508 -0.385546 -0.455187 -0.323224 -0.125478 -0.042694 
4.070355 2.700671 2.070306 1.024079 0.500567 0.466187 0.546260 -0.089499 -0.343333 -0.033828 0.092461 0.026989 
3.573607 1.661994 1.778112 0.709427 1.197343 1.268975 0.475965 0.234842 -0.015555 -0.087308 0.124249 0.044359 
3.495624 0.833379 1.097172 -0.795066 0.836623 1.122068 1.273540 1.420871 0.410945 0.032767 0.053460 -0.043340 
3.311207 0.809740 1.278037 -0.168089 1.766761 0.822085 0.508605 1.132534 0.254664 -0.038913 0.130379 -0.016106 
3.327041 0.890842 1.066529 -0.214948 0.843805 0.587206 0.063431 0.811960 0.499141 -0.214786 0.114685 0.007637 
3.651907 1.142580 1.096487 0.092936 1.405806 1.465381 1.363409 1.196934 0.450975 0.335661 0.217438 0.002664 
2.999125 0.658074 0.834252 0.073471 1.374193 1.370486 0.999431 0.420522 0.073664 0.071406 0.084148 -0.029516 
3.749303 0.585278 1.318924 -0.185727 0.914926 1.060588 0.814490 1.004043 0.577840 0.140433 0.051584 -0.000811 
3.214208 0.735648 1.217188 0.591199 2.098337 1.735863 1.005479 0.603484 0.132698 0.450112 0.098997 -0.043739 
3.004292 1.258543 1.159524 -0.075414 1.189709 1.161664 1.564906 0.604608 0.242269 0.466214 0.074579 -0.049345 
3.444264 0.605846 1.539257 -0.494965 1.679091 0.797277 0.473412 0.841425 0.391747 0.137849 0.335152 0.024500 
3.400637 0.711576 0.547159 -0.866640 1.451645 1.395911 0.822505 1.236726 0.243757 0.108188 0.088094 -0.022724 
-1.#IND00 -1.#IND00 -1.#IND00 -1.#IND00 -1.#IND00 -1.#IND00 -1.#IND00 -1.#IND00 -1.#IND00 -1.#IND00 -1.#IND00 -1.#IND00 
-1.#IND00 -1.#IND00 -1.#IND00 -1.#IND00 -1.#IND00 -1.#IND00 -1.#IND00 -1.#IND00 -1.#IND00 -1.#IND00 -1.#IND00 -1.#IND00 
