3.134455 1.858580 0.893441 -0.556599 0.702832 -0.634399 0.250553 -0.444976 0.295619 -0.269036 0.268232 0.059487 
1.444212 1.120160 1.094283 -1.926578 -0.325180 -0.008701 -0.639873 0.109294 0.485001 0.099212 0.223268 0.193683 
-0.597321 -0.385922 4.500520 -0.330331 -0.570472 1.447094 0.212653 -0.028173 1.387295 0.340915 -0.057954 0.061590 
-0.957961 -1.143166 3.090365 -0.184958 -0.362064 0.498850 -0.470037 0.177832 0.835272 0.357278 0.024405 -0.006460 
-0.725288 -1.087898 2.265815 -0.563474 -0.772091 0.499044 0.104225 -0.237931 0.659583 -0.058509 -0.457112 0.012792 
-1.046699 -0.878635 2.236778 0.232043 0.003870 0.944902 0.767751 -0.246692 0.775314 0.033818 -0.094186 0.117071 
-1.013507 -0.248676 3.751561 0.305946 -0.066498 0.414866 -0.092610 0.197555 0.629695 0.537458 -0.086423 0.099611 
-0.068056 -0.090841 4.232746 0.424866 0.135709 -0.057909 0.666320 -0.147617 0.586442 -0.057655 0.233911 0.049805 
0.249341 1.510900 2.665545 0.528153 0.079296 -0.944632 -0.174704 0.763114 0.885579 -0.157519 0.322099 0.039012 
1.735885 1.637572 3.073217 -0.549454 -0.140347 -0.455087 0.358041 -0.491759 0.198312 -0.029866 0.201721 0.076130 
2.275710 1.992939 2.650497 -0.940480 -0.194743 0.642775 -0.057707 -1.057041 0.257458 -0.111481 0.269265 0.047988 
0.522018 0.773821 4.250628 -1.509456 0.078170 0.915897 -0.430203 -0.090781 0.182246 0.028828 0.065316 0.078008 
0.814525 1.546319 2.589777 0.006436 -0.801105 -0.480587 -1.496448 0.490982 0.548835 0.121813 0.284168 0.147664 
1.343167 1.023207 1.648950 1.204478 1.244486 -0.018413 -0.115478 0.072929 -0.200124 -0.309232 0.053536 -0.048158 
1.190349 2.069368 1.249921 0.496646 2.039497 -0.135029 0.627668 -0.631842 -0.484249 -0.542501 -0.004203 -0.015252 
1.378585 0.787298 1.375551 1.344334 1.161296 0.885075 0.519241 -0.096614 -0.111480 0.026389 -0.098331 -0.094609 
0.961100 1.276308 1.697841 0.985058 1.904022 0.053250 0.156479 0.749830 0.196295 -0.363227 0.094143 -0.141700 
1.266033 0.727568 1.429561 2.108505 1.018826 1.148254 1.276475 -0.081806 0.067955 0.013202 -0.105592 -0.040558 
2.696719 0.463957 2.778480 0.891823 1.379612 0.220723 0.503438 1.445300 -0.132125 -0.357694 0.182568 -0.009502 
3.475393 2.497006 1.493536 0.797217 0.546745 0.059196 -0.374492 0.052116 0.517961 0.406525 0.113802 -0.005464 
5.004122 2.664922 1.887713 0.992885 0.675177 -0.479907 -0.295262 -0.188028 0.202937 -0.423461 -0.045868 0.031472 
4.980822 3.431264 2.446645 1.446175 0.449998 -0.441869 0.182125 0.151370 -0.149426 -0.180031 -0.035445 -0.010240 
3.972583 2.421552 1.634509 0.629572 0.397941 -0.061640 0.477956 -0.163347 -0.251528 -0.436655 -0.108311 -0.055219 
3.951535 2.487672 1.994704 0.716484 0.791246 -0.248984 0.513443 -0.234174 0.234285 0.021649 -0.046345 0.009549 
3.918974 1.670214 0.960498 0.141774 0.831759 -0.316050 0.035326 0.489869 0.231412 0.175867 -0.010003 0.002246 
3.561809 1.655849 1.712127 0.130818 0.411889 -1.024841 0.021970 -0.042506 0.289542 -0.352469 0.303561 0.101371 
-1.#IND00 -1.#IND00 -1.#IND00 -1.#IND00 -1.#IND00 -1.#IND00 -1.#IND00 -1.#IND00 -1.#IND00 -1.#IND00 -1.#IND00 -1.#IND00 
-1.#IND00 -1.#IND00 -1.#IND00 -1.#IND00 -1.#IND00 -1.#IND00 -1.#IND00 -1.#IND00 -1.#IND00 -1.#IND00 -1.#IND00 -1.#IND00 
