3.314669 0.439523 0.712236 -0.155157 1.636928 1.102073 1.112704 0.538432 0.313023 0.406892 0.002381 -0.019636 
3.126615 0.424279 0.887417 -0.641147 0.917297 0.776242 1.337416 0.761060 0.076641 0.141766 -0.088153 -0.014229 
3.125105 0.814682 0.560892 -0.231272 2.340904 1.249596 1.224307 1.537381 0.189231 0.032447 0.206137 0.003299 
3.140429 0.897930 0.796598 -0.605362 1.751046 1.044547 0.715515 0.704301 -0.084332 0.462022 0.316300 0.025196 
3.319102 0.075832 0.982830 -0.097995 1.598413 1.635856 0.915658 0.662533 0.176705 0.322787 0.178868 0.010810 
3.292685 0.172181 1.157714 -0.720085 0.421935 0.569069 0.413480 0.530443 -0.085337 0.451479 0.221596 0.007575 
2.939077 0.390243 0.981250 -0.408232 1.213673 1.155907 0.692948 0.959879 0.395550 0.297558 0.124654 -0.025638 
3.002735 0.689096 0.946563 -0.043897 1.517970 0.359634 0.735042 0.388597 -0.047192 0.248794 0.052277 0.043724 
3.253548 0.574069 1.944879 -0.114708 1.171967 1.435125 1.365222 1.610839 0.894496 0.241759 0.131426 -0.012644 
3.067052 0.535208 1.252396 -0.224190 1.293577 1.412189 0.768654 1.196581 0.407342 0.249797 0.102483 -0.024653 
0.607689 -0.351141 -0.922298 3.168419 2.277079 -0.792856 0.280674 -0.357413 0.697937 0.584397 -0.156774 0.018801 
0.043686 -1.326341 -0.082968 2.301397 2.672028 -1.254755 0.171026 0.660209 1.578310 0.580156 0.083547 -0.053441 
0.369668 -1.508313 -0.314826 1.394475 1.403603 -0.730064 -1.864546 0.184859 0.627999 0.428213 0.005022 -0.165137 
0.155659 -1.523313 -1.577037 0.617786 2.081959 -0.589074 -1.380953 -0.481550 0.857348 -0.045750 -0.137601 -0.106195 
-0.220514 -1.383538 -0.122807 0.527014 2.359867 -1.091859 -0.386463 0.412109 0.345251 0.650686 -0.227739 -0.127853 
-0.133547 -1.299232 -0.322559 0.759537 1.217442 -0.880497 -1.845097 -0.610115 0.157533 0.604703 -0.043037 -0.165186 
-0.304253 -2.312028 -0.010288 -0.190989 1.126690 0.239093 -0.808873 0.477827 0.587923 0.255676 0.122468 -0.083598 
0.172684 -2.047107 -0.790465 -0.657373 1.849194 0.835060 -0.679472 -0.877789 0.434818 0.490592 -0.128955 -0.000747 
0.336302 -1.476113 -0.446954 1.012292 2.716925 1.699680 -0.277320 0.216802 0.977581 0.015887 0.164827 0.063787 
0.126165 -2.859934 0.606740 0.275392 3.450218 2.421625 -0.602172 0.107661 -0.067975 0.375723 0.117344 0.009864 
2.143740 -2.813727 1.836464 -0.764624 3.226220 1.931156 0.334820 0.201851 -0.483172 0.146719 0.058324 0.000766 
2.672316 -2.236967 1.943746 -0.129377 2.592619 1.698384 -0.876430 0.181057 0.831210 0.653329 0.018134 -0.110546 
1.559541 1.127588 0.237486 -0.252975 -0.360001 -0.679132 -0.504354 1.643474 0.413423 0.509991 0.246308 -0.001884 
1.533967 1.199012 0.869016 0.802546 0.291733 0.197682 -0.254841 -0.509853 -0.081888 -0.002871 -0.013017 -0.056713 
1.026181 0.918202 1.138546 1.373294 0.310204 -0.122043 -0.390663 -0.570233 -0.938018 -0.594928 0.163382 -0.159688 
1.515381 0.940404 0.840703 0.821665 0.896780 -0.562350 -0.305620 -0.854698 -0.434349 -0.539040 -0.431129 -0.073676 
1.011199 0.646974 1.170635 0.892614 0.868945 -0.357974 -0.582759 -0.954430 -0.475209 -0.700333 -0.261739 -0.121059 
0.945380 1.720114 0.963392 1.009811 1.694034 -0.005244 -0.836438 -1.068325 -1.023053 -0.275950 -0.284503 -0.077434 
1.120686 1.335061 1.582207 1.205882 0.643265 -0.013524 -0.700397 -1.047677 -0.702302 -0.433954 -0.440873 -0.006408 
1.257430 1.753246 0.456751 0.971253 1.310628 -0.280449 -0.568283 -0.524955 -0.641396 -0.417947 -0.400882 -0.074785 
2.528814 1.408133 2.431402 1.509200 -0.756790 0.557240 -0.208517 -0.561785 0.126405 -0.559244 -0.088018 0.026031 
5.177121 -0.772926 1.924645 -0.106842 0.942317 1.508706 0.509071 -0.677387 -0.706671 0.015453 -0.211912 -0.132441 
4.501297 1.970405 0.858223 1.248369 0.887650 0.166573 -0.176327 -0.555371 -0.627465 -0.141934 -0.038528 -0.005859 
3.986677 2.435958 1.035084 0.722110 1.002938 0.883722 0.200609 -0.104566 0.123728 0.031459 -0.239703 -0.056516 
3.378162 2.651826 1.702331 0.948181 0.617127 0.665147 0.969558 1.079654 0.611363 0.069379 -0.143874 -0.017476 
6.409222 4.045835 2.205607 1.513395 0.557089 0.244840 0.720214 0.631754 -0.423900 0.004617 -0.019823 0.005363 
5.834558 3.924781 2.444813 1.175114 -0.800076 -0.403140 0.192663 0.990545 -0.020510 -0.067926 -0.023520 -0.023388 
4.713789 2.952808 2.593601 0.542420 0.410999 -0.539881 -1.137041 -0.453641 -0.167572 -0.082805 -0.274191 -0.095921 
3.349982 1.822292 1.444542 0.271637 0.961049 0.992987 -0.401476 -0.282736 0.020723 -0.439781 -0.004593 0.008355 
3.518420 1.634505 1.559760 1.166994 1.683350 1.053976 0.866394 0.539597 0.018014 -0.096161 -0.040096 0.014327 
3.305386 1.575213 1.182065 0.404756 1.217305 0.780977 0.676883 0.416240 0.074318 0.147165 -0.104951 -0.031736 
3.724835 1.223288 1.564393 -0.460412 1.462273 0.666596 0.384351 0.224871 -0.198727 -0.127425 -0.107338 -0.041522 
3.535190 0.685300 1.041808 -1.110613 0.770055 0.959394 0.047145 0.493440 -0.286271 -0.061877 -0.039235 -0.020925 
3.581691 0.888720 1.486501 -0.697692 1.151942 1.040792 0.637000 1.024731 0.141751 0.424387 0.140243 -0.028262 
3.403096 0.802581 1.057459 0.043201 1.468258 0.785093 1.330436 1.327631 0.170428 0.454872 0.162901 -0.022927 
3.317379 0.646468 0.631336 0.006823 0.841669 0.810775 0.665335 1.094088 -0.106027 -0.029531 0.236292 -0.005426 
3.204769 0.497493 1.022155 -0.955277 1.215092 1.580027 1.084161 0.501321 0.203112 0.087009 -0.114089 -0.043689 
3.462170 1.096657 1.084521 -0.809074 0.458948 1.659270 1.070056 0.216582 0.379504 0.665399 0.187896 -0.003533 
-1.#IND00 -1.#IND00 -1.#IND00 -1.#IND00 -1.#IND00 -1.#IND00 -1.#IND00 -1.#IND00 -1.#IND00 -1.#IND00 -1.#IND00 -1.#IND00 
-1.#IND00 -1.#IND00 -1.#IND00 -1.#IND00 -1.#IND00 -1.#IND00 -1.#IND00 -1.#IND00 -1.#IND00 -1.#IND00 -1.#IND00 -1.#IND00 
