3.361790 0.809783 1.328966 -0.601907 0.811584 0.841205 0.961069 0.959209 0.582253 0.297436 0.132732 0.025182 
3.201130 0.213330 1.262705 -0.209185 0.789593 0.942060 0.634180 0.731235 0.532717 0.049806 0.168797 0.066648 
2.934274 0.455930 0.771705 -1.335831 0.681232 0.402686 0.061677 -0.139926 0.152172 0.160678 -0.000071 0.046165 
3.667522 0.213519 0.619093 -1.239547 1.712220 0.243004 0.671372 0.984075 0.424473 0.088404 -0.033739 0.026513 
3.470745 1.219872 1.110423 1.040623 1.340341 0.649037 0.867152 1.284029 0.462752 0.677316 0.136287 -0.006713 
3.179086 0.914695 1.198877 0.372481 1.577671 1.086214 0.533711 0.743646 0.562322 0.308752 0.351830 0.034908 
3.519662 0.600190 1.072748 -0.049384 1.113005 0.581251 0.337747 1.151702 0.561527 0.294994 0.110892 -0.021767 
3.474681 0.891980 1.122173 -0.209856 0.976931 0.467396 1.148800 0.404534 -0.168752 0.153789 0.179482 0.016753 
3.694915 1.021086 1.482693 0.514860 2.051300 0.911389 0.890048 1.652635 0.635046 0.433688 0.106649 -0.018266 
0.688446 -0.602365 0.234172 3.205582 5.656634 0.393362 1.141664 -0.513880 1.611007 0.711884 -0.049058 -0.020489 
0.545191 -0.339723 -0.087813 1.962186 2.664444 0.222259 -0.512993 0.235245 0.825480 0.738593 0.029593 -0.198918 
0.588050 -0.655260 -0.061687 1.660021 2.953819 0.956236 0.066416 0.115638 0.453154 0.656206 -0.066258 -0.019931 
0.584722 -1.137493 -0.006323 1.228267 3.031496 0.609710 -0.767844 0.098387 0.029204 0.633481 0.382293 0.012511 
0.121144 -1.108197 -0.688601 0.338540 2.078482 0.278694 -0.478104 -0.705706 0.697152 1.046015 0.101780 -0.124803 
-0.202696 -0.627358 -1.250165 0.313518 2.482481 -0.289876 -0.484196 -0.455713 -0.383754 0.537289 -0.203398 -0.244196 
0.221237 -1.267527 0.020839 0.088450 2.760005 -0.250424 -0.438535 0.291486 -0.000994 0.897918 0.264818 -0.073831 
0.333998 -0.987204 0.863313 0.212693 5.226388 0.792865 -0.619016 0.628581 0.292148 0.692480 0.090081 -0.088246 
0.851121 -0.670077 0.867145 1.828026 5.038170 1.634735 0.463273 0.672547 0.503878 0.989831 0.117648 -0.046539 
1.666291 -0.191786 1.919001 2.387309 6.572708 1.036101 0.073641 0.086065 0.759047 0.873817 -0.025773 0.060112 
1.427037 0.391623 0.313107 -0.592633 -0.920402 0.871719 -0.550419 -0.280889 0.592447 0.617885 0.275389 0.131872 
1.412442 1.424381 1.137324 0.072395 2.169413 1.265499 0.202243 0.138417 0.188962 0.152416 0.275724 -0.054678 
1.083255 1.243863 2.160548 0.746720 1.503463 0.377860 0.304332 0.008359 0.012234 -0.310940 -0.002613 -0.022722 
1.037470 1.100182 1.938907 2.235869 1.462689 0.389166 -0.152691 -0.506037 -0.497807 -0.168610 -0.220124 -0.052810 
1.205347 0.929560 0.849510 1.192493 0.755764 0.866058 -0.251512 -0.398113 -1.549592 -0.381836 -0.209776 -0.085183 
0.945269 1.399398 0.628087 0.891314 0.566216 -0.139150 -0.393786 0.081891 -0.558282 -0.491905 -0.451150 -0.097433 
0.984356 1.295488 1.058191 1.173515 0.655944 -0.323516 -0.444870 -0.144188 -0.737890 -0.788929 -0.362677 -0.055189 
1.277267 1.537569 1.446520 0.579989 1.254553 0.489850 -0.001124 -0.344143 -1.085148 -0.655262 -0.303766 -0.038774 
1.841719 1.606821 1.192417 0.580438 1.372322 -0.708902 0.793768 0.140617 -0.013491 0.202279 -0.013706 0.023013 
2.863524 0.841478 0.786748 1.002268 1.038886 1.588050 -0.220139 -0.041427 -0.019184 -0.050723 -0.183431 0.011638 
5.206805 -1.158343 2.295467 -0.387345 0.678390 0.547649 1.046265 -0.252179 -0.165714 0.365016 -0.193099 -0.013574 
3.897083 0.013933 1.241091 0.283068 1.291324 0.951140 -0.591737 -0.258965 0.068802 -1.002709 -0.184379 0.045776 
4.830234 2.348471 0.692166 0.899605 1.053416 0.721041 0.412916 0.083940 -0.169170 -0.190030 -0.135719 -0.024752 
7.734571 2.139568 0.616267 1.852656 1.630549 1.574024 0.548193 -0.381181 0.000875 0.036263 -0.051974 -0.036843 
3.746044 2.488139 2.108303 1.007438 0.916756 0.520778 -0.004292 0.142810 -0.239621 -0.195618 -0.071139 -0.002814 
5.476116 3.783563 3.411733 1.907357 2.151354 1.092154 0.063939 0.141721 -0.259697 -0.462266 0.007850 0.014571 
4.564098 3.137947 2.944142 1.659359 1.289248 1.565763 0.951649 -0.258015 -0.486294 -0.058050 -0.109004 -0.031217 
3.510689 2.344728 1.947652 0.727943 1.710965 1.428603 0.575141 0.551291 -0.047733 0.200110 0.123822 0.013874 
3.468455 1.870577 1.761708 0.844048 1.626238 1.486541 1.510085 0.653261 -0.123349 0.067192 0.029759 0.021088 
3.712322 0.980028 1.305741 -0.239162 1.842230 0.598556 0.671967 0.976928 0.169570 0.053994 -0.052924 -0.020205 
3.414317 1.094911 1.740246 -0.165408 1.444575 1.120233 1.271892 0.839895 0.151141 -0.421913 0.265194 0.087839 
3.343156 0.370515 0.834385 -0.022220 1.842663 1.010014 0.117474 0.972478 0.419143 -0.293761 0.173116 0.015114 
3.720690 0.358507 2.088174 0.177030 1.601769 1.249994 0.744886 0.639036 -0.171857 0.108690 0.219239 0.003568 
3.487385 0.171290 1.105968 -0.324455 1.156362 1.255743 0.587898 0.871853 0.393712 0.654225 0.190641 -0.030851 
3.394937 0.450186 0.843048 -0.149582 1.041813 0.691780 0.938365 0.946827 0.636764 0.038329 -0.118955 -0.047173 
3.286487 0.410456 0.997562 -0.772297 1.221504 1.291149 0.755452 0.163364 0.415390 0.380861 0.015263 -0.035796 
3.362628 0.658541 1.104102 -0.716629 1.641071 1.099393 0.641677 0.730091 0.461549 0.156296 0.094616 -0.030246 
3.173576 0.070192 0.739155 -0.904584 0.318743 0.045993 0.884356 0.572722 0.392258 0.465504 0.044073 -0.031609 
3.058870 0.614869 1.148824 -1.697917 1.379635 1.072283 0.515583 0.372191 0.435168 0.518005 -0.088429 -0.042531 
-1.#IND00 -1.#IND00 -1.#IND00 -1.#IND00 -1.#IND00 -1.#IND00 -1.#IND00 -1.#IND00 -1.#IND00 -1.#IND00 -1.#IND00 -1.#IND00 
-1.#IND00 -1.#IND00 -1.#IND00 -1.#IND00 -1.#IND00 -1.#IND00 -1.#IND00 -1.#IND00 -1.#IND00 -1.#IND00 -1.#IND00 -1.#IND00 
