2.584193 2.104724 1.280378 0.518678 -0.340911 0.808331 0.209416 -0.069285 0.720837 -0.162464 0.101124 0.025860 
2.441169 3.190483 0.480902 -0.201986 1.085625 -1.044280 0.905886 -0.869407 0.884291 -0.302621 0.239542 0.019787 
3.578156 1.814238 1.276229 -0.612905 0.279897 -0.261735 0.178727 0.019931 0.152646 -0.055758 0.083659 0.018072 
-0.108678 0.012154 2.904514 -0.766124 -0.542685 -0.065939 -0.120474 -0.525948 0.623624 0.529684 0.611780 0.173530 
-0.748591 -0.437687 3.115297 -0.680314 -0.097938 -0.568466 -0.053335 0.349616 1.100009 0.517232 0.530266 0.100910 
-0.862169 -0.407135 2.508226 -1.183043 -0.352343 0.904031 0.382028 -0.376201 1.197361 0.207872 0.098731 0.034233 
-1.396248 -1.051552 1.518418 -0.512676 -0.021429 0.414945 0.426960 -0.645325 0.772954 -0.270916 -0.170074 -0.066583 
-1.406718 -0.974542 1.165118 -1.403762 -0.759814 0.173558 0.555362 -0.718939 0.837324 0.113683 -0.129592 -0.047843 
-1.243699 -0.242830 2.488196 -0.860164 0.343915 0.429778 0.640505 -0.495227 0.323447 0.031857 0.167736 -0.117753 
-0.854071 0.226478 2.074979 -0.436273 0.469697 0.005579 0.596244 -0.105317 1.769983 0.310123 0.435269 -0.036348 
-0.325802 0.929738 2.856634 -0.014869 0.863053 -0.403757 0.365571 -0.312880 1.119146 0.261425 -0.025362 0.027297 
1.293174 1.746123 2.983251 0.183148 0.739587 -0.385919 -0.272309 0.140566 0.976427 -0.379612 0.127649 0.029368 
-0.409439 -0.094950 2.509672 -0.021261 -0.214008 0.395119 0.853076 -0.499092 0.753234 0.411375 0.069740 0.066423 
1.360556 0.856853 0.170066 2.053426 2.025498 1.138739 1.259243 -0.254844 0.114904 0.004895 0.106642 0.012594 
1.095538 1.361975 2.025446 0.917026 0.701229 0.463518 -0.597021 -0.041962 -0.153732 0.190145 -0.118854 -0.044601 
1.384502 1.148008 2.320538 1.395960 0.789744 0.123427 -0.102346 -0.330819 -0.310698 -0.044896 -0.062547 -0.050878 
0.872773 1.398304 1.877541 2.224623 1.878707 -0.145170 0.447349 0.123901 -0.479195 -0.100897 -0.140419 0.016029 
1.464626 0.306153 1.406362 2.117684 2.107955 0.717609 0.098981 -0.044505 -0.068629 -0.276133 0.025872 -0.016354 
1.524436 1.085583 1.915802 0.719243 1.604941 1.249911 -0.457986 0.081705 0.553460 -0.257046 0.259999 -0.031620 
4.494262 3.243215 2.309245 1.843288 0.993043 0.455995 0.384245 0.451127 0.274970 0.062637 -0.001949 -0.004023 
3.404463 2.568675 1.842786 1.311298 1.017487 0.126965 0.209789 0.122231 -0.057492 0.151760 0.098504 0.012538 
4.677106 3.627759 2.000575 0.725581 0.786189 -0.359185 0.333618 -0.541993 0.202227 -0.220019 -0.034944 -0.002564 
4.273812 2.217835 1.594268 1.097319 0.596244 -0.224058 0.240817 -0.346142 0.169401 -0.059281 -0.111141 -0.044274 
3.956473 1.965327 1.175043 0.329362 0.564446 -0.188798 0.656874 0.182929 0.457018 0.009901 -0.129258 -0.019933 
3.662216 1.899651 0.887082 -0.152571 0.247336 0.134808 0.816434 -0.445339 0.618449 0.132163 0.171490 0.030294 
3.882731 2.161869 1.046790 -0.030355 0.310723 -0.499655 0.180525 0.056086 0.520271 0.139664 0.115196 0.047165 
-1.#IND00 -1.#IND00 -1.#IND00 -1.#IND00 -1.#IND00 -1.#IND00 -1.#IND00 -1.#IND00 -1.#IND00 -1.#IND00 -1.#IND00 -1.#IND00 
-1.#IND00 -1.#IND00 -1.#IND00 -1.#IND00 -1.#IND00 -1.#IND00 -1.#IND00 -1.#IND00 -1.#IND00 -1.#IND00 -1.#IND00 -1.#IND00 
