4.094329 1.242377 -0.081532 0.483124 1.582030 0.819472 -0.091181 -0.896096 0.230322 -0.200123 0.222888 0.015608 
3.935307 0.890606 0.161677 0.611971 1.897575 0.349696 -0.062490 -0.741342 0.035741 -0.070097 0.199275 0.045232 
2.641115 0.640205 1.284916 -0.379071 0.304295 -0.018871 0.011240 -0.139376 0.605593 -0.565142 0.196508 0.056400 
-0.362673 -0.432218 4.140201 0.070110 -0.420384 0.729987 1.237654 0.142059 0.494473 0.340769 0.068941 0.024618 
-0.334674 -1.471900 2.455211 0.295337 -1.903110 0.516147 0.273226 -1.000043 0.319578 0.315050 -0.123990 -0.045986 
-0.416630 -0.658662 1.791548 0.240477 -1.472806 1.480967 0.286102 -0.290857 0.526183 0.446804 -0.484995 -0.006079 
-0.781843 -1.184811 1.987486 -0.470895 -1.246778 0.681328 0.155820 -0.322675 0.566202 0.579198 -0.220359 -0.105554 
-1.201808 -0.569051 2.232307 -0.727910 -0.552932 0.629405 0.045375 -0.758936 -0.088982 0.342696 -0.093554 -0.035314 
-1.149393 -0.219623 3.060233 -0.470779 1.056252 1.136736 0.906673 -0.450752 0.969776 0.615638 0.041429 0.005361 
-0.687123 0.512947 2.034167 0.055518 2.233145 -0.112542 0.156250 0.825576 0.234005 0.387953 0.348200 -0.132089 
-0.315333 0.647183 3.843347 -0.678655 0.327931 -0.956861 -0.121660 -0.218986 0.207330 0.531307 0.075218 0.035312 
-0.353383 0.377318 4.754457 0.185109 -1.143243 0.843432 0.092915 -0.007074 0.589375 -0.045197 0.276552 0.064901 
-0.712773 1.104229 2.906961 -0.301776 0.136369 0.230183 -0.669894 -0.247845 0.367008 0.274152 -0.018016 -0.029625 
0.899643 1.440466 1.865200 1.260284 0.873070 0.433194 0.591128 0.383792 -0.655792 0.181915 0.009085 -0.064559 
1.197965 1.674560 1.712498 1.156754 1.424125 -0.157873 -0.033445 -0.505392 -0.092352 -0.455377 -0.094612 -0.012113 
1.184053 1.211863 1.131247 2.416926 1.253146 0.190219 -0.555846 -0.413476 -0.206423 -0.325347 -0.130863 -0.064047 
0.985381 1.789951 1.445033 1.609510 0.858331 0.531216 0.031678 0.032275 -0.533373 0.192234 0.002664 -0.101648 
1.082686 1.298842 2.181238 1.019432 0.454949 1.584858 0.548366 -0.052162 -0.192087 0.186381 -0.258353 -0.040276 
1.031535 2.390137 1.963277 0.621235 -0.417392 1.020070 1.478416 0.386177 0.289694 -0.684853 0.405637 -0.094700 
2.926841 2.223843 1.382520 0.947154 0.673444 0.066027 0.146144 0.009656 -0.051053 -0.061100 -0.057288 -0.018060 
4.412394 2.389365 1.887739 1.565063 0.969231 0.183804 0.171751 0.107342 -0.096551 -0.012092 -0.005132 -0.011301 
4.333115 1.554381 1.768665 1.461826 2.024711 -0.157996 0.018520 0.185548 -0.179232 -0.269909 -0.116831 -0.013801 
3.427080 1.272265 1.921378 0.788817 2.073367 0.474888 0.245972 -0.461419 0.394107 0.027334 -0.101710 0.000193 
4.156572 0.703804 1.099573 1.515950 1.119184 -0.660313 -0.489858 -0.262651 0.623854 -0.157958 -0.195191 -0.040793 
3.703463 0.388515 0.702741 0.744365 1.847025 -0.437856 -0.836913 -0.093202 0.734990 -0.314942 -0.113550 0.036021 
3.879537 0.744134 0.961083 1.762186 1.275465 -0.556424 1.065630 -0.108834 0.256261 -0.119846 -0.099239 -0.014548 
-1.#IND00 -1.#IND00 -1.#IND00 -1.#IND00 -1.#IND00 -1.#IND00 -1.#IND00 -1.#IND00 -1.#IND00 -1.#IND00 -1.#IND00 -1.#IND00 
-1.#IND00 -1.#IND00 -1.#IND00 -1.#IND00 -1.#IND00 -1.#IND00 -1.#IND00 -1.#IND00 -1.#IND00 -1.#IND00 -1.#IND00 -1.#IND00 
