3.291739 -0.018710 0.361929 -0.829132 1.598397 0.683064 0.859003 0.941341 0.458305 0.102481 0.193743 0.004160 
3.752243 0.190031 1.023872 -0.163599 1.160523 1.364560 0.355417 0.602586 0.199809 0.054330 0.116808 0.027341 
3.076476 0.390100 1.133346 -0.463140 1.802142 0.730778 0.935553 1.083726 0.300499 0.056667 -0.111637 -0.049810 
3.595066 0.457799 0.905491 -0.651979 1.604336 1.052845 0.931928 0.717524 0.244725 0.461586 0.196627 -0.029554 
3.234120 -0.042810 -0.038284 -0.717291 0.924083 1.117960 0.786415 0.900327 0.590143 0.065995 0.011134 -0.021457 
3.245711 0.335087 0.875182 -1.111794 1.392169 0.214825 0.334541 1.430143 0.311913 0.438021 0.131140 -0.061980 
3.370254 -0.065626 1.110665 -0.607198 1.371306 -0.010529 0.832482 0.510341 0.680982 0.151661 0.081104 0.041122 
3.401009 0.452661 1.066189 -0.346197 1.305294 0.932347 0.991867 0.485116 0.001778 0.460861 -0.054045 -0.033886 
3.291349 0.091838 0.711837 -0.514739 1.484118 0.549660 0.618652 0.686683 0.350808 0.198591 -0.021945 -0.025041 
3.253059 -0.969371 0.726831 0.707869 1.493168 -0.214247 0.168817 1.197263 0.305918 0.524838 0.168280 -0.117558 
0.100309 -0.839990 -0.282598 0.265393 3.016413 -0.040131 -0.400136 0.050803 2.155885 0.586781 -0.178389 -0.044821 
0.276244 -1.250869 -1.377219 0.201723 1.049657 -0.108100 -1.137020 -0.215688 0.520216 0.481858 -0.330336 -0.192604 
0.139480 -1.509360 -1.345303 0.757586 1.816230 0.054972 -1.218975 -0.522584 0.648393 0.523788 -0.394621 -0.049950 
0.213824 -1.492225 -0.962998 0.898489 2.253533 -0.649524 -1.776073 0.236066 0.453672 0.310677 -0.202067 0.022861 
-0.298047 -2.137148 -0.652470 0.370723 2.068732 -0.320154 -0.352371 0.024664 0.248220 0.545514 -0.184711 0.033109 
-0.297524 -1.661386 -0.486082 -0.198357 2.566383 -0.072903 -1.791212 -0.720048 0.416947 0.262151 0.074372 -0.035365 
-0.063268 -1.676978 0.419948 -0.982808 3.457250 -0.425669 -0.366985 -0.636604 -0.033305 -0.224786 0.172762 0.067428 
0.234876 -1.864847 0.190870 0.731709 3.701366 1.112120 -0.438958 0.499013 0.638830 0.347276 0.279871 0.003497 
0.348271 -1.895737 0.615665 0.766960 4.213692 1.127490 -0.116089 0.055335 0.217299 0.400728 -0.159644 0.067356 
3.181626 -0.076513 1.015724 -1.380904 0.886579 -0.891666 -1.153293 -0.039597 0.352250 0.024960 0.158315 0.064180 
1.072887 0.940618 1.453516 0.399953 1.697223 0.076736 -0.421812 1.490291 1.038270 0.067231 -0.289893 -0.081172 
0.964282 1.102831 1.197093 1.391312 1.961890 0.827529 1.202897 -0.093767 0.068540 -0.034298 0.034366 -0.070714 
1.264067 1.138615 0.976985 1.129512 1.125433 0.696246 0.535585 -0.782147 -0.389065 -0.334549 -0.080387 -0.098823 
0.955315 1.269536 1.383849 1.454884 0.518857 -0.396807 -0.445792 -1.802859 0.346829 -0.228926 -0.505922 -0.127368 
1.037514 1.405842 1.137480 0.882348 0.508570 -0.825424 -0.426487 -0.559041 -0.816367 -0.174171 -0.427246 -0.113478 
1.021552 1.152900 1.332287 0.857190 0.406432 -0.094408 -1.284732 -0.742877 -0.454500 -0.675311 -0.205178 -0.159156 
0.749637 1.281554 1.224654 0.985207 0.784543 -0.190619 -0.469404 -0.848577 -0.991504 -0.161304 -0.616601 -0.037436 
1.012386 1.277003 1.363263 1.464925 2.452202 0.084724 -0.339077 -0.622856 0.269440 -0.449073 -0.187898 -0.048783 
1.716698 1.072956 1.465721 1.609365 0.911185 0.351477 0.491558 -0.483950 0.227450 -0.285005 -0.165164 -0.031250 
2.199566 0.878145 1.099466 1.245824 1.732577 -0.413505 0.376891 -0.296262 -0.373041 0.108897 0.071429 0.013700 
3.270775 0.534964 1.213473 0.683127 1.194282 1.613512 -0.283616 0.160523 -0.345404 0.091617 -0.049617 0.004866 
4.752998 -0.012398 1.652967 0.159411 0.563227 0.621197 0.711198 0.248660 -0.462800 -0.326976 -0.017978 -0.004490 
4.922086 2.362501 0.751759 0.925240 0.945841 0.487037 0.044253 0.257083 0.394044 -0.084520 -0.226269 -0.080758 
3.913380 2.525100 1.061635 0.541748 0.590389 0.611893 0.583665 0.256506 -0.166249 -0.298332 -0.186733 -0.034698 
3.055201 1.961277 0.954666 0.595773 0.562772 0.371331 0.138067 0.060313 0.179241 0.300774 0.251299 0.034588 
3.084816 2.492756 1.992445 1.282983 0.719104 0.389415 0.047417 -0.058536 -0.024524 0.006077 -0.033150 0.019094 
2.598849 1.795579 1.436815 1.123978 0.878202 0.589561 0.428432 0.321199 0.156234 0.122159 0.080409 0.037791 
4.403592 1.807985 2.328053 0.348252 2.530473 1.847279 0.586299 0.923236 -0.018835 -0.216992 -0.083911 -0.028823 
3.896343 1.192059 1.272105 0.461091 1.374775 0.677091 0.821043 1.019224 0.183432 0.222903 0.000599 -0.001868 
3.714024 0.525062 1.245661 -0.871690 0.589273 0.784264 0.618017 0.292358 0.367805 0.345113 0.130290 0.032297 
3.603723 0.916736 0.581816 -0.433223 1.001265 0.450705 0.882082 0.234143 0.359644 0.155929 0.062229 0.029335 
3.395527 0.329789 1.217339 -0.835128 0.851304 1.204744 0.682181 0.699138 0.582926 0.021304 -0.052256 -0.016922 
3.196701 0.335156 0.941526 0.458516 1.222971 0.892244 0.114470 1.061561 0.322315 0.511536 0.244398 -0.016571 
3.240543 0.502487 0.713567 -1.113844 1.672715 0.721590 0.226182 0.622932 -0.057003 0.353098 0.191826 -0.004938 
3.514298 0.252569 1.326392 -1.033368 0.772576 0.428213 0.242903 1.008045 0.282911 0.193109 0.030448 -0.012810 
3.506197 0.084262 0.501879 -0.446367 0.915943 0.674101 1.079341 0.898813 0.341740 -0.057295 0.087374 0.057642 
3.260822 0.418357 0.930077 -0.499989 1.015332 0.542110 0.533121 0.869621 0.531405 0.291769 0.069221 0.001333 
3.410137 -0.046775 1.245764 -0.693389 0.988503 0.928189 0.823714 0.011207 0.132707 0.478293 0.130522 0.001763 
-1.#IND00 -1.#IND00 -1.#IND00 -1.#IND00 -1.#IND00 -1.#IND00 -1.#IND00 -1.#IND00 -1.#IND00 -1.#IND00 -1.#IND00 -1.#IND00 
-1.#IND00 -1.#IND00 -1.#IND00 -1.#IND00 -1.#IND00 -1.#IND00 -1.#IND00 -1.#IND00 -1.#IND00 -1.#IND00 -1.#IND00 -1.#IND00 
