4.930625 1.911542 0.588378 0.120067 0.591252 -0.319517 0.124690 -0.235180 0.638273 0.471709 -0.056163 -0.054934 
4.195249 2.421159 0.930841 0.384982 1.267326 -0.610483 -0.832944 -0.263642 0.870920 0.739653 0.045215 0.005928 
5.140253 2.412501 1.862352 0.065468 1.525497 -0.043635 -0.655179 0.096744 0.637241 0.515145 0.055723 -0.023188 
4.231469 2.489098 1.749723 0.179020 0.826358 0.255661 0.524947 0.333843 1.456506 0.404508 0.284417 0.076272 
4.259608 2.686320 1.851171 0.787783 0.336995 0.121110 0.348434 -0.198416 1.256149 0.983006 0.358242 0.096723 
0.508781 -0.317399 3.720210 1.927797 -0.308418 -0.955753 0.128510 -0.083037 -0.068455 0.603063 -0.153821 0.038459 
-0.520676 -1.664390 2.092590 0.644972 -0.060336 0.110268 0.825618 0.124206 0.300436 0.479095 -0.290904 -0.092929 
-0.538979 -1.162735 1.370189 0.373750 -1.066903 -1.339445 0.256827 -0.656243 -0.218258 -0.116851 0.094016 -0.057072 
-0.752856 -1.069834 1.136466 0.252334 -1.171985 -1.247811 -0.135579 -0.481815 0.690477 0.109991 0.154547 -0.135863 
-0.451409 -1.011584 1.415014 0.673286 -0.225673 0.523241 1.605010 -0.233316 0.950500 -0.013208 0.238748 -0.087289 
0.470928 -0.621313 0.703629 0.249507 -0.221172 0.878529 0.639494 -1.047010 0.422760 0.466820 0.319846 0.050694 
1.228155 -0.318802 1.128300 -0.138835 0.488847 0.332962 1.119632 -0.641249 0.014885 -0.266573 0.529657 0.057938 
0.119565 0.081304 1.681657 0.312844 -0.355164 -0.161497 0.569804 -0.233071 0.905098 0.194205 0.250547 0.068469 
1.595482 1.265639 2.606671 0.739855 0.833357 -0.104724 -0.186835 -0.305282 0.417727 0.272628 -0.622894 0.010235 
1.318617 1.692523 0.586520 1.900018 1.310019 -0.083819 -1.118386 -0.595763 -0.241054 -0.065729 -0.150356 -0.083792 
1.188102 1.208080 1.691273 0.711662 0.727021 0.476875 -0.103638 -0.623142 -0.703487 -0.061031 -0.436662 -0.056712 
1.395556 0.832436 0.967382 1.452590 1.188536 0.163007 0.671833 -0.724118 -0.384804 -0.150268 0.025484 -0.155789 
1.019188 1.037590 2.199405 2.080790 1.277283 0.500907 0.208407 -0.306254 0.343047 -0.208679 0.036336 -0.107377 
5.378555 3.070144 1.831637 0.930409 1.463762 0.115229 0.263084 0.561804 0.051354 0.403005 0.171618 0.044995 
4.248016 2.870622 1.988462 1.634389 1.064382 0.130802 -0.791802 -0.281087 -0.111990 -0.110646 0.016539 -0.005718 
3.150495 2.690280 2.045205 1.634375 0.598218 -0.072773 -0.625106 -0.646475 -0.125678 -0.106341 -0.051808 -0.033995 
4.332016 3.068113 2.074556 0.906869 0.683933 -0.444029 -0.051418 -0.491246 -0.128138 -0.197096 -0.131583 -0.044089 
3.824862 2.742297 1.586915 0.255162 0.815650 -0.248282 0.066715 -1.078218 -0.156940 -0.037636 -0.045987 -0.008203 
3.240394 2.005542 1.496260 -0.029775 0.719361 0.077817 0.106429 0.362713 0.758102 -0.150325 0.124157 0.013963 
2.963740 2.665529 0.924015 -0.865646 1.028062 0.023629 0.052897 -0.046608 0.679964 -0.277654 -0.002949 0.003480 
3.746424 2.007062 0.965679 0.081022 -0.364023 -0.228839 0.012015 -0.746891 0.588532 0.244571 0.069915 0.048129 
-1.#IND00 -1.#IND00 -1.#IND00 -1.#IND00 -1.#IND00 -1.#IND00 -1.#IND00 -1.#IND00 -1.#IND00 -1.#IND00 -1.#IND00 -1.#IND00 
-1.#IND00 -1.#IND00 -1.#IND00 -1.#IND00 -1.#IND00 -1.#IND00 -1.#IND00 -1.#IND00 -1.#IND00 -1.#IND00 -1.#IND00 -1.#IND00 
