3.377120 0.014372 0.738259 -0.596666 1.921128 1.384194 0.872585 1.251304 0.710424 0.113717 0.244653 0.000372 
3.042688 0.473502 1.604823 -0.351570 0.996118 1.329244 1.098862 1.156852 0.483959 -0.140115 0.157237 0.035777 
3.122233 0.271554 1.372690 -0.381336 0.557348 0.378987 0.912704 0.931451 0.210431 0.404123 0.029319 -0.033799 
3.208404 0.403186 0.641240 -0.554164 1.191301 0.856933 0.584094 1.001723 0.077926 0.052958 -0.028514 -0.018987 
3.226048 -0.017153 0.557637 -0.328166 0.616601 0.713374 0.617702 0.891061 0.356026 -0.003912 0.084598 -0.026352 
2.955856 -0.144063 1.030009 -1.518612 0.836507 0.560697 0.642406 0.408060 -0.040422 0.259090 -0.021955 -0.054522 
3.468033 0.970953 1.000448 -0.148164 1.120831 1.039553 1.074126 0.888514 0.819530 0.193297 0.013374 -0.026763 
3.385846 1.131047 2.128431 0.184649 2.438986 1.500408 0.957867 0.895435 0.655643 0.009868 0.086892 0.029321 
3.707597 1.126436 1.672663 0.749777 1.632393 2.256963 1.422139 1.061557 0.350549 0.410576 0.283964 0.030716 
3.888416 1.357629 1.342392 0.178791 1.364421 2.383599 1.258318 1.211759 0.319192 0.463286 0.145921 -0.005016 
3.195898 1.441680 1.326250 -0.278926 2.233388 2.274556 1.220312 1.248585 0.670863 0.544337 0.149685 -0.008007 
3.138845 1.572126 1.523768 0.669370 1.766805 1.475199 0.352687 0.835654 0.629866 0.428760 0.169465 -0.017017 
2.394367 1.979209 -2.054551 1.939998 6.370149 -0.156060 -0.414146 -0.194805 0.889142 0.839306 0.143492 -0.099542 
0.783084 -0.797601 -0.648790 1.314055 4.553024 -0.302391 -0.471552 0.287335 0.748641 0.878842 -0.055248 -0.089398 
0.248266 -0.859537 -0.733599 0.255833 1.362494 -0.203670 -1.378484 -0.025655 0.614631 0.945357 0.232563 -0.174111 
-0.113941 -0.995224 -0.876232 0.660560 2.030601 0.215993 -1.440272 -1.083812 0.318113 0.619073 -0.143537 -0.074510 
-0.176149 -1.216330 -0.595660 -0.258382 2.514946 0.098532 0.478454 -0.089209 0.189540 0.417591 0.239325 0.112196 
-0.040004 -1.337066 -0.691863 -0.561432 2.546871 -0.470568 -1.274976 -0.816004 -0.075204 0.866714 0.245133 0.067844 
1.320574 0.579704 0.604092 1.302061 2.596068 1.075673 -0.093073 -0.269836 0.071570 0.584777 0.350244 -0.012598 
2.191156 0.164135 1.708223 1.921564 1.926412 1.009409 0.752120 0.834265 -0.015267 -0.066077 0.002883 0.045707 
1.215340 -0.579404 0.346442 1.144015 0.802295 0.055882 0.176068 0.113146 -0.618525 0.355711 0.323844 0.070029 
0.907666 0.935828 1.777771 0.882108 2.177385 1.565130 -0.083453 0.245394 0.486106 -0.496011 0.121524 0.001517 
1.073703 1.815561 0.655324 2.225055 1.091867 0.501724 0.497888 0.701999 -0.242798 -0.243699 0.029075 -0.032394 
1.169737 1.039007 1.219166 1.398052 1.181555 0.602405 0.504477 -0.320986 -0.211289 -0.300873 -0.146857 -0.041210 
1.035490 1.501032 1.202497 1.473111 0.789654 0.029793 -0.244885 -0.326055 -0.439785 -0.396060 -0.314227 -0.030792 
1.072755 1.456484 1.481147 0.822487 0.339080 -0.395763 -0.183852 -1.010514 -0.576370 -0.262141 -0.268418 -0.114860 
1.456408 1.180772 0.880745 1.151521 0.117442 -0.159730 -0.385416 -1.129940 -0.202356 -0.161113 -0.360265 -0.127129 
1.329833 1.473950 1.138673 1.446060 1.190350 0.298038 -0.816974 -0.884799 -0.178712 -0.815280 -0.275920 -0.070844 
1.202440 1.010082 1.275463 1.861493 0.424976 0.359812 -0.677180 -0.693140 -0.393510 -0.344642 -0.330947 -0.117166 
1.562131 1.660675 1.032396 1.121630 0.700362 0.265830 0.480730 -0.770831 0.421437 -0.077424 -0.145593 0.004039 
3.172051 0.312220 1.077308 1.581152 0.687384 0.182293 0.615525 0.430594 -0.209314 -0.161883 0.070425 0.028733 
4.616289 1.336555 0.464732 1.477799 1.413368 0.584385 0.006587 0.189899 0.376098 -0.161289 -0.151816 -0.028290 
5.197708 -0.653934 2.469288 -0.203303 1.251313 0.400538 0.465658 0.456962 -0.042429 -0.291321 -0.196713 0.038337 
6.061554 2.093707 0.330537 1.424325 1.057347 0.482088 0.802166 0.155920 -0.227885 0.183966 0.121437 0.010619 
5.571666 1.725904 0.295167 0.306987 1.507473 1.741112 1.014062 0.422654 -0.783273 -0.048315 0.027736 0.013971 
3.998748 2.623180 2.129955 1.973656 1.781154 0.943328 -0.005146 -0.418539 -0.394761 -0.379511 0.013526 -0.014951 
3.712093 2.189158 2.360214 1.320816 2.122673 1.453869 0.545837 0.417504 0.119313 -0.015112 -0.046584 -0.010373 
4.547897 2.268194 2.384861 0.331271 1.824131 0.084852 -0.295566 0.370308 -0.321808 -0.107658 -0.284623 -0.111803 
3.849790 1.079445 2.276534 -0.393308 1.803235 0.954774 1.235327 0.854876 0.001376 0.221327 0.111149 0.016453 
3.440912 0.328888 1.137696 -0.285097 1.499683 0.503481 0.845149 0.162737 -0.002103 0.166425 0.005450 0.007300 
3.387447 0.837721 0.974197 -0.462483 1.996109 1.619985 0.986841 1.000615 0.569760 0.486188 0.129961 -0.018643 
3.401158 0.502428 0.913363 0.199233 1.406259 0.744152 0.338379 0.806132 0.420741 0.243040 0.341541 0.032435 
3.351875 0.196137 1.065425 -0.478945 1.044322 0.906579 1.279661 0.658380 0.888677 0.007164 -0.036729 0.030846 
3.305404 0.771135 1.297415 0.022190 1.384537 1.723163 1.839877 0.978744 0.814045 0.532975 0.254895 0.013980 
2.781461 0.482506 1.000815 -0.620273 0.685343 0.882656 1.027050 0.989090 0.143450 0.086159 0.022153 -0.059993 
3.137866 0.763037 1.045306 -0.061055 1.113252 0.137267 0.569633 1.053763 -0.048087 0.019134 0.210757 0.022408 
3.286468 0.421347 1.237157 -0.159597 1.124925 1.361745 1.364915 1.026458 0.432707 0.484760 0.159410 -0.020441 
3.538972 0.113750 1.439444 -0.459722 1.353225 1.535242 1.291414 1.310124 0.386715 0.254767 -0.000622 -0.033249 
-1.#IND00 -1.#IND00 -1.#IND00 -1.#IND00 -1.#IND00 -1.#IND00 -1.#IND00 -1.#IND00 -1.#IND00 -1.#IND00 -1.#IND00 -1.#IND00 
-1.#IND00 -1.#IND00 -1.#IND00 -1.#IND00 -1.#IND00 -1.#IND00 -1.#IND00 -1.#IND00 -1.#IND00 -1.#IND00 -1.#IND00 -1.#IND00 
