3.958123 0.928900 0.705556 -0.794887 0.077363 -1.099804 -0.012232 -0.127769 0.730546 0.268382 0.120712 0.023158 
4.284484 1.146694 0.513785 -0.459714 -0.052853 -1.228254 -0.429548 -0.238038 0.496910 -0.006852 0.048667 -0.007399 
3.525945 0.705621 0.827655 -0.593583 -0.227939 -0.765589 -0.066708 -0.696914 -0.189735 0.358241 0.454791 0.079049 
3.113134 0.103575 -0.023800 -1.065023 0.120801 0.344072 -0.130435 -0.746939 0.256843 0.706677 0.723144 0.268119 
0.646447 0.438092 0.759194 -0.742684 -0.513415 0.336562 0.017568 -0.863793 0.503372 0.826701 0.876629 0.198465 
-0.158327 -0.534035 1.348975 -0.420812 -0.727330 -1.586115 -1.656612 -0.303699 0.011064 0.658850 0.283542 0.176292 
-0.600764 -1.112061 1.540192 -1.390582 -0.799162 -1.422795 -0.878725 0.091949 0.616223 0.180459 -0.181623 0.011446 
-0.756510 -0.355855 1.511946 -1.236209 -0.818160 -1.143397 -0.670134 -0.520777 0.232494 0.819539 -0.091824 -0.034249 
-1.260130 -0.237641 0.530793 -1.392460 0.005118 -1.138761 -0.355824 -0.302553 -0.019097 0.079614 0.114917 -0.093863 
-1.507116 0.058480 2.091680 -0.884802 0.768299 -0.040925 0.444121 -0.167898 1.131382 0.091780 -0.034991 -0.017342 
-0.520218 0.197411 2.036349 -0.504808 2.248348 -0.517870 0.397185 0.168209 0.275753 0.884806 0.151479 0.052220 
0.616662 1.118322 2.597083 0.094006 -0.027731 -0.683956 0.725353 -0.388317 0.533710 -0.555611 0.115103 0.051203 
1.491433 0.695788 2.345701 0.264301 0.883606 -0.973338 0.223622 -1.340494 -0.295474 -0.426494 0.098699 0.024276 
0.117813 1.277916 2.225016 -1.200917 0.312969 -0.633020 -1.270119 -0.354506 0.026571 0.407126 -0.078271 0.001487 
1.567839 1.096732 2.315806 1.460065 0.117567 1.145064 -0.442308 -0.759356 -0.246373 0.352503 -0.082525 -0.041877 
0.907122 2.290634 1.286158 1.082414 0.776729 0.311690 -0.606776 -0.334746 -0.457916 -0.191154 -0.169389 0.031127 
1.050631 1.808483 1.385981 1.697031 1.548258 -0.157228 0.359818 -0.428691 -0.385064 -0.132458 -0.115100 0.004739 
1.627954 1.006419 2.050159 0.178658 1.225543 0.501008 0.342328 0.093817 -0.039221 -0.307620 -0.367492 -0.010236 
1.381080 1.230269 1.684192 0.358648 2.224833 0.401922 0.391771 0.108684 0.132016 -0.224393 -0.050786 -0.063800 
1.760163 0.616487 1.634046 1.339381 1.164462 1.816477 0.035748 0.007149 0.613344 -0.085588 0.168173 -0.038809 
2.734794 1.058698 0.548977 0.133851 1.451901 0.988109 -0.586404 -0.990905 -0.612650 -0.641587 0.336888 0.041030 
3.673033 0.862908 0.089985 0.399958 0.546301 0.083992 -0.001162 -1.040447 -0.570969 -0.515995 0.227128 0.082622 
4.631194 0.435534 1.020342 -0.293356 0.704400 0.394522 -0.438616 -0.628115 -0.155183 -0.443209 0.085525 0.103609 
4.732369 -0.070472 0.723308 -0.558261 1.130843 0.523264 -0.587715 -0.424136 -0.248528 -0.414294 -0.056090 0.028404 
3.949807 0.416881 0.107220 -0.242723 0.303800 0.898971 0.071111 -0.403594 -0.586710 -0.140488 0.093917 0.030426 
3.889577 0.167515 0.190204 -0.467352 0.567043 0.356093 -0.731878 -0.368487 -0.197465 0.075133 0.262295 0.075835 
-1.#IND00 -1.#IND00 -1.#IND00 -1.#IND00 -1.#IND00 -1.#IND00 -1.#IND00 -1.#IND00 -1.#IND00 -1.#IND00 -1.#IND00 -1.#IND00 
-1.#IND00 -1.#IND00 -1.#IND00 -1.#IND00 -1.#IND00 -1.#IND00 -1.#IND00 -1.#IND00 -1.#IND00 -1.#IND00 -1.#IND00 -1.#IND00 
