3.595574 1.680540 0.626092 0.645670 0.148229 -0.454809 0.747499 -0.010853 0.249675 0.121015 -0.007776 -0.077537 
3.697001 1.760581 1.401188 0.660765 0.137949 -0.932087 0.297332 -0.055397 0.145509 0.205465 -0.099909 -0.027694 
3.112197 1.529065 1.803874 -0.732292 -0.206506 0.024387 0.308453 0.034339 0.205319 -0.405046 0.214499 -0.037203 
1.452348 0.701088 2.627873 -1.168402 1.608473 -0.931153 -1.239821 0.588945 -0.162839 0.420282 0.199694 -0.137629 
-0.400027 -0.648189 3.967679 -0.290211 0.355448 1.096893 0.380965 0.645098 1.113421 0.178070 0.062346 0.012135 
-1.467328 0.151323 2.937537 -0.278139 1.345052 -1.229258 -0.016468 0.710367 0.980437 0.399883 0.347447 -0.092847 
-1.283143 0.106884 2.127155 -1.242551 0.633154 0.440135 0.475000 0.485037 0.728945 0.297112 0.398044 -0.162930 
-1.238069 -0.024658 1.127402 -1.874057 1.098309 1.764844 0.792734 0.316754 0.948956 0.308070 0.718117 -0.169839 
-1.249097 0.352904 1.919561 -0.296190 1.572139 -0.065487 0.150246 0.330898 1.592939 -0.006076 0.378141 0.018343 
0.182343 1.913647 2.075646 -1.020307 0.035651 -1.390272 -0.439053 0.327576 0.593730 0.373789 0.150975 -0.093890 
1.487943 1.643025 3.056248 -1.565514 -0.044881 -0.243929 -0.194155 -0.362880 1.402819 0.463588 0.240642 -0.011860 
2.303948 1.697793 1.580053 -1.271218 -0.901538 0.107807 0.136126 -1.470529 2.255921 0.504349 0.203506 0.107366 
-0.261719 0.149562 0.128257 -0.386644 -0.008426 -0.189609 -0.078619 -0.069555 0.145157 -0.096736 0.082667 -0.017369 
0.910643 1.486972 1.388281 1.073678 1.549326 -0.062710 0.436699 0.684811 0.190287 -0.430844 0.183585 -0.079668 
1.343637 1.330654 1.354788 1.662237 0.425617 -0.349483 -0.146595 -0.478407 -0.419562 0.072886 0.107152 -0.071236 
1.259399 1.637707 1.640510 1.224133 0.469010 -0.776110 -0.056275 -0.083626 -0.205935 -0.074721 -0.324973 0.024917 
1.390823 1.505888 2.030224 1.292189 0.909626 0.198736 0.477467 -0.060879 -0.444602 -0.423740 -0.113511 -0.017842 
1.143404 1.344948 1.988728 0.183452 1.197253 0.657698 0.731614 0.419694 0.251457 -0.055163 -0.041765 -0.089752 
3.080043 -0.867497 4.066471 0.115352 -0.009728 0.834664 0.899074 1.615189 -0.184294 -0.336552 0.435657 -0.030092 
5.984595 3.280460 1.607360 0.279060 0.539735 -0.052723 0.358058 -0.815541 0.479169 -0.089875 -0.018467 0.009659 
1.999205 0.725402 0.257549 0.730724 1.546549 2.348984 0.289793 -1.600292 -1.021621 -0.594268 0.059539 0.119233 
3.237205 0.719657 0.716797 -0.431766 0.817081 0.773329 0.071155 -0.936640 -0.924122 -0.411433 0.078320 0.098017 
2.798732 -0.258812 0.562482 -0.668990 1.690577 1.632613 -0.490615 -0.921044 -0.521026 -0.506696 0.052550 0.144704 
3.458355 -0.543349 0.461935 -0.196034 0.824007 1.593150 -0.813812 -0.958814 -0.307989 -0.502557 0.223412 0.175431 
3.703189 0.264764 0.480446 -0.118561 -0.007424 1.283809 -1.257037 -0.658783 -0.484529 -0.786629 0.280466 0.191798 
4.138584 -1.145350 0.161396 0.120927 -0.425987 1.066160 -0.310237 -0.990915 0.106071 -0.717311 0.196112 0.348114 
-1.#IND00 -1.#IND00 -1.#IND00 -1.#IND00 -1.#IND00 -1.#IND00 -1.#IND00 -1.#IND00 -1.#IND00 -1.#IND00 -1.#IND00 -1.#IND00 
-1.#IND00 -1.#IND00 -1.#IND00 -1.#IND00 -1.#IND00 -1.#IND00 -1.#IND00 -1.#IND00 -1.#IND00 -1.#IND00 -1.#IND00 -1.#IND00 
