3.143641 0.206535 0.546640 -0.721656 1.376267 0.377660 1.261165 0.830636 0.245059 0.149073 -0.087552 0.015340 
3.065432 0.392639 0.843147 -0.045803 1.000620 0.979617 0.354272 0.374870 0.798769 0.124712 -0.009626 -0.018583 
3.105741 0.569454 0.961855 -0.554447 0.828687 0.563241 0.833356 1.298593 0.280160 -0.019553 0.220887 -0.013582 
3.337657 0.418265 0.539662 -1.057047 1.730786 1.153463 0.442994 0.047074 0.504733 0.191718 0.089942 0.046302 
3.255331 0.349671 1.253990 -0.301382 0.706223 1.518888 1.016040 0.776277 -0.236992 0.355236 0.271885 -0.030128 
2.943847 0.152207 0.607227 -0.857655 0.899358 0.025504 0.809999 0.720837 0.464732 -0.178333 0.017492 0.045356 
3.357017 0.384060 1.063688 -1.019945 1.097011 0.591949 1.079108 1.047641 0.356711 0.342489 -0.082265 -0.035608 
3.152669 0.285471 0.644334 -0.698136 0.471247 0.389781 0.983444 0.798138 0.156541 0.247453 0.048385 -0.024717 
3.471124 0.860950 0.619692 -0.986487 1.488014 1.430838 0.470067 0.497532 0.111238 0.093955 0.135994 0.038055 
0.365549 -0.766556 -0.084719 1.803531 7.802984 -0.729686 -0.258446 -0.165607 1.062748 1.126804 -0.052964 0.007245 
0.359588 -1.329503 -1.413622 0.191231 2.162816 -0.069768 -1.288556 -1.118239 0.467890 0.532758 0.256765 -0.104237 
0.220553 -0.743696 -0.974641 0.604928 1.637273 -0.455612 -1.016632 -0.905601 0.533958 1.187619 -0.116912 -0.090532 
-0.179155 -1.129335 -1.097862 0.311068 2.273718 0.152672 -0.391575 -1.471860 -0.309472 0.481455 0.003127 0.056126 
-0.067830 -1.299899 -0.654772 -0.460348 1.941758 0.581763 -0.647119 -0.725546 -0.042011 1.294255 0.263476 0.024618 
-0.334350 -0.927362 -0.851477 -0.333486 2.394555 -0.044396 -0.247393 -1.058793 -0.027531 1.346665 0.084882 0.024480 
-0.289433 -0.709116 -0.146808 -1.195092 2.951118 0.419246 -0.542833 -0.267337 -0.444644 1.007594 0.211732 -0.019602 
0.919333 -0.873710 -0.362131 -0.898650 2.909325 -0.317718 -1.368538 -0.600322 0.553039 1.068113 0.167174 0.192802 
0.128690 -0.918397 -0.269781 -0.011877 5.000336 1.644930 0.043016 -0.322224 0.787292 0.416510 0.184795 0.036768 
1.199902 0.271081 -0.598492 -4.356424 -0.720424 -0.353635 -1.113154 0.038376 0.675196 0.274829 -0.177971 0.043321 
0.998633 0.864608 1.513812 -0.026878 1.863990 0.593349 0.578010 0.331266 1.487204 -0.061415 0.000952 -0.048294 
1.115739 1.243147 1.756821 1.234825 1.056297 0.670933 0.253474 0.020524 0.468792 0.145241 -0.072745 -0.052142 
0.844470 1.524882 2.187542 1.144090 1.377448 -0.387580 0.090575 0.153324 0.213007 -0.332703 -0.129251 0.000511 
0.825118 1.412135 1.208787 2.168937 1.058167 -0.356565 0.263663 -0.405606 -0.836633 -0.439419 -0.297346 -0.069525 
0.845232 1.150634 2.008800 1.328188 0.220243 -0.669650 -0.264837 -0.611410 -0.284087 -0.882951 -0.315549 -0.071466 
0.758861 0.956050 1.963645 1.594797 1.182042 -0.259312 -1.074128 -0.651587 -0.587751 -0.430411 -0.226817 -0.161959 
1.024878 1.076944 1.773793 1.130070 1.009942 0.173561 -0.590234 -0.677493 -0.524338 -0.877207 0.002393 -0.111249 
0.899135 0.906311 1.558358 0.572530 0.061381 0.482089 0.027356 -0.688390 -0.915252 -0.546449 -0.201255 -0.196846 
0.788732 1.594359 2.093600 2.320885 0.510172 0.226223 -0.352329 0.462992 -0.629922 -0.288896 -0.082967 -0.062438 
2.456742 0.336922 2.323893 0.297083 0.813499 0.973581 0.507406 0.002638 -0.129767 0.265838 -0.266839 -0.030340 
3.777444 0.058776 2.030976 0.155595 0.967098 0.266227 1.060408 -0.056732 -0.498415 0.241290 -0.034129 -0.036416 
4.327010 0.282942 1.637777 0.353689 1.005898 0.364827 0.625730 -0.697137 -0.305553 -0.417462 -0.099502 0.043202 
6.698040 -0.562051 1.958772 1.361340 0.564479 0.971686 0.066516 -0.013031 -0.112646 -0.323583 -0.090050 0.016306 
7.253901 0.121402 2.229710 2.039737 0.957871 0.470264 0.376404 -0.263873 0.893014 0.379907 -0.511822 -0.138741 
4.556048 3.384596 2.695295 1.473075 1.362539 0.229367 -0.175127 -0.065982 -0.442849 -0.071683 -0.065181 -0.011934 
6.501146 3.671595 2.598807 1.375029 0.248848 -0.273655 0.323707 0.188852 -0.512949 -0.003842 -0.017481 -0.028731 
5.552393 2.928712 3.359231 1.464693 1.857802 0.484838 -0.097855 0.334825 -0.464038 -0.295840 0.012076 -0.003394 
3.746874 1.773329 2.192579 0.366072 2.253196 1.608688 0.272503 0.830463 -0.477461 -0.011538 -0.133889 -0.055828 
3.895043 1.166436 1.822031 0.650522 1.827800 0.967125 1.318577 1.343836 0.264434 0.115035 0.024137 0.012425 
3.227486 0.055148 0.584242 -0.392537 1.284629 1.022494 0.898515 1.083236 0.402422 0.065114 0.131607 0.023488 
3.177128 0.376813 0.354434 -0.591334 1.063656 0.937241 0.821642 0.417305 0.206164 0.177292 0.082219 0.032499 
3.079904 0.659010 0.986272 -0.331113 1.299928 0.726215 0.581883 0.915907 -0.088296 0.569087 0.097690 -0.045866 
3.078725 0.171289 1.211070 -0.622268 1.344692 0.567590 0.866176 0.670734 0.591164 0.350357 0.080110 0.000366 
3.249250 0.470430 1.284247 -0.341958 1.963871 0.794666 1.811405 1.579866 0.281704 0.126281 0.208022 0.031289 
2.790043 0.361973 0.819081 -0.857370 1.021523 0.901244 0.917906 0.625570 0.063442 0.246823 -0.098040 -0.018379 
3.084366 0.380038 1.475533 -0.697518 1.388098 0.462649 0.763331 1.024781 -0.031704 -0.403583 0.294702 0.042693 
3.396619 0.032856 1.295645 -0.369992 1.714157 0.862307 0.478581 0.823746 0.100435 0.511090 0.268617 -0.003251 
3.481709 0.258285 0.855004 -0.719664 1.465859 0.616028 0.563854 0.975380 0.091524 0.405443 0.085869 -0.024377 
3.026564 0.591019 0.562147 -0.933926 1.208866 -0.129129 0.759714 0.846302 0.169247 0.252895 0.056280 0.027514 
-1.#IND00 -1.#IND00 -1.#IND00 -1.#IND00 -1.#IND00 -1.#IND00 -1.#IND00 -1.#IND00 -1.#IND00 -1.#IND00 -1.#IND00 -1.#IND00 
-1.#IND00 -1.#IND00 -1.#IND00 -1.#IND00 -1.#IND00 -1.#IND00 -1.#IND00 -1.#IND00 -1.#IND00 -1.#IND00 -1.#IND00 -1.#IND00 
