3.691111 1.165043 2.100959 0.881850 1.274845 1.611146 1.315074 1.160479 0.767930 1.094156 0.343435 -0.000571 
3.670897 0.997955 1.485275 0.028250 2.430227 1.837109 0.876361 1.390781 0.738905 0.401125 0.244965 0.007772 
2.730455 0.578445 1.864346 -0.801209 3.012243 0.367857 1.631087 1.568499 0.869583 0.331308 0.129818 0.013335 
3.235498 1.018688 1.623850 0.695967 1.258129 1.310737 0.505916 1.007435 0.751291 0.234005 0.393222 0.062991 
3.199099 0.855731 1.318220 0.598734 1.109876 1.837959 0.908294 1.323212 0.471931 0.339441 0.244001 0.013831 
2.665631 -0.155366 0.862979 1.921727 0.789478 1.031774 0.555349 0.784718 0.462085 0.273303 0.250645 0.047944 
2.910551 0.283120 1.572615 0.998054 0.784289 1.019535 1.616272 1.397978 0.196359 -0.044766 0.279649 0.045967 
3.284864 0.486981 1.148315 0.162859 2.319546 0.991031 1.349004 1.178372 0.813534 0.077650 0.115720 0.046225 
-0.153631 -0.504848 -0.062261 2.230098 5.282743 0.183499 0.031024 -0.648293 1.045631 1.033554 -0.099498 0.037091 
0.158669 -1.424582 -1.435361 0.484288 5.104497 -0.272191 -0.932959 -0.108631 1.451125 0.972206 -0.008716 0.018336 
0.261154 -1.166954 -1.425063 0.785175 2.958676 -0.603840 -0.585031 -0.202264 0.286821 0.568684 -0.049359 -0.126561 
-0.216558 -1.696196 -0.873471 0.202802 1.586247 0.063803 -0.727889 -0.458044 0.651967 0.788070 -0.000588 -0.127595 
-0.270300 -1.456488 -0.774875 0.189791 2.395831 0.330451 -1.500456 0.017041 0.113873 0.529076 -0.009583 -0.061065 
-0.045995 -1.657797 -0.084618 0.171806 2.003869 0.001607 -1.194223 -0.600469 -0.040444 0.426385 0.059909 -0.088356 
-0.112030 -1.386508 -0.362687 -0.353690 1.469323 0.565901 -1.976724 -0.370151 -0.676770 0.610616 0.339205 -0.112213 
1.121744 -1.640566 -0.603393 -0.872311 3.037689 1.568520 -1.231051 -0.052633 0.659653 0.644100 0.192755 0.103370 
1.234364 -0.858586 -0.199024 -1.125794 2.083833 1.097260 0.598113 0.288998 0.457962 0.076030 0.041788 0.044203 
1.332213 -2.114328 0.103195 -2.374485 1.701913 1.472699 -1.131580 1.136673 0.240975 0.669867 0.322600 -0.005321 
1.903499 0.025019 0.503597 -1.101690 -0.032833 -0.562547 -0.847806 -1.327514 -0.153666 0.589495 0.279769 0.074956 
0.927491 1.925778 1.508601 1.361693 1.270559 -0.491428 0.437939 0.150790 -0.214461 -0.029410 0.360611 -0.128350 
1.301933 1.187286 1.775328 1.212722 1.268774 0.254510 0.240508 0.099970 0.252367 -0.477569 -0.126597 0.027307 
1.128659 1.646871 1.123969 1.073432 1.305631 0.117557 -0.222379 0.067965 -0.297180 -0.155589 -0.377850 -0.076563 
0.605037 1.760789 1.641099 0.623857 0.136613 0.380087 0.516639 -0.415186 -1.420444 -0.272425 -0.419584 -0.112614 
1.022414 1.142419 1.902600 1.884318 0.574214 0.502086 -1.219183 -1.176083 0.121300 -0.170560 -0.627347 -0.067569 
1.076951 0.946387 1.673242 1.087571 -0.263159 -0.128343 -0.533716 -0.088679 -0.510937 -0.373390 -0.727524 -0.074953 
0.869486 0.909675 1.675573 1.725468 0.671981 -0.053491 -0.382317 -1.182832 -0.671844 -0.539875 -0.233177 -0.108242 
0.901645 1.215429 0.851663 0.903326 -0.227514 -0.279818 -0.229354 -0.331299 -0.884199 -0.747825 -0.252736 -0.159266 
0.936998 1.145656 1.210025 1.099031 -0.158594 0.315011 -0.144187 -0.837877 -0.845052 -0.168322 -0.382083 -0.143300 
2.036290 1.581714 1.522861 1.337709 1.225598 0.484517 -0.046876 -0.037303 -0.193048 -0.108316 0.065742 -0.004228 
4.268011 0.253257 1.547506 0.297655 1.182212 0.124880 0.462920 0.273959 0.610048 -0.278939 -0.095837 0.078330 
3.815225 0.540425 1.034318 1.200585 0.217509 -0.724629 -0.427758 0.112661 -0.420392 -0.516262 -0.223249 -0.046605 
4.839176 0.936696 1.138291 1.207935 0.209596 0.593976 0.402218 -0.677380 -0.221774 0.229062 -0.216823 -0.115672 
5.585078 2.553706 0.745537 1.495690 1.527481 0.208134 -0.542254 -0.253840 0.141769 0.031421 -0.218673 -0.112616 
5.523488 3.571135 2.274726 -0.048322 -0.247016 0.257122 -0.011947 0.867611 -0.158374 0.123500 -0.016635 -0.039359 
4.524325 2.299207 1.936762 0.268485 1.508858 1.196140 0.569671 -0.349928 -0.133167 -0.206922 -0.379044 -0.085979 
5.101156 2.732496 1.765615 0.230057 0.093842 -0.165244 0.251651 -0.309534 -0.415505 -0.106717 -0.151477 -0.054161 
4.097141 1.706662 2.153774 0.039253 0.843368 -0.065203 -0.017477 0.094596 -0.228497 0.066893 -0.149204 -0.065267 
3.819397 1.502665 1.916983 -0.838405 0.649147 1.229857 -0.160098 -0.140807 -0.199328 0.003161 -0.011372 -0.007282 
3.610080 0.419957 0.704527 -0.768621 0.963393 1.124537 0.985114 0.736714 -0.114133 0.442343 0.076569 -0.020696 
3.525206 0.591826 0.970161 -0.876781 0.906493 0.334675 0.106077 0.915292 0.365301 0.245611 0.142739 0.035756 
3.334346 0.661269 0.844617 -0.841804 0.254012 0.352569 0.818793 0.659907 -0.748541 0.138073 0.028185 -0.062620 
3.335070 1.024562 0.897150 -0.201077 1.645327 0.863617 1.178126 0.617879 0.037575 0.312095 0.004778 -0.012061 
3.362250 0.350000 0.716043 -1.016250 1.330446 0.193691 0.202515 0.027605 0.435310 -0.064766 0.058022 0.058630 
3.366398 0.560630 1.055421 -0.284241 0.234261 0.363111 0.343280 0.535191 0.070035 0.127077 0.206312 0.036960 
3.402545 0.568283 0.415164 -0.455574 -0.022084 0.321716 0.695111 0.648386 0.195469 -0.061752 0.227011 0.044405 
3.635902 0.443986 0.973511 -0.620751 0.517284 1.031402 0.051652 0.880705 0.192339 0.212937 0.255814 -0.005743 
3.582739 0.847570 0.764368 -0.153789 1.245431 0.795145 0.615498 0.896666 -0.078701 0.715373 0.037593 -0.061157 
3.516995 1.420204 1.321585 -0.028776 0.959198 0.132116 0.929631 1.107886 0.261945 0.409631 0.087284 -0.019061 
-1.#IND00 -1.#IND00 -1.#IND00 -1.#IND00 -1.#IND00 -1.#IND00 -1.#IND00 -1.#IND00 -1.#IND00 -1.#IND00 -1.#IND00 -1.#IND00 
-1.#IND00 -1.#IND00 -1.#IND00 -1.#IND00 -1.#IND00 -1.#IND00 -1.#IND00 -1.#IND00 -1.#IND00 -1.#IND00 -1.#IND00 -1.#IND00 
