3.619990 1.165427 0.954954 -0.146304 0.922790 -1.060612 -0.238787 -0.537420 -0.116865 0.136447 -0.095722 0.047419 
3.629048 0.996022 1.567687 -0.839338 0.846561 -1.326856 -0.693437 -0.506425 -0.004901 -0.157356 -0.175877 0.050764 
2.777276 1.316522 1.160505 -0.674071 1.156867 -0.070835 -1.017952 -0.426268 0.057202 -0.374069 0.138443 0.014102 
0.190716 -0.548880 3.519087 -0.535436 -1.278282 1.519111 0.757847 -2.127800 1.053938 0.371346 -0.112295 0.038319 
-0.877978 -0.210465 2.742319 -1.364565 0.144330 1.269983 -1.073801 -0.714025 0.897439 0.034802 0.069070 0.043491 
-0.834224 -0.908591 2.057042 -0.473646 -0.750894 1.737820 0.109309 -0.607121 0.524093 -0.183577 -0.209250 0.057041 
-1.011190 -0.632274 1.791705 -0.848099 -1.041055 1.210658 -0.382044 -1.032526 0.507117 0.064029 -0.075288 -0.023122 
-0.715566 -0.675911 2.398694 -1.690933 -0.887952 0.777747 -0.321977 -0.989240 0.667029 -0.038984 0.013866 0.017004 
-1.087014 -0.193333 1.744197 -1.227490 0.059266 0.572316 -0.428724 -0.519013 1.176409 0.207829 0.407152 0.117832 
-0.546741 0.974131 1.570602 -0.229222 0.267129 0.054047 -0.184185 -0.143236 1.124373 -0.001817 0.502632 0.056257 
0.128522 0.830620 3.378347 -0.732406 1.318539 0.800957 0.337555 -0.691515 0.341059 0.056442 0.177699 -0.008878 
0.208591 0.347197 4.264644 0.215729 -1.551723 0.357613 0.774930 -0.755065 0.468336 -0.016833 0.328284 0.066452 
-0.058635 0.763958 2.538244 -0.318132 -0.349008 0.774607 -0.431114 -1.192965 0.753351 -0.064996 0.362843 -0.012419 
1.166265 1.492815 2.442002 0.402017 1.125000 -0.181412 0.244073 -0.374892 -0.383744 -0.143870 -0.045556 -0.082568 
1.206083 0.711726 2.751400 1.221646 1.318124 -0.138782 -0.004642 -0.411625 -0.140454 -0.230211 -0.342195 -0.030442 
0.976543 1.379450 1.064768 1.555519 1.590962 0.433851 0.511877 -0.574783 -0.019957 -0.150662 -0.578434 -0.001042 
1.515578 0.733671 1.335386 1.287354 1.368418 0.617368 0.709511 0.139597 -0.244531 0.484136 -0.216359 -0.119471 
1.361867 0.999143 1.678668 0.768003 0.673164 1.325824 0.654015 0.445979 0.113959 -0.365543 -0.016656 -0.118626 
0.559876 1.260795 1.070417 2.388159 1.389348 1.023486 0.722869 -0.091721 0.840513 -0.189118 -0.024363 -0.122930 
2.828596 2.125550 1.775695 1.298677 1.019121 0.551793 0.180210 0.150907 0.072408 0.038911 -0.019460 -0.010143 
3.614227 2.934973 1.948012 1.561485 2.414515 -0.048485 0.131943 -0.500462 0.640683 -0.383046 0.131444 -0.001105 
3.889438 3.021432 1.784725 1.233912 1.829730 -0.086288 0.643001 -0.719441 0.606682 -0.210372 -0.046285 -0.014944 
3.589396 2.458430 0.343880 0.412252 2.064718 0.286171 1.362779 -0.597124 0.621828 -0.710149 -0.088561 -0.037784 
3.620987 1.451561 0.529216 0.662275 1.204005 -0.286299 0.255694 -0.968577 -0.243108 0.070899 0.160800 0.040312 
3.542277 1.231426 1.313017 0.351829 0.646286 -0.134042 0.688099 -0.080865 -0.151119 -0.128898 0.042422 0.017519 
3.327503 1.754472 0.849281 0.223150 0.882072 -0.945419 0.779819 -1.019398 -0.025672 -0.227477 0.216013 0.073842 
-1.#IND00 -1.#IND00 -1.#IND00 -1.#IND00 -1.#IND00 -1.#IND00 -1.#IND00 -1.#IND00 -1.#IND00 -1.#IND00 -1.#IND00 -1.#IND00 
-1.#IND00 -1.#IND00 -1.#IND00 -1.#IND00 -1.#IND00 -1.#IND00 -1.#IND00 -1.#IND00 -1.#IND00 -1.#IND00 -1.#IND00 -1.#IND00 
