0.075586 0.105816 0.035294 -0.433658 -0.509749 0.050173 -0.105663 -0.259056 -0.263750 0.058960 -0.020035 -0.100328 
0.066186 0.098113 -0.189635 -0.314759 0.254954 0.196086 -0.763591 0.180311 -0.176785 0.253277 -0.047736 0.055135 
0.042279 0.137942 -0.526921 -0.066251 -0.130365 -0.237037 0.036270 0.136641 -0.260786 0.139216 -0.025098 0.030619 
-0.054661 0.444838 0.071740 0.112211 -0.263535 0.772423 -0.178648 0.054302 0.277421 0.140563 0.066444 0.013810 
-0.083926 0.299346 0.057387 0.225610 -0.662572 -0.359405 -0.373680 -0.244486 0.612444 0.205474 0.000075 -0.091004 
0.284176 0.029969 0.215781 0.484244 0.192119 0.046995 0.643191 -0.607305 0.474968 0.393415 0.118474 0.092856 
0.190005 -0.197330 0.240263 -0.381472 0.175344 0.031698 0.199490 -0.372884 0.380076 0.080677 0.258140 0.022718 
-0.181946 0.228002 0.193539 0.066515 0.172017 0.277636 0.209324 0.208182 -0.274194 0.035705 -0.108600 0.100120 
0.018301 0.096817 -0.006398 -0.454519 0.156784 -0.026743 -0.287512 0.055142 -0.040151 0.279968 -0.161530 0.011265 
2.548400 -1.243542 1.112308 0.726773 1.237377 -0.398810 0.629809 0.839816 0.048197 -0.487087 -0.269950 0.096222 
0.377054 -0.241863 -1.394211 8.483863 -0.047525 -1.226773 -0.121221 1.844639 -0.200334 -0.417091 0.139387 0.156442 
-0.095014 -1.416762 -0.496916 2.739877 1.664762 -0.898662 -1.027162 0.218802 1.047798 0.032879 -0.110322 -0.033675 
-0.171684 -0.875855 0.298411 1.385842 1.536215 -1.588421 -1.751715 0.231725 0.576715 -0.091984 -0.538897 -0.006608 
-0.226439 -2.351125 -0.366014 1.374412 1.568736 -0.125195 -1.440467 -0.708195 -0.226186 0.279910 0.134399 0.001371 
-0.187782 -1.823338 -0.694971 1.111291 2.436994 -0.765752 -1.106528 -0.616826 -0.000326 0.253534 -0.003937 -0.046594 
-0.351353 -1.580556 0.066128 0.454833 1.860938 -0.991782 -1.073941 -0.481202 0.172875 0.733669 -0.097534 0.018342 
-0.098566 -1.413713 -0.487851 -0.420123 2.253794 -0.303573 -0.469673 -0.622322 -0.051965 0.690557 0.129147 -0.017683 
-0.138537 -1.161455 -0.622500 -0.062950 2.198314 0.835501 0.152377 -0.797354 0.130065 0.439925 0.194439 0.110516 
0.184521 -1.846418 -0.299124 0.416359 3.983476 2.215578 0.595866 0.164807 0.025923 0.439186 0.100732 0.040295 
0.501554 -2.032244 -0.316810 -0.673668 5.775343 1.300107 -0.587365 0.201955 0.105432 0.161451 0.252122 0.008975 
0.555925 1.047370 0.026420 -2.188303 -0.153933 -0.269049 -0.536002 1.283294 0.959247 0.488014 -0.414388 -0.040603 
1.309647 1.041820 0.963773 0.431610 1.668177 0.245262 0.442852 1.122378 -0.073872 0.370658 -0.131238 -0.090673 
1.180569 1.703855 1.816502 1.039905 1.017649 0.304046 0.584619 0.056857 -0.349422 -0.006272 -0.191303 -0.005477 
1.356272 1.560401 1.042430 1.646652 0.869465 0.056710 0.422235 -0.249732 -0.197284 -0.275969 -0.339612 -0.000428 
1.372284 0.810453 1.807574 1.078084 0.262423 -0.309629 -0.240067 -0.472479 -0.868360 -0.329274 -0.271679 -0.088368 
1.002904 1.255791 1.513114 0.666538 0.281385 -0.039531 -0.430819 -0.969882 -0.580799 -0.585018 -0.181726 -0.086385 
1.171682 1.726426 0.982630 1.071139 0.878068 0.130886 -0.926098 -0.450554 -1.087186 0.210632 -0.509933 -0.049731 
0.714033 1.335644 1.442678 1.277489 1.092665 0.137960 -0.250558 -0.800646 -0.439670 -0.434375 -0.166771 -0.135899 
1.272226 0.946917 1.949272 0.935034 0.781258 -0.023642 -0.697386 -0.363095 -0.749875 0.551192 -0.501661 -0.113568 
4.100327 0.034965 1.867575 1.108749 1.236242 0.966774 0.162973 0.212637 0.303580 -0.022431 -0.052016 -0.002665 
3.933697 0.275248 1.456096 0.631111 1.100337 0.714214 0.073197 0.099209 0.089984 -0.043750 0.005449 0.001637 
4.577012 -0.204146 1.800480 0.452589 1.291487 0.240443 -0.533854 0.360674 -0.399665 0.098813 -0.011249 -0.150791 
6.108577 0.945978 1.478759 1.773101 0.713392 1.122708 0.835277 0.003671 -0.133508 0.041512 0.066802 0.024355 
6.108978 2.588771 0.741250 1.390985 1.507375 0.725727 0.359840 0.079390 0.264787 0.116019 -0.129257 -0.091682 
4.334965 3.667431 2.954979 1.879587 0.543287 -0.013093 0.061649 0.002551 -0.003472 -0.075354 0.018692 0.014572 
2.790658 2.157987 1.772797 1.292723 0.837844 0.427271 -0.039216 -0.063877 0.011216 0.106034 0.090570 0.013194 
2.884781 2.169684 1.920874 1.497428 1.029195 0.575516 0.275066 0.284595 -0.057727 -0.034426 0.063252 0.004694 
3.796962 2.174978 1.670171 0.472757 1.191176 0.699780 0.083155 0.153056 -0.174410 -0.146640 -0.141614 -0.037331 
3.915796 2.375181 1.627451 1.098495 2.371856 1.640237 0.910792 0.974258 0.432638 0.373884 0.160787 0.028735 
3.719302 1.490125 1.741898 0.258717 1.614855 0.753208 1.176933 0.678875 -0.153109 0.116352 -0.091582 -0.032384 
3.623540 1.032079 1.496298 -0.003930 1.201445 1.007024 0.527286 0.858006 0.352078 0.053990 0.065071 -0.029229 
3.333712 0.628336 0.601944 -0.217144 1.327686 1.304481 0.840798 1.244127 0.523910 -0.032578 0.133387 -0.053188 
3.542269 1.035075 1.845582 -0.165312 1.437052 1.197617 1.206847 0.384794 0.344525 0.364145 0.105106 0.002201 
3.357679 0.290328 1.006809 0.058736 0.938847 1.144069 0.934711 1.230467 0.317328 0.256958 0.073821 -0.036805 
3.318297 0.764117 1.368200 -0.435562 1.288457 0.726555 0.927107 0.641754 0.584268 0.391802 0.131286 -0.025811 
3.692854 0.735725 1.213078 -0.644466 1.813127 1.812304 1.317983 1.355479 0.486681 0.118808 0.171548 -0.000428 
3.322748 0.789616 1.073070 -0.328018 1.238499 0.683028 0.520440 1.252737 -0.022265 0.335028 0.125910 -0.042167 
3.445857 0.435444 1.073405 -0.590731 1.417705 0.283786 0.606568 0.675979 0.232900 0.140292 0.122708 -0.003572 
-1.#IND00 -1.#IND00 -1.#IND00 -1.#IND00 -1.#IND00 -1.#IND00 -1.#IND00 -1.#IND00 -1.#IND00 -1.#IND00 -1.#IND00 -1.#IND00 
-1.#IND00 -1.#IND00 -1.#IND00 -1.#IND00 -1.#IND00 -1.#IND00 -1.#IND00 -1.#IND00 -1.#IND00 -1.#IND00 -1.#IND00 -1.#IND00 
