3.605522 0.093379 0.782296 -0.311287 1.160098 0.353841 0.056849 0.446831 0.186118 -0.044743 0.288918 0.083911 
3.271365 0.433176 0.647654 -0.579557 0.933738 1.723794 1.029811 0.363915 0.618409 0.137062 0.090245 -0.021940 
3.071333 0.339334 0.987799 -0.306638 1.793104 1.252393 1.145966 1.091989 0.449152 0.228996 0.017837 -0.043528 
3.115830 0.451526 0.837643 -0.197463 1.103493 -0.140776 1.118014 0.389349 0.205840 0.250953 -0.065545 0.024024 
3.251114 0.246209 0.553694 -1.010619 1.932224 1.412358 0.912080 0.186004 -0.079406 0.419134 -0.146204 -0.043909 
3.446785 0.302549 0.988946 -0.609139 1.507886 1.227594 0.955164 0.413762 0.487242 0.337061 -0.022440 0.008653 
3.162241 0.239284 0.742555 -0.624283 1.854615 0.871698 1.096425 0.919988 -0.122108 0.262295 0.149859 -0.000242 
3.041377 0.389003 0.978996 -0.757701 1.441217 0.769043 0.963178 1.373767 0.627566 0.124137 0.075433 -0.040080 
3.220344 0.054983 0.520178 -1.259111 1.121781 0.913360 -0.169662 0.759060 0.400776 0.084844 0.228604 0.018204 
3.134760 0.042383 0.819318 -0.864299 0.961280 0.780504 0.748739 0.386013 0.227959 0.331075 0.140697 0.019114 
3.269839 0.202267 0.161285 -1.162233 1.358677 0.654966 0.686194 0.628147 -0.018235 0.404942 0.054653 -0.037210 
3.352720 -0.286800 1.166922 -0.684041 2.242579 0.915529 0.499426 0.444044 0.295501 0.405314 0.218097 0.039085 
0.153849 -1.396193 -0.623045 0.434211 8.357346 0.013854 0.662056 -0.218246 0.037413 1.205860 0.081626 -0.037182 
0.162057 -1.158100 -0.969086 0.964828 1.820302 -0.107658 -1.504889 0.818879 0.414094 0.227090 -0.014460 -0.260367 
0.163335 -2.216221 -0.808364 0.749652 1.791273 0.042493 -1.230513 -1.179069 0.634595 0.084348 -0.142264 -0.050659 
-0.067977 -1.327387 -0.953669 0.286430 2.635860 0.205994 -0.929852 -0.682836 0.371582 0.431146 0.378201 -0.054505 
-0.310144 -1.800444 -1.120895 -0.464007 2.465990 -0.332118 0.060948 -0.523672 0.058505 0.767296 -0.116352 -0.016744 
-0.186128 -1.535771 -0.513038 -0.152343 3.018449 0.062021 -0.903416 -0.476685 -0.673054 0.458350 -0.025130 0.035618 
-0.341484 -1.073741 0.321258 -0.696500 3.422668 0.410285 -0.385181 -0.433460 -0.675742 0.092716 0.170556 0.092263 
0.663120 -0.533396 0.454036 -0.809376 2.697984 0.624727 -1.119678 -0.211615 -0.216817 0.575055 0.302584 0.251005 
0.386491 -1.291249 1.079941 -0.912975 4.210857 1.375555 0.268419 -0.051230 0.030983 0.425087 0.227831 0.065694 
1.871712 0.072594 -0.114316 0.013317 0.779830 -1.779405 -0.994265 1.143415 -0.632782 0.531231 0.144435 -0.111134 
0.880139 0.964702 2.224825 0.247563 1.544684 0.967122 0.315874 0.373699 0.467706 0.778357 -0.105946 -0.053934 
0.965213 1.114928 1.677825 1.364034 1.727503 1.139138 0.713481 0.025636 0.355161 -0.397818 -0.052319 0.002818 
0.957980 1.649563 0.686929 1.763600 1.648026 0.752077 0.242282 -0.200592 -0.389764 -0.274394 -0.068428 -0.049711 
1.013084 1.232238 1.077711 0.720956 0.584871 -0.003570 -0.133634 -0.519892 -0.125602 -0.851940 -0.389500 -0.111143 
1.265230 1.518957 1.103551 0.967482 0.736508 0.064412 -0.829514 -0.377603 -0.323427 -0.715803 -0.186754 -0.120674 
1.180543 1.148691 0.925639 1.091426 0.716996 0.326625 -0.176130 -0.821869 -0.513925 -0.512855 -0.189077 -0.149298 
0.804964 1.239093 0.828206 1.163872 1.379406 0.405276 -0.618115 -0.289452 -0.793505 -0.685136 -0.294940 -0.056196 
0.652517 1.215128 1.342714 0.692487 1.110954 0.311238 -0.129628 -0.784859 -0.736646 -0.603119 -0.465974 -0.062684 
1.353861 1.899018 0.913639 1.517503 0.783982 0.614656 -0.534416 -0.292653 -1.072402 -0.253778 -0.021316 -0.079381 
1.691374 1.279573 1.853841 1.440004 0.421262 0.154931 1.412371 -0.582799 0.867231 0.169053 0.035843 -0.012795 
3.666860 0.182418 1.429521 0.753934 0.310803 0.573416 1.019885 -0.064204 -0.136063 -0.102221 -0.007453 0.004228 
3.517437 0.913520 0.744865 0.633371 1.922206 -0.649833 -0.078178 -0.243503 -0.842652 0.410353 -0.241118 -0.095371 
5.126125 0.908873 0.679152 1.259876 0.199704 0.168502 0.541378 0.764074 0.474650 0.264508 0.092010 0.007105 
4.570378 2.392983 1.019805 0.958494 0.801503 0.770719 0.636103 -0.563299 -0.412504 0.334724 0.098381 0.019601 
5.162429 3.511839 2.567029 1.053567 0.200794 -0.630580 -0.286347 0.021727 0.063788 0.130454 -0.089807 -0.031239 
4.488125 3.209776 2.014065 1.336732 0.315172 0.376932 0.414795 0.285636 0.060826 -0.199500 -0.238690 -0.072797 
3.250448 2.526448 2.170733 0.925924 0.921491 0.754735 0.110949 0.114117 -0.066544 -0.225595 -0.113165 -0.013245 
3.640978 2.071002 1.918409 0.594356 1.426031 1.206038 0.646400 0.618021 -0.091641 0.146625 -0.335363 -0.047622 
3.290601 1.709309 1.329009 0.640356 2.094769 1.666847 1.236546 1.018925 0.404353 0.371036 0.199539 0.027991 
3.304141 0.322263 1.439143 -0.659535 1.147080 1.599316 1.596192 0.493473 0.290223 0.423452 -0.095313 0.011126 
3.371663 0.707558 0.757462 -0.255624 1.165780 1.278217 0.460094 0.956867 0.240476 0.276256 -0.037165 -0.011021 
3.049335 0.051250 0.462966 -1.241937 0.900346 0.601819 0.506391 0.932995 0.450407 0.215653 0.041061 -0.061987 
3.036858 0.685695 1.164596 -0.905118 1.619475 0.796866 0.094086 0.897982 0.596829 -0.117731 -0.030201 -0.029399 
3.254895 0.474562 0.914597 0.086351 1.476723 0.807228 0.302664 0.726298 0.183387 0.150551 0.079646 0.010929 
3.134798 0.722781 1.288574 -0.691081 1.206932 0.564347 1.062108 0.948103 0.656055 0.409845 0.116944 0.003867 
3.191454 0.637403 0.773332 -0.734313 1.128785 0.344443 0.607366 1.169752 0.210041 -0.112052 0.249155 0.035228 
-1.#IND00 -1.#IND00 -1.#IND00 -1.#IND00 -1.#IND00 -1.#IND00 -1.#IND00 -1.#IND00 -1.#IND00 -1.#IND00 -1.#IND00 -1.#IND00 
-1.#IND00 -1.#IND00 -1.#IND00 -1.#IND00 -1.#IND00 -1.#IND00 -1.#IND00 -1.#IND00 -1.#IND00 -1.#IND00 -1.#IND00 -1.#IND00 
