-0.184499 0.081929 0.180314 -0.508796 0.089438 -0.040467 -0.128497 0.239275 -0.083059 0.148006 -0.238935 0.056389 
0.264983 -0.158305 -0.159085 0.099111 0.230164 -0.130712 -0.214285 0.101152 0.373623 -0.275066 0.292005 -0.058346 
0.060396 0.100910 -0.019511 -0.127012 0.233661 0.260516 -0.335991 0.320910 -0.531575 0.048726 0.096578 -0.011421 
0.009775 0.259517 0.088668 0.576402 0.167292 -0.488518 -0.264781 -0.331793 -0.053369 0.236035 -0.129145 -0.087033 
-0.024088 -0.167024 0.483914 0.265481 -0.747082 -0.137843 0.622194 0.298518 -0.283484 -0.012253 -0.013419 -0.046552 
0.076784 0.107641 0.038244 -0.431110 -0.507859 0.053737 -0.103136 -0.256450 -0.261492 0.059903 -0.019128 -0.099815 
0.066050 0.097691 -0.190567 -0.315511 0.254310 0.194590 -0.764575 0.179768 -0.177187 0.252894 -0.048118 0.054825 
0.043799 0.140579 -0.523082 -0.062440 -0.126730 -0.232171 0.040677 0.140523 -0.257341 0.141330 -0.023768 0.031200 
-0.055241 0.444489 0.070414 0.110768 -0.265843 0.770650 -0.179895 0.052166 0.276776 0.140314 0.065999 0.013579 
-0.083072 0.301310 0.059497 0.228415 -0.658474 -0.357212 -0.371063 -0.242169 0.614563 0.207627 0.001161 -0.090657 
0.284341 0.030680 0.216529 0.484401 0.191847 0.046844 0.643726 -0.607283 0.474466 0.393380 0.118646 0.092731 
0.190276 -0.197323 0.239924 -0.381593 0.175666 0.031981 0.199909 -0.373169 0.380404 0.080946 0.258410 0.022887 
-0.182836 0.225739 0.191677 0.064729 0.169479 0.275452 0.205818 0.205382 -0.277043 0.034045 -0.110018 0.099742 
0.018736 0.097856 -0.005733 -0.452559 0.159058 -0.025093 -0.286284 0.057083 -0.038597 0.280478 -0.161171 0.011387 
0.073281 -0.174110 -0.194031 0.407554 0.238962 0.139730 0.334303 0.129127 0.207188 -0.229455 0.318953 -0.041743 
3.803507 0.570654 1.251646 -0.876603 1.153369 0.828261 0.481905 1.451701 0.308564 -0.094979 -0.071616 -0.080836 
3.641392 0.439425 1.222562 0.167321 1.079507 1.549088 0.129516 0.872636 0.443399 0.428428 0.022889 -0.058610 
3.444903 0.771273 0.756350 0.405686 0.854376 0.930843 0.281124 1.156041 0.368215 -0.212439 -0.163804 -0.053707 
3.332653 0.388391 0.228965 -0.953276 1.225390 0.600836 0.004886 0.564396 0.286782 -0.193860 0.119473 0.001294 
0.958648 -0.106515 0.212833 1.157078 1.249600 2.713773 1.537541 1.449048 0.542689 -0.410314 -0.068106 -0.139818 
0.452911 0.354721 1.411122 1.531810 1.934884 1.125482 1.978351 0.881900 0.510316 0.055112 -0.198893 -0.076745 
0.797943 1.045836 0.794740 1.692750 1.574325 1.215620 1.474561 0.844864 0.462414 0.069424 -0.006425 -0.132652 
0.482859 0.686070 1.020242 0.772389 2.160818 1.783143 1.154994 0.377540 0.954763 0.192006 -0.058085 -0.244210 
0.509961 1.001052 0.844367 0.934249 1.331108 1.991650 1.551556 0.677241 0.516349 -0.054277 -0.291620 -0.110748 
0.561680 1.030902 0.273082 2.013998 1.064329 2.626865 1.128793 0.637339 0.306374 -0.108994 -0.089087 -0.099548 
0.684927 0.542330 0.762499 0.801699 2.085794 1.722903 1.767967 0.925565 0.384090 -0.278311 -0.117750 -0.133274 
0.719750 0.959018 0.478732 0.719723 2.110089 2.923121 0.251494 0.741509 0.590253 -0.072796 -0.179491 -0.099512 
0.665078 1.044756 0.608938 1.109025 1.988730 1.227335 1.544854 0.830812 0.345901 0.021191 -0.115337 -0.125266 
0.928675 0.757153 2.074858 0.990249 1.709052 1.040323 0.966685 0.550687 0.179296 0.016604 -0.104587 -0.044839 
0.787615 0.940275 1.118421 1.621606 1.410332 0.975643 1.262217 0.860571 0.181801 0.127799 -0.184908 -0.091817 
0.910633 1.103860 0.907078 1.260943 0.699254 1.181981 1.026724 1.498041 0.071491 0.067071 -0.116088 -0.132161 
1.314172 0.721912 0.902819 1.108291 1.552563 1.081044 1.117554 0.596308 0.279187 -0.058016 -0.004711 -0.133310 
0.557768 0.988687 0.304725 1.574656 1.378178 1.409048 1.449057 0.926741 0.381268 -0.029594 -0.378247 -0.120859 
1.080257 0.582947 0.170533 1.015467 2.488657 0.623107 1.683708 1.504046 0.839785 -0.078320 -0.071911 -0.149661 
1.258252 0.907229 0.790946 1.467512 1.728624 1.504302 1.570889 0.836391 -0.048257 -0.120887 0.164681 -0.006555 
0.852949 1.483291 1.201624 0.662545 0.428659 0.995693 1.167281 1.367432 0.586357 0.275951 0.096680 -0.118173 
1.035434 1.294146 0.888473 1.512152 0.602602 1.741875 0.772436 0.930503 0.268137 0.230413 0.005952 -0.039145 
1.558940 0.889735 0.985994 1.494307 0.702596 0.554361 0.454676 0.340062 0.323794 0.786319 -0.082530 -0.032839 
1.438273 1.330554 0.777638 1.058932 1.125804 -0.125371 0.374123 1.067057 0.571115 0.125255 -0.013031 0.025526 
0.576878 0.796394 1.475070 1.341735 2.269797 1.076585 1.575004 0.662306 1.043963 0.003387 0.044177 -0.006360 
1.146645 0.314867 1.684492 1.186598 2.076241 0.947815 1.038012 0.463218 0.817323 0.325615 0.414336 -0.103313 
1.440689 0.314261 1.398382 0.976524 1.797942 1.302352 1.815339 0.512240 0.587813 0.221479 0.091635 0.000779 
2.415293 0.103739 1.633571 1.232131 0.171853 0.655693 0.531503 1.149987 0.716128 0.368645 -0.044935 0.027856 
3.682345 -1.798213 2.113590 0.055555 1.681397 1.110073 1.065343 0.921188 0.577071 0.300397 -0.040533 0.008816 
4.136321 -0.825597 0.729730 1.740554 0.829898 1.371318 0.680862 0.703215 0.998744 0.108569 0.104932 0.058758 
5.114282 1.470086 -0.674073 0.680582 1.531979 0.783439 0.600317 0.950855 0.727898 0.020551 0.074685 0.049159 
5.957039 3.548188 0.576810 -0.317841 0.192001 1.172663 1.375516 0.677852 0.362380 0.141886 0.075703 0.037616 
7.740664 3.090306 0.793269 -0.134532 0.455850 0.669464 1.136834 0.455058 0.065192 0.160181 0.236888 0.129147 
-1.#IND00 -1.#IND00 -1.#IND00 -1.#IND00 -1.#IND00 -1.#IND00 -1.#IND00 -1.#IND00 -1.#IND00 -1.#IND00 -1.#IND00 -1.#IND00 
-1.#IND00 -1.#IND00 -1.#IND00 -1.#IND00 -1.#IND00 -1.#IND00 -1.#IND00 -1.#IND00 -1.#IND00 -1.#IND00 -1.#IND00 -1.#IND00 
