0.051396 0.152715 -0.506704 -0.044496 -0.106478 -0.210927 0.060753 0.158009 -0.243186 0.151179 -0.017187 0.033723 
-0.057074 0.441476 0.066672 0.106115 -0.272258 0.763953 -0.185715 0.047269 0.273197 0.137832 0.064331 0.012937 
-0.077709 0.309484 0.069935 0.242561 -0.643642 -0.341846 -0.357225 -0.231147 0.624642 0.215516 0.006653 -0.088521 
0.285190 0.031919 0.218089 0.485758 0.192786 0.048626 0.644429 -0.606459 0.475323 0.393459 0.118723 0.092807 
0.191067 -0.195827 0.242015 -0.379099 0.178948 0.035323 0.203294 -0.370513 0.382376 0.082529 0.259318 0.023492 
-0.187074 0.219593 0.183263 0.055354 0.158895 0.263488 0.193965 0.194236 -0.286386 0.026907 -0.114984 0.097776 
0.022346 0.102649 0.001364 -0.444409 0.167817 -0.016230 -0.276459 0.066017 -0.032030 0.285657 -0.157941 0.012660 
0.071258 -0.177147 -0.197650 0.403109 0.234803 0.135477 0.329860 0.124434 0.203503 -0.232246 0.317468 -0.042328 
3.605419 0.643860 0.250300 0.039647 1.463809 1.290527 0.976064 1.042289 0.398093 -0.011040 0.153614 0.032185 
3.379986 0.906787 0.891033 -0.500752 1.319204 1.045897 0.946865 0.626802 0.234837 0.381521 0.043304 0.007780 
3.597308 0.318582 0.514204 -0.528164 2.238069 0.718297 0.968931 1.178135 0.822454 0.218505 0.110095 0.013021 
3.333877 0.347319 0.559487 -0.957791 1.008401 1.030522 0.688374 0.179430 0.872744 0.362468 0.011811 0.024145 
3.318336 0.182689 1.335392 -1.039347 1.659240 1.357856 0.939685 0.687747 0.638034 0.463814 -0.028394 -0.055249 
3.629489 0.503266 0.454028 -0.962768 1.233627 0.980505 0.320141 0.554629 1.057690 -0.245270 0.235188 0.084999 
3.514741 0.068380 0.326401 -0.333727 0.889196 1.039150 0.991576 0.935503 0.322683 0.244544 0.059795 -0.007923 
2.954914 0.394527 0.790049 -0.112955 1.136359 1.305238 1.182463 0.922963 0.629778 -0.243863 -0.069093 -0.002855 
3.397704 0.414703 0.537818 -0.357044 1.415454 0.053801 0.983366 0.858836 0.262874 0.140572 0.180038 0.031662 
3.737401 0.673935 0.542813 -0.695827 1.184458 0.530345 0.800497 0.437478 0.066145 0.466296 0.121184 0.010067 
3.224391 0.394258 0.756531 -0.244630 2.431776 0.393546 1.663996 0.723030 0.492312 0.319705 0.148847 0.026106 
1.318136 0.931638 1.078572 0.974319 1.007385 1.666038 1.480310 0.965701 0.925589 0.266321 -0.438265 -0.047716 
0.880690 0.555984 0.943591 1.817523 1.800216 1.180589 0.880472 1.599567 0.079294 0.293183 -0.209960 -0.030913 
0.882348 0.563196 1.336501 1.279059 2.323543 1.666045 0.449398 0.581718 0.482686 -0.033634 -0.026039 -0.065102 
1.065620 0.783150 0.666620 1.473142 1.407419 1.307772 1.025301 0.390440 0.462509 -0.032348 -0.157608 -0.075094 
0.887433 0.876936 0.705125 1.140859 1.341899 1.963194 1.072839 0.802339 0.474367 -0.171978 -0.058712 -0.113626 
1.013122 0.998910 0.129812 1.320422 1.551502 1.271592 1.630011 0.626864 0.411841 0.052481 -0.218096 -0.125688 
0.950702 0.652286 0.428568 1.303600 1.782230 0.707272 1.695881 1.316606 0.140858 0.030181 -0.193707 -0.147057 
1.013200 0.974086 0.111194 1.270359 1.308978 1.666504 1.228254 0.872821 0.660906 -0.187710 -0.295758 -0.097821 
0.524989 0.708014 1.060176 0.506866 1.668595 1.668503 0.816578 1.275437 0.441541 0.099703 -0.356900 -0.115854 
0.926269 0.832470 -0.135681 0.878760 1.664575 2.022079 0.766675 1.361422 0.246132 -0.290614 -0.320683 -0.125227 
1.254689 1.190004 0.511831 0.391115 1.109648 1.219094 0.959887 1.152658 0.497876 -0.246310 -0.277374 -0.118122 
1.050011 0.666552 0.514695 0.957030 1.502620 1.676124 1.232495 1.056386 0.305628 0.011461 -0.264581 -0.108184 
1.043305 0.389060 0.851898 1.321075 1.608545 1.410311 1.752158 1.045294 0.514819 -0.228218 -0.022439 -0.029262 
1.001823 1.035790 0.549589 0.832116 1.023989 1.693649 1.213614 0.860966 1.340857 0.495720 -0.052565 -0.146957 
0.971039 1.657811 0.518815 0.539527 1.709296 1.056309 0.836165 1.050843 1.038332 0.466145 0.182368 -0.123569 
0.801792 1.561012 0.412305 1.706768 1.932760 1.384458 0.071758 0.998203 1.058691 0.134197 0.025191 -0.096149 
1.117117 1.721732 1.581824 0.176502 1.900649 1.019360 0.570692 0.782967 1.092805 0.406768 -0.136565 -0.016242 
0.886255 0.636247 2.044144 0.783919 1.620497 1.420352 0.750588 0.647193 0.700254 0.290128 -0.023062 -0.039213 
0.844265 1.314098 1.419664 0.935371 1.053635 0.467857 0.604291 0.341504 0.404972 0.589483 0.121504 -0.078876 
1.187423 1.112439 1.553956 0.938995 0.599103 0.852904 0.677630 0.045442 0.540258 0.150911 0.138126 -0.015338 
0.812865 1.080517 1.729567 1.290247 0.204590 2.046327 0.691392 1.034363 0.317636 0.197166 0.123599 -0.041082 
1.381745 0.105102 1.907855 0.984083 0.614200 1.230231 1.637934 1.032223 0.309437 0.517328 -0.052067 -0.038423 
1.272371 0.494816 1.444281 1.342063 1.140952 1.236777 1.610713 0.820059 0.345088 0.493363 0.086134 -0.033705 
1.461763 0.586766 1.717211 1.712072 1.146685 0.781062 0.001305 1.350029 0.838816 0.592289 -0.090107 0.000755 
4.839385 -1.648764 1.746389 0.494669 1.537540 0.815117 0.487040 0.884581 0.448786 0.219711 0.336726 0.087794 
4.833774 -0.053521 0.076142 1.655190 1.096422 0.532795 0.740762 0.084913 -0.280761 -0.053411 0.376900 0.143082 
5.745256 3.738274 0.844444 -0.437256 0.321656 1.168285 1.001342 0.406310 0.216564 0.178877 0.160890 0.074323 
6.124674 1.465910 -0.947986 0.799507 1.579805 0.588554 0.707678 1.231052 0.842032 0.479272 0.132568 0.016883 
6.253610 3.804161 3.154563 2.354887 -0.578324 -0.220520 0.394989 0.441888 0.500260 0.388670 0.320176 0.107599 
-1.#IND00 -1.#IND00 -1.#IND00 -1.#IND00 -1.#IND00 -1.#IND00 -1.#IND00 -1.#IND00 -1.#IND00 -1.#IND00 -1.#IND00 -1.#IND00 
-1.#IND00 -1.#IND00 -1.#IND00 -1.#IND00 -1.#IND00 -1.#IND00 -1.#IND00 -1.#IND00 -1.#IND00 -1.#IND00 -1.#IND00 -1.#IND00 
