0.058972 0.098493 -0.022712 -0.130226 0.229936 0.255975 -0.340738 0.316347 -0.534474 0.045939 0.093956 -0.012458 
0.018679 0.273697 0.108547 0.600561 0.192126 -0.464325 -0.244083 -0.312305 -0.035116 0.250301 -0.119886 -0.083489 
-0.035362 -0.184271 0.462536 0.240419 -0.775251 -0.169373 0.592458 0.275353 -0.305256 -0.030466 -0.024286 -0.050783 
0.087832 0.124745 0.061081 -0.405597 -0.482034 0.080230 -0.076883 -0.234421 -0.245223 0.072584 -0.010372 -0.096055 
0.065706 0.097270 -0.191350 -0.316478 0.253333 0.192789 -0.766697 0.177862 -0.177942 0.252385 -0.048913 0.054539 
0.057498 0.162553 -0.493289 -0.029882 -0.090210 -0.193436 0.077258 0.172471 -0.231300 0.159378 -0.011736 0.035852 
-0.058171 0.439884 0.064416 0.103383 -0.276427 0.759810 -0.188996 0.044141 0.271392 0.136725 0.063497 0.012594 
-0.073132 0.316741 0.079165 0.255026 -0.630089 -0.328622 -0.344998 -0.221237 0.633639 0.222717 0.011499 -0.086664 
0.286063 0.033406 0.219952 0.487397 0.193991 0.050512 0.645826 -0.605224 0.476301 0.393963 0.119141 0.092937 
0.192271 -0.193839 0.244591 -0.375841 0.182982 0.039455 0.207462 -0.367229 0.385120 0.084710 0.260659 0.024225 
-0.189848 0.215225 0.177724 0.049307 0.151878 0.255737 0.185799 0.186739 -0.292835 0.022200 -0.118377 0.096490 
0.025584 0.107214 0.007724 -0.436609 0.176319 -0.007897 -0.267687 0.074351 -0.025767 0.290295 -0.155002 0.013811 
2.871371 0.556219 1.967031 -0.127885 0.731716 0.573760 0.823435 1.051323 0.507123 0.279417 -0.059702 -0.018638 
3.407580 0.877386 1.338317 -0.042007 1.014952 1.121590 0.839964 0.595621 0.702885 0.242013 0.062987 -0.000157 
3.184762 0.911415 1.410253 -0.342569 0.930302 0.774186 0.367945 1.050004 0.465803 0.224107 0.355705 0.015044 
2.994613 0.482076 1.453354 -0.548190 0.608064 1.418987 0.858088 0.673082 0.640569 0.447037 0.137245 -0.037849 
3.214368 0.941542 1.121454 -0.209593 1.620770 0.711726 0.013330 0.357142 0.386229 0.093552 0.168937 0.008779 
3.389285 0.665646 1.541027 -0.695319 1.243374 1.620051 1.001632 1.039848 -0.061185 0.254377 0.151750 -0.003502 
2.913146 1.072693 1.116681 -0.546269 1.355583 -0.532822 2.003112 0.590887 0.586148 0.473200 0.115224 0.030909 
1.210272 1.177319 0.343535 0.724343 2.522642 1.828949 0.902577 -0.084575 1.161070 -0.217110 0.031182 -0.063401 
0.475366 1.306812 0.738014 1.408734 1.723085 2.168670 1.359923 0.543523 0.646098 0.266490 -0.234911 -0.025956 
0.910374 1.121576 0.949293 1.857630 1.230170 1.339449 1.113729 0.815492 0.446863 0.359720 -0.199321 -0.044367 
0.913673 1.566079 0.282654 0.392002 2.290506 1.404708 1.471153 0.971142 0.574245 0.064015 -0.114198 -0.122263 
0.611404 0.620905 1.574397 0.847770 1.936993 1.324624 1.291359 1.385087 0.242608 -0.178138 -0.110312 -0.070975 
0.645271 0.750339 1.343027 0.897927 1.590365 0.945719 1.827129 1.230586 0.163776 0.009735 -0.221882 -0.083472 
0.811865 1.391841 1.034721 1.057038 1.283381 1.199522 1.081589 1.146328 0.365691 -0.067825 0.098159 -0.155667 
0.517268 1.238247 1.028486 1.522549 1.718133 0.642154 1.195035 1.080835 0.727689 -0.127048 -0.131959 -0.100967 
0.786621 1.030709 0.705312 0.873117 1.433827 1.473682 1.466801 1.213421 0.182388 -0.221133 -0.026209 -0.133176 
1.054525 0.762191 0.522479 0.805015 1.345272 1.569272 1.029120 0.836048 0.166506 -0.074572 -0.393229 -0.018972 
1.116600 1.232870 0.552996 0.662509 1.104171 1.660560 1.352060 0.642873 1.004500 -0.260553 0.002756 -0.076321 
1.101658 0.877350 0.859481 0.703641 1.062728 1.658429 1.317582 0.856991 1.001470 0.137345 -0.135006 -0.090451 
0.912613 0.654948 1.561730 1.145210 1.332279 1.404055 0.936368 0.355764 0.643467 0.486285 0.022202 -0.070858 
0.805608 1.079410 0.389566 1.236228 2.001047 1.264737 1.242102 0.519608 1.107531 0.150139 -0.020413 -0.102982 
0.796721 0.988296 1.181550 1.691775 1.402608 1.238600 0.545044 0.567125 0.905449 0.584781 -0.253832 -0.046064 
1.374583 1.856485 1.267284 0.871734 1.362288 -0.230171 -0.650605 0.003802 0.770905 0.568909 0.096105 -0.066779 
1.320861 0.548162 2.031600 2.158992 0.957827 -0.507481 0.455568 -0.288498 0.630322 -0.013466 0.185185 -0.041741 
0.824932 1.363361 1.107499 2.296506 0.966818 0.807677 0.182880 0.584683 0.268549 0.150043 0.239715 -0.077028 
0.345227 1.176949 0.702382 2.134264 1.928435 2.309779 1.174878 1.089222 0.242573 0.033449 0.028874 0.027833 
0.816121 1.193481 1.423789 1.116520 1.077003 1.796134 1.035073 0.954311 0.628225 0.170402 -0.095162 0.025755 
1.358992 0.383204 1.092905 0.364028 2.015649 1.654147 0.995669 1.231444 0.695042 0.032042 0.115732 -0.023012 
1.527642 0.464737 1.101533 1.010867 1.423902 0.943286 1.563790 1.186799 0.912545 0.012270 -0.031908 0.005141 
2.471359 -0.480661 1.986314 0.450686 1.772616 0.799631 1.166870 1.177179 0.236262 0.676291 0.120404 -0.060328 
3.464921 0.536964 -0.386106 1.554863 1.633530 0.673297 0.693245 0.482603 0.788302 0.445847 0.071258 -0.009724 
8.503748 0.052105 -0.692265 0.902036 2.385214 0.658822 0.521840 1.116107 0.768556 0.042782 -0.173483 0.004208 
3.861830 3.342073 2.628501 1.790948 0.985772 0.430535 0.205665 0.196244 0.286934 0.279149 0.227667 0.063013 
3.133659 2.673775 2.265623 1.796493 1.308875 0.883121 0.647632 0.408787 0.269580 0.190158 0.211960 0.023595 
3.954171 3.071685 2.942881 1.330193 0.323509 0.506406 0.583305 0.928042 0.126022 0.786096 0.361990 0.076020 
4.448006 3.085845 3.610779 4.008101 2.805187 0.727065 1.159982 1.817309 0.405057 0.164680 0.195549 0.092801 
-1.#IND00 -1.#IND00 -1.#IND00 -1.#IND00 -1.#IND00 -1.#IND00 -1.#IND00 -1.#IND00 -1.#IND00 -1.#IND00 -1.#IND00 -1.#IND00 
-1.#IND00 -1.#IND00 -1.#IND00 -1.#IND00 -1.#IND00 -1.#IND00 -1.#IND00 -1.#IND00 -1.#IND00 -1.#IND00 -1.#IND00 -1.#IND00 
