0.193433 -0.193652 0.243436 -0.376045 0.184004 0.040367 0.208805 -0.368195 0.386541 0.085857 0.261802 0.024773 
-0.189953 0.211415 0.177149 0.049791 0.150457 0.256646 0.181646 0.184708 -0.296401 0.021458 -0.119901 0.096566 
0.025535 0.108977 0.006956 -0.432918 0.180972 -0.005684 -0.267763 0.077460 -0.022899 0.289804 -0.155110 0.013694 
0.067656 -0.176777 -0.105721 0.356482 0.248372 -0.011209 0.435261 0.090285 0.206318 -0.225235 0.354864 -0.024638 
3.222598 0.659962 0.928850 -1.102157 1.257386 2.087606 1.387744 0.416747 0.334407 0.534532 0.054346 -0.011578 
3.123247 0.536124 0.904123 -1.339891 0.841164 0.505190 1.126044 1.268887 0.193513 0.162126 -0.168658 -0.055742 
3.242756 0.006286 0.080873 -1.533996 0.705543 0.350566 -0.031052 0.427551 -0.332932 -0.040785 0.171136 -0.063202 
3.317127 0.325662 0.814025 -0.300237 0.948159 0.559107 0.707360 0.623969 0.235145 0.082305 0.078016 -0.006220 
3.358611 0.491355 0.380872 -1.099703 1.015684 0.434748 0.033380 0.614378 0.238127 0.062372 0.048486 -0.026139 
3.412121 0.424873 1.115361 -0.131226 0.710904 0.837748 1.205528 0.468251 0.229344 0.246314 0.074944 -0.011234 
3.069107 0.894848 -0.077570 -0.697348 1.186784 1.171793 0.735221 0.014533 0.100153 0.439829 0.115152 0.045835 
3.047222 0.162706 0.021670 -0.905995 0.733615 0.858917 -0.021913 0.933137 0.622049 0.068486 0.202086 -0.022780 
3.288357 0.031994 1.443845 -1.020801 1.418493 0.808348 0.709893 1.076281 0.217670 0.335880 -0.000472 -0.035382 
3.389895 0.521912 1.453036 -0.836153 1.846231 1.070728 1.120182 0.607150 0.942207 0.563112 0.055576 -0.001441 
3.233983 0.287334 0.807275 -0.560033 1.170809 0.396072 0.961715 1.151914 0.166667 0.569748 0.089156 -0.040571 
3.195105 0.912860 0.568770 -0.348778 1.785512 0.986511 1.601599 1.321367 0.680148 0.410549 0.140000 -0.018580 
3.044956 0.402321 0.985737 -0.777177 1.572803 1.515896 1.245047 0.536600 0.173523 0.326842 0.136317 0.003131 
3.400564 0.457531 1.692567 0.045663 1.365193 1.303391 1.056553 1.374106 0.839164 0.504790 0.013134 -0.041561 
2.977338 0.304186 0.945950 -0.369751 1.089795 -0.213940 0.992146 0.912781 -0.165262 0.445202 0.331760 0.031050 
3.452423 0.445298 1.156852 -0.257739 0.829553 0.861298 0.039044 0.882859 0.670619 0.045594 0.054430 -0.036582 
2.869274 0.877800 0.977963 -0.347968 1.531479 1.118063 0.845178 0.579130 0.682828 -0.343873 -0.090265 0.014894 
1.026608 -0.032024 -0.550320 0.678651 1.876999 1.916726 1.806718 0.141288 0.889566 0.380928 -0.785618 -0.127814 
1.247433 0.847087 0.657134 1.720785 1.266320 0.957025 1.265783 1.298797 0.162687 -0.077599 0.115537 -0.090633 
1.201673 1.291385 0.245514 0.847481 1.496835 0.919482 1.006969 0.707793 0.776445 0.130227 -0.172327 -0.135717 
0.614814 1.073004 1.178835 1.209518 1.765232 1.243213 0.656402 1.178041 0.346466 0.054351 -0.115208 -0.110491 
0.800504 0.983344 0.953954 1.443453 1.225227 1.267899 0.988247 1.023040 0.717616 0.002542 -0.193131 -0.129440 
0.841916 0.669497 0.252988 1.033127 1.590587 2.365347 1.219134 0.565935 0.434290 -0.001521 -0.439791 -0.085769 
0.840087 0.871690 0.451111 0.795498 2.006569 1.660599 0.651584 0.880560 0.503677 0.351311 -0.377576 -0.157320 
0.679119 0.804748 0.705045 1.030647 1.301933 2.305594 1.531362 0.716715 0.386954 -0.418285 -0.025186 -0.135022 
0.619077 0.896591 1.059754 1.549652 1.586742 1.172718 1.673932 0.368104 0.797626 -0.121460 -0.305307 -0.060799 
1.011518 0.082532 1.199250 1.541051 1.688244 1.310838 1.830112 0.531534 0.173441 0.097066 -0.070719 -0.152969 
0.819782 0.302904 1.664710 0.744067 1.657104 0.985795 2.236919 1.072633 0.300087 -0.057898 -0.003337 -0.135681 
1.338744 0.616044 1.402954 0.742622 1.408692 0.897541 1.640642 1.232634 0.603369 0.019968 -0.025903 -0.076948 
3.833177 0.468010 0.876638 0.482836 1.485637 0.533245 1.006247 -0.029233 0.260154 0.832318 0.075449 -0.092825 
5.082313 0.671868 0.564316 1.052362 1.128355 0.471577 0.963302 1.168405 0.430150 -0.237006 -0.022677 0.046783 
2.621780 1.019426 1.581990 -0.621661 1.197480 1.501589 1.259432 0.445674 0.934847 0.252682 -0.097803 0.005169 
1.715936 0.868847 1.216986 0.861070 0.487989 1.363608 1.584126 0.757414 0.643651 -0.095980 0.016438 -0.016070 
0.912031 1.079404 1.170330 1.578624 1.211750 0.850889 0.810353 1.174081 0.183966 0.113220 -0.093260 -0.027755 
1.025728 0.963010 1.314192 1.580212 0.647654 1.563667 1.847381 0.543267 0.062002 -0.067536 0.144912 -0.052163 
1.011316 1.248175 0.485061 1.172526 1.785430 1.413404 0.709254 0.898797 0.112608 -0.039239 0.091799 -0.008658 
1.337542 0.869775 1.198767 1.225884 1.834044 0.729023 0.946443 0.600760 0.191759 0.429690 0.030280 -0.018707 
1.212160 1.308591 1.700884 0.990631 0.109745 0.892588 0.172738 0.378853 0.719188 0.564698 0.162205 -0.040536 
1.100252 0.634561 1.736221 2.132859 0.898771 0.355894 0.457695 0.869382 0.522063 0.143344 0.116421 -0.031770 
0.461467 1.367040 1.638269 0.884878 1.375465 2.043249 1.553918 0.845944 0.403543 0.496052 -0.032266 -0.023890 
0.625079 1.033826 1.994425 1.551890 1.179001 0.928001 1.211476 1.114912 0.234126 0.400490 0.336919 -0.082119 
0.473255 1.218189 1.322689 2.042685 1.758533 1.438392 0.965226 0.904170 0.220018 0.124948 0.215908 0.012537 
1.148704 0.991654 1.097374 0.867783 1.407739 0.504176 1.007040 1.497324 0.724289 0.276431 0.202149 -0.050646 
1.238954 0.662272 1.307660 1.382254 1.151747 0.982951 1.130175 1.109790 0.928949 0.095910 0.060358 -0.003274 
-1.#IND00 -1.#IND00 -1.#IND00 -1.#IND00 -1.#IND00 -1.#IND00 -1.#IND00 -1.#IND00 -1.#IND00 -1.#IND00 -1.#IND00 -1.#IND00 
-1.#IND00 -1.#IND00 -1.#IND00 -1.#IND00 -1.#IND00 -1.#IND00 -1.#IND00 -1.#IND00 -1.#IND00 -1.#IND00 -1.#IND00 -1.#IND00 
