3.449405 0.758291 0.743615 0.273996 1.281611 1.493861 0.875978 1.109942 0.460766 0.563397 0.274277 -0.030599 
3.440415 0.371499 1.430619 -0.478799 0.551653 0.818542 0.735245 1.041792 0.042298 0.206154 0.229548 -0.029149 
3.489611 0.545965 1.148223 -0.649700 0.461197 0.863532 1.102700 1.183852 0.413510 -0.132980 0.000412 0.024255 
3.060932 0.805594 0.728847 0.340839 0.594183 1.102656 0.923506 0.311354 0.540194 0.665642 -0.032862 -0.025556 
3.053687 1.130684 0.937400 0.861124 1.940220 1.673528 0.879223 0.986695 0.851475 0.480806 0.147805 -0.002877 
3.452882 0.534081 1.180241 -0.283262 1.607184 0.928177 0.790709 1.186131 0.569098 0.164894 -0.137127 -0.083799 
3.544471 0.818201 1.406178 -0.114953 1.179506 0.035011 0.624335 0.879404 0.099996 0.334675 0.121230 -0.002222 
3.461586 0.607695 1.334931 -0.705379 1.502473 1.019190 -0.549900 0.386751 0.382765 0.276656 0.204896 -0.012240 
3.467235 0.887244 1.484794 -0.326147 1.268553 1.326693 1.332605 0.225603 0.064309 0.748316 0.125917 -0.011277 
3.300638 0.674528 1.168840 -0.205416 1.566922 0.745951 0.171226 0.583533 0.227392 -0.043200 0.134201 -0.000177 
3.650996 0.623493 1.133314 -0.795538 0.685777 0.484504 0.503605 0.475475 0.277426 -0.217630 -0.184997 -0.031803 
3.593383 0.732473 1.395454 -0.236422 1.592185 0.748120 1.254518 0.386987 0.171032 0.663063 0.174841 -0.002596 
3.780530 0.725930 1.186068 0.040811 1.269459 0.734380 0.907255 0.808014 0.677307 0.493008 -0.080165 -0.041740 
3.195941 0.669274 0.655444 0.355113 0.983055 0.940573 0.861898 1.048149 0.478666 0.445435 0.109310 -0.036170 
3.404143 0.749613 1.218673 -0.042617 0.887187 0.096627 0.551659 0.886991 0.273797 0.044217 -0.070783 -0.041518 
3.315566 0.582821 1.167223 0.197202 1.462502 1.140258 0.644916 0.462290 0.303067 0.288464 0.053458 -0.007724 
3.522231 0.665818 1.084818 -0.526705 1.363985 1.661097 0.857983 0.982358 0.331035 0.210584 0.218033 -0.011471 
3.738299 1.038994 0.824260 -0.202658 0.972418 0.860282 1.050603 0.445204 0.235668 0.252793 0.130898 0.002003 
3.334089 0.378412 0.794834 -0.563014 1.319403 1.403561 0.271587 0.869696 0.020438 0.386624 0.250699 -0.018616 
3.311240 0.551032 0.811399 0.085491 0.581052 0.673008 1.028841 0.812146 0.338708 0.209813 0.210267 0.039529 
3.460469 0.883524 0.970305 -0.269990 1.663663 1.034828 0.398548 1.243274 0.191071 0.313583 0.206669 -0.038049 
1.746853 1.745082 0.451615 0.206211 0.583759 1.058150 1.529487 1.055673 0.930369 0.706601 -0.026825 -0.089550 
0.635286 0.780792 0.894873 2.292207 1.415209 1.382816 1.698036 1.447316 0.567638 -0.036003 0.039675 0.002486 
1.317340 1.145715 1.267617 0.754034 1.310160 1.278143 1.320149 0.733736 0.735987 0.032438 0.095374 -0.019948 
0.842146 0.880518 0.628261 1.693168 2.278541 1.710504 1.224845 0.845787 0.469623 0.245484 0.129698 -0.025563 
0.517112 0.931430 1.363429 1.366709 1.351146 1.359196 1.831936 1.597512 0.746054 0.494687 -0.047248 -0.088196 
0.344646 1.280394 0.929056 1.853511 2.193989 1.708740 1.332136 1.065946 0.274032 0.258294 0.054764 0.027273 
0.992933 0.879565 1.232638 1.819320 1.441298 0.955409 1.662797 0.119077 0.422169 0.349440 0.057320 -0.025282 
0.463611 0.796846 1.526766 2.135117 1.706379 0.854483 2.045353 0.759785 0.478556 0.348417 0.049005 -0.018380 
0.811763 0.590222 1.510365 1.129413 1.978003 1.073245 1.338889 1.585023 0.711810 0.062163 0.030714 -0.036117 
0.645347 0.978945 1.381919 1.891423 1.651586 1.588513 1.022102 0.810565 0.221643 0.359555 -0.038570 0.036674 
0.690678 0.441901 0.870329 2.197180 1.867217 2.204567 1.085118 1.036273 0.424847 0.236549 0.143500 -0.077470 
0.412071 1.302336 1.429082 1.416110 1.520725 1.023435 1.763690 0.877068 0.123966 0.566500 -0.284006 0.004595 
0.329196 1.389915 0.833215 1.539762 2.171705 1.590027 1.034424 1.308095 0.661576 -0.191436 0.076657 -0.067479 
0.583416 1.542647 1.459554 1.275920 1.704990 0.945709 0.961087 1.614357 0.265515 0.342656 -0.056949 -0.059871 
0.890934 1.028438 0.796969 1.217654 1.405571 1.160966 1.157391 1.309067 0.800993 0.466508 -0.172386 -0.115327 
1.033939 1.058664 0.852494 1.150802 0.817664 1.792478 1.614661 0.473840 0.215090 0.146982 -0.066699 -0.090412 
1.185994 1.305769 1.305028 1.240749 1.589419 0.108877 0.657723 -0.023309 0.628623 0.197841 -0.105797 -0.022557 
1.289427 1.134551 1.397691 1.431571 1.134111 0.582656 0.340776 0.463941 0.060290 0.252618 0.087621 -0.032095 
1.653763 0.044990 1.179401 2.595503 1.971134 1.413156 0.303590 0.747816 0.338373 0.188428 0.089023 -0.002924 
1.034739 0.240869 1.561298 1.364352 2.001753 1.434544 1.340882 0.771353 0.844548 0.703637 -0.068477 -0.091261 
1.130029 0.765186 1.599861 1.676220 0.671170 0.495305 1.179254 1.098796 0.241256 0.188791 0.085647 -0.001084 
1.719329 -0.641400 2.234214 1.437838 1.977060 1.411371 0.738213 0.672273 1.209115 0.499351 -0.051480 -0.060645 
2.229998 0.210890 1.691191 0.611049 1.218110 1.010181 1.153987 0.658480 0.444190 0.577693 0.138900 -0.022377 
3.802275 -1.318933 2.136952 0.249680 1.311813 0.407826 1.238841 0.487197 0.393927 0.557146 0.243282 0.067166 
4.632708 0.951077 0.351198 -0.153318 1.602132 0.962956 1.086814 1.154535 0.661835 0.238450 0.282806 0.077047 
4.605441 1.083728 0.098943 1.015954 1.029423 0.661132 0.741868 0.715674 0.409697 0.376950 0.037208 -0.028084 
7.026490 3.240845 0.051624 -0.314502 1.118237 1.624332 0.763750 0.186969 0.382475 0.296611 0.306399 0.098749 
-1.#IND00 -1.#IND00 -1.#IND00 -1.#IND00 -1.#IND00 -1.#IND00 -1.#IND00 -1.#IND00 -1.#IND00 -1.#IND00 -1.#IND00 -1.#IND00 
-1.#IND00 -1.#IND00 -1.#IND00 -1.#IND00 -1.#IND00 -1.#IND00 -1.#IND00 -1.#IND00 -1.#IND00 -1.#IND00 -1.#IND00 -1.#IND00 
