3.660017 1.033983 1.068053 -0.062548 0.825048 0.749660 1.089100 0.552909 0.176596 0.304150 0.195616 0.010676 
3.668257 0.655048 1.440280 -0.228299 0.889388 0.959611 1.454646 0.847855 0.359219 0.331560 0.118707 -0.007654 
3.412770 0.387378 0.818153 0.142862 1.666337 0.722061 0.710838 0.917144 0.495142 0.401368 0.119536 -0.048113 
3.559433 0.782064 1.317427 -0.348142 1.405034 1.084477 0.570415 0.828868 0.344772 0.162599 0.134980 0.012309 
3.631606 0.846770 1.710203 0.049691 1.887799 1.272875 1.187239 1.192588 0.533967 0.575353 0.286486 0.004945 
3.493245 0.835744 1.457885 -0.481417 0.989829 0.767072 0.940421 0.991210 0.228075 0.574936 0.207266 -0.023100 
3.595926 0.777849 0.623945 -0.118458 1.390272 1.356323 0.922581 0.822932 0.004765 0.216791 0.034925 -0.016480 
3.421326 0.677031 1.187456 -0.041151 0.824086 0.269641 0.586464 1.058067 0.044653 0.133428 0.123118 -0.028526 
3.407202 1.212631 1.266702 0.154648 1.020149 1.233773 1.205139 0.964832 0.286394 0.181467 0.173160 -0.015023 
3.468792 1.463951 1.492465 0.936747 1.634262 0.947368 1.088619 0.442199 0.268748 0.109703 0.124058 -0.008926 
3.502519 1.342781 1.304102 -0.209773 0.985216 1.054814 1.103016 0.625993 0.350695 0.176664 -0.061486 -0.086353 
3.643439 1.144390 0.977800 0.318488 1.592617 1.009327 0.978785 1.401813 -0.124947 0.028053 0.035490 -0.074496 
3.013566 0.650019 0.967688 0.689692 2.028105 1.856564 1.160430 0.773844 -0.108501 0.134127 0.055327 -0.020750 
3.170821 0.770673 0.957961 -0.615904 1.861220 0.980391 1.257725 1.226029 0.080999 0.387726 0.095197 -0.060479 
3.296590 0.780736 1.698159 0.097439 1.120873 1.103621 0.359820 0.491612 0.805428 0.362655 0.245293 0.002356 
3.416424 0.540381 0.718433 -0.114499 1.340385 1.358475 0.653255 0.723722 0.954651 0.199541 0.152915 -0.018891 
3.303118 0.914640 1.245202 -0.707826 1.776965 0.958841 0.737102 0.278654 0.265777 0.289021 0.042789 0.002644 
3.471553 0.502340 1.580401 -0.449094 1.300641 0.911736 1.603855 0.808553 0.576668 0.654550 0.269657 -0.003995 
3.526726 0.262980 1.764430 -0.381212 1.210751 0.945828 0.565657 1.480180 0.407594 0.133157 0.211888 -0.048443 
3.520108 1.021965 0.856952 0.222837 1.148394 1.564441 0.427636 1.059234 0.806117 0.372306 0.272737 -0.016049 
3.324753 1.100510 1.443470 -0.344241 1.315820 1.694545 1.099772 1.333814 0.753561 0.548818 0.300867 -0.023319 
0.767549 1.267706 2.212929 0.438774 1.064872 1.076809 1.499176 2.174311 -0.263443 0.066621 -0.030001 -0.029972 
0.647202 1.153609 1.114238 1.146667 1.086893 1.783185 1.787162 1.605593 1.235652 0.036020 -0.036706 -0.114069 
1.094184 1.301252 1.144342 1.885382 1.418758 1.071525 0.715025 0.468763 0.913117 0.087827 -0.039099 -0.009821 
0.704508 0.791126 1.587611 1.144623 1.509032 1.847723 0.678390 0.769078 0.793017 0.054653 0.030117 -0.010319 
0.985072 0.909851 1.283890 1.400423 1.074717 0.886426 0.728245 1.037372 1.115672 0.328526 0.060748 -0.067973 
0.491705 1.150964 1.665195 1.373854 1.417156 1.557835 1.293497 0.730862 1.249675 0.089044 0.050729 -0.043106 
0.961345 1.357519 1.140126 0.963354 1.280399 1.849617 0.436773 0.746069 0.862189 0.595562 -0.086590 -0.052531 
1.158186 0.734684 1.447190 1.275590 1.314772 1.555584 1.138250 0.905137 0.857124 -0.050022 -0.054889 0.001215 
0.911954 1.196275 1.640656 1.508989 1.285522 1.018845 0.987496 0.741451 0.726781 0.105559 0.319598 -0.102615 
1.249482 0.404635 1.102660 1.555145 1.550802 1.468311 1.246339 1.193575 0.592348 -0.100671 0.092811 -0.029997 
0.713272 1.118341 1.164085 1.380868 2.169830 1.686435 1.249699 0.230466 0.605245 0.300759 0.053037 -0.038549 
0.728802 0.724259 1.258196 1.301188 1.692300 2.155661 0.916341 0.703993 0.871617 0.020173 0.151381 -0.096429 
0.898927 0.442983 0.925129 1.557974 2.337910 1.294906 1.774949 0.538472 0.752343 0.177330 0.002936 -0.044295 
0.711210 0.994703 1.200640 0.875635 2.948723 1.464959 0.998025 0.524664 0.204751 0.270207 0.049220 -0.053867 
0.972969 0.183237 1.255062 1.298599 2.277692 0.876329 0.758022 1.305987 0.713708 0.054193 -0.054653 -0.113190 
0.748580 1.337161 0.506823 1.066500 1.625877 1.338270 1.429494 0.898244 0.682699 0.034643 -0.098373 -0.087303 
1.333181 0.476440 0.839331 1.256302 1.002781 0.659287 0.494199 1.128901 0.913038 0.267161 -0.127148 -0.141473 
1.084270 1.505753 1.443598 1.469793 0.235614 0.876527 -0.242388 0.505318 0.260095 0.294959 0.063508 -0.084715 
1.655710 1.212760 0.768500 1.310386 1.043354 0.792410 0.227380 0.709092 0.186696 -0.189111 -0.067174 -0.008359 
1.104816 1.323252 0.048088 1.654849 1.559053 1.421102 0.866060 1.211710 0.398775 0.240026 0.199316 -0.082388 
0.864380 1.218713 2.042589 1.565275 0.951723 0.249900 1.734438 0.136197 0.752706 0.730173 0.042825 -0.057900 
1.604958 -0.205884 1.978945 1.728727 1.030434 1.212453 0.791363 0.925539 0.759830 0.398840 0.068534 -0.045498 
3.870922 -0.644318 1.384011 0.743242 1.026785 0.220163 1.083966 0.496276 0.743042 0.553145 0.288093 0.051689 
5.421849 -1.392020 2.224663 0.802344 1.233648 0.351594 0.112584 0.711919 0.506604 0.100045 -0.007360 0.044459 
5.731548 2.498824 0.017471 -0.310493 0.921921 0.987250 0.520027 0.182141 0.146236 0.218741 0.205413 0.063392 
4.085602 0.376490 0.610202 1.410954 1.153949 1.169749 1.013457 -0.100255 0.807920 0.009862 0.133060 0.053261 
4.625508 2.635167 3.305099 3.260385 1.279578 0.269471 0.515912 0.617753 0.318264 0.102052 0.276922 0.097428 
-1.#IND00 -1.#IND00 -1.#IND00 -1.#IND00 -1.#IND00 -1.#IND00 -1.#IND00 -1.#IND00 -1.#IND00 -1.#IND00 -1.#IND00 -1.#IND00 
-1.#IND00 -1.#IND00 -1.#IND00 -1.#IND00 -1.#IND00 -1.#IND00 -1.#IND00 -1.#IND00 -1.#IND00 -1.#IND00 -1.#IND00 -1.#IND00 
