3.377542 0.339843 1.333142 -0.113581 1.573238 1.396506 1.225166 1.428463 -0.181459 -0.034834 0.116386 -0.007604 
3.338860 0.574672 0.995413 -0.728086 0.668548 0.972267 0.414880 0.666446 0.612331 0.389884 0.060063 -0.044709 
2.973903 0.816674 0.639884 -0.949302 0.607811 1.392436 -0.012500 0.846097 0.097754 0.141165 -0.030729 -0.030186 
2.986983 0.457926 1.151351 -0.398541 0.999213 0.564841 0.348718 0.731815 0.772685 0.063558 0.040869 -0.037785 
3.301987 0.350897 0.683232 -0.907631 0.961161 1.419092 0.925651 1.169670 -0.102971 -0.075992 0.184138 -0.034579 
3.241535 0.364149 1.414469 -0.289407 1.202342 1.731733 0.735852 0.173272 0.491177 0.435122 0.211035 -0.019210 
3.291922 0.782395 0.350179 -0.817662 0.482648 1.232010 1.264877 0.781360 0.300660 0.275703 0.099744 -0.031098 
3.195075 0.582588 1.063988 0.231821 1.758120 0.890739 0.737334 1.311130 0.645296 0.358052 0.039510 -0.050876 
3.304332 0.535982 0.848592 -0.246548 0.304188 0.713368 1.008137 1.029693 0.054445 -0.028221 0.028534 -0.046756 
3.381227 0.138879 0.530620 -0.634932 1.287795 0.531788 0.304291 0.327854 0.112150 0.550723 0.256662 -0.001922 
3.238179 0.133909 0.817801 -1.133331 1.581563 0.558496 1.022419 0.328816 -0.128321 0.388141 0.143838 0.008747 
3.254189 0.073582 0.555254 -1.094770 1.622247 1.157000 0.412906 0.546618 0.210437 0.418649 -0.020634 -0.037219 
3.066063 0.232626 0.765389 -1.863811 1.298133 1.121460 0.784465 0.897889 0.058799 0.269465 -0.094692 -0.066930 
3.224047 0.253943 0.390109 0.194051 2.112493 0.308573 0.835859 1.061468 0.539433 0.530222 0.103355 -0.019540 
3.194376 0.726582 0.810145 -0.708426 1.572539 0.960509 0.741286 1.129652 0.388578 -0.092900 0.149977 0.024109 
3.354209 0.233725 0.128262 -0.730126 1.236844 0.717295 1.265340 0.736967 0.629623 0.011458 0.117971 0.008016 
3.195631 0.072452 0.882264 -0.685527 0.979349 0.930006 0.068378 0.636554 0.476571 0.239482 0.145599 -0.019530 
3.129942 -0.138218 0.518921 -1.065972 0.823055 0.468422 -0.347744 0.471787 0.308362 0.561964 0.051593 -0.010043 
3.212513 0.161156 0.334325 -0.360931 0.827058 1.439488 0.177532 0.691666 0.369188 0.215990 -0.031728 -0.016419 
3.391881 0.337861 0.837984 -0.672928 0.532730 0.651145 0.608618 0.073483 0.458872 -0.310756 0.070857 0.080103 
3.291791 -0.185037 0.961069 -0.894764 1.168456 0.146567 0.569223 0.896050 -0.274320 -0.282593 -0.099549 -0.030401 
3.204946 0.635053 0.971131 -0.498298 1.072877 1.348728 0.759151 0.114588 -0.190852 -0.239547 -0.148846 -0.067030 
3.496576 0.935559 0.821501 -0.130161 0.737595 0.784175 0.834414 0.934296 0.202401 -0.277639 -0.283051 -0.116444 
2.391410 0.571118 0.604946 0.294925 -0.192021 1.167722 0.478862 1.066010 0.787156 -0.058819 -0.163793 -0.054281 
0.671878 0.940499 1.755609 0.779261 1.834739 1.571805 1.721177 0.897232 0.576164 0.117071 0.093136 -0.054655 
0.898933 0.767543 1.995779 1.549114 0.697648 1.344739 1.367285 1.114470 0.685544 0.248658 0.198620 -0.102137 
0.761188 0.850881 2.051405 1.229896 1.234500 1.122358 0.887769 1.065243 0.865804 0.413886 -0.159074 -0.025146 
0.611108 0.585820 1.269522 1.811842 1.893731 1.302282 1.326386 1.290818 0.717199 0.520549 -0.104374 -0.093591 
0.514572 1.012012 0.909917 1.487129 1.451734 2.116434 1.140351 0.973236 0.924414 0.163823 0.021820 -0.062518 
0.569805 1.261912 1.130147 1.428820 1.680992 1.268175 1.562122 0.892034 0.571634 0.164603 0.123063 -0.061392 
0.573154 1.031635 1.747987 1.026593 2.312275 1.447875 1.407131 0.278043 0.709239 0.107948 0.215744 -0.026573 
0.753303 0.204658 1.867589 2.270287 1.768524 1.992420 0.761286 0.442317 0.926142 0.096632 0.214646 -0.030800 
0.698162 1.323198 1.033650 0.891297 1.648331 1.752778 1.398491 0.821775 0.876522 -0.124021 0.225724 -0.120601 
0.719090 0.944625 1.599432 1.825680 1.698459 1.269024 1.486830 0.993198 -0.095145 0.306636 0.060694 -0.012780 
0.430070 1.199379 1.643338 0.985835 1.895000 2.406898 1.907221 0.325224 0.409542 0.247412 -0.105144 0.046133 
1.112629 0.501406 1.640279 1.327669 1.503614 1.251089 1.465422 0.825466 0.616102 -0.051704 -0.101026 0.025501 
1.183562 1.379990 0.777097 1.160698 2.179473 1.250809 0.919044 0.207704 0.247626 0.315632 0.081927 -0.056781 
0.379190 0.751260 1.580639 1.226307 1.720750 1.712056 1.059483 1.192903 0.728637 -0.076719 -0.225478 -0.053859 
1.246789 1.535527 0.766504 1.164560 0.797295 1.191180 1.059134 0.771698 0.676845 0.419623 -0.315219 -0.001190 
1.255487 1.044689 0.888418 0.903420 1.643023 0.498326 1.830842 0.327839 0.496311 -0.049152 0.178428 -0.062365 
1.175744 1.062662 1.202880 1.806184 1.413773 0.441773 1.610870 0.651572 0.252075 0.487231 0.099685 -0.040535 
1.578144 1.047419 0.776182 1.398440 1.231277 0.822149 0.874595 0.777904 0.737571 0.461499 0.193616 -0.047709 
1.717167 -0.033771 1.998094 0.316738 1.523571 1.422314 0.826716 0.714924 0.671214 0.496355 0.001217 -0.018182 
1.636506 0.113362 1.219482 0.968950 1.431372 1.108032 1.680733 0.263938 0.293617 0.621579 0.197884 -0.042579 
2.054605 0.629206 1.104847 1.007878 1.192790 1.183004 1.112799 1.043599 0.283263 0.115758 0.316088 0.000320 
4.097343 -0.763178 1.365232 1.562268 1.472850 0.872217 0.993111 0.384432 0.431250 0.213103 0.249470 0.080679 
6.322713 -2.264437 1.644833 0.864212 1.160167 1.087850 0.383720 0.309611 0.413272 0.136656 -0.052814 0.030988 
4.854204 2.718582 0.454178 0.045259 0.816528 0.987292 0.374980 -0.051999 0.153459 0.323188 0.285209 0.082173 
-1.#IND00 -1.#IND00 -1.#IND00 -1.#IND00 -1.#IND00 -1.#IND00 -1.#IND00 -1.#IND00 -1.#IND00 -1.#IND00 -1.#IND00 -1.#IND00 
-1.#IND00 -1.#IND00 -1.#IND00 -1.#IND00 -1.#IND00 -1.#IND00 -1.#IND00 -1.#IND00 -1.#IND00 -1.#IND00 -1.#IND00 -1.#IND00 
