3.201227 0.963934 0.732793 -0.647852 1.186052 0.879964 0.372415 0.937389 0.078362 -0.265411 0.104282 -0.007924 
3.302095 0.930992 0.537131 -0.727763 0.912934 0.330883 0.731115 0.937106 0.341330 0.191236 0.204603 0.013285 
3.466099 0.554776 0.120135 -0.379904 1.146817 0.133058 0.489752 0.929656 0.034409 -0.013201 -0.096299 -0.064090 
3.354819 0.701284 0.557202 -0.264418 1.431393 1.326377 0.398573 0.291731 -0.229151 0.451995 -0.002607 -0.054055 
3.720414 0.728646 1.264315 -0.558555 2.059573 0.390029 1.038124 0.417921 0.566594 0.367899 0.093064 0.038208 
3.292343 0.528493 0.576132 -0.308624 0.700717 1.189825 1.105557 0.060639 -0.024090 0.277217 0.229791 -0.023080 
3.388100 0.745376 0.947936 -0.632000 0.555778 1.140459 0.663424 0.009544 0.576126 0.386972 0.136998 0.051388 
3.704781 1.291395 1.420146 -0.369280 1.152458 0.988685 0.314186 0.681874 0.446091 0.594019 0.279944 0.005136 
3.453211 0.946107 1.666287 -0.364493 1.660251 1.315062 0.221406 0.859275 0.249609 0.341187 0.415749 0.008950 
3.335865 1.112514 1.094418 -0.149693 1.297643 1.377984 0.794684 0.923900 0.056216 0.658408 0.122711 -0.023639 
3.309942 0.662058 1.195618 -1.082925 0.587093 0.669080 0.988649 0.982552 0.193729 0.719410 0.196750 -0.018343 
3.151160 0.831422 0.848511 -0.190515 1.210038 1.112626 0.898008 0.649745 0.393110 0.170966 0.112779 -0.044290 
3.315002 0.930564 1.163004 -0.656194 1.040163 1.078327 0.362709 1.200026 -0.110497 -0.399499 0.254450 0.003019 
3.436693 0.888047 1.328176 0.069250 0.631581 1.531198 1.449580 0.729499 0.348939 0.082794 0.008558 -0.012229 
3.281037 1.154233 0.854511 0.397896 1.299349 0.384795 0.224883 0.550256 0.270030 -0.133086 0.175008 0.012393 
3.462355 0.739653 0.813538 -0.181647 2.225963 1.764392 0.730680 0.780635 0.613236 0.472116 0.300658 0.004911 
3.408947 1.249353 1.100047 0.037383 1.386544 0.373109 0.908606 1.449546 0.207477 0.268640 0.403231 0.038960 
3.352299 0.688837 1.259709 -0.703717 1.375837 1.100165 0.151342 0.530211 0.225680 0.464014 0.221926 -0.016862 
3.006218 0.187389 1.074941 -0.092152 1.534790 -0.079090 0.740053 0.979132 -0.010737 0.427798 0.011476 -0.019394 
3.478591 0.890003 1.251968 -0.541414 1.500678 1.304084 0.676336 0.943519 0.281237 0.319025 0.135143 -0.031580 
3.515602 0.312209 0.949941 -0.187459 1.542519 1.019734 0.906558 0.838381 0.425993 0.331777 0.294353 -0.035159 
3.335155 0.854085 1.065322 -0.165923 1.079709 0.659761 0.287843 0.411437 0.099547 0.530008 0.176812 -0.004323 
3.260965 0.961680 1.117569 -0.012877 1.033012 1.078919 0.378065 0.428147 0.011119 0.401513 0.192012 -0.003081 
1.249895 2.764710 1.298741 0.189444 0.057919 -0.274408 0.044291 1.014326 0.403342 -0.031868 0.229754 -0.061763 
0.432998 0.779665 1.157927 1.743605 1.739783 0.593170 1.491399 2.101466 0.990740 0.417859 -0.156054 -0.154891 
0.972285 0.848605 0.486177 1.811120 1.457000 1.727945 1.634306 0.907389 0.267297 0.239141 -0.156783 -0.003895 
1.153577 0.609796 1.644280 1.669700 1.176399 1.276355 0.671297 0.750204 0.516849 0.224528 0.271278 -0.076368 
0.547814 1.016415 1.348079 1.311621 2.219341 1.154664 1.062168 1.151956 0.481373 0.587611 -0.076386 -0.037575 
0.579532 1.391768 1.480225 1.024238 1.726874 0.764175 1.129214 1.618052 0.637963 0.134121 0.231708 -0.096560 
0.678244 1.008909 1.334768 1.968467 1.513350 0.679811 1.307444 0.793282 0.424422 0.575847 0.058856 -0.051764 
0.522515 1.368017 1.186875 1.536510 1.957704 1.290398 0.539800 0.965831 1.060097 0.256009 -0.013580 -0.028890 
0.725225 0.920031 0.982793 1.611962 1.076614 2.019257 1.466085 0.407477 0.669715 0.347512 0.169244 -0.072594 
0.791612 0.969903 1.152774 1.168755 1.134770 1.775945 1.665783 1.034182 0.175315 0.297768 0.138575 -0.054420 
1.817872 0.269125 1.666644 1.533668 1.115846 1.067085 0.639699 0.634060 0.665674 0.164548 0.401032 -0.067981 
0.967382 0.628277 1.520366 1.369036 1.631371 0.946780 0.857803 0.303971 1.162491 0.168006 0.082745 -0.081374 
0.703071 1.118571 1.724893 1.359706 1.432750 1.078899 1.274226 0.700300 0.911723 0.247740 0.005345 -0.067156 
0.846697 1.219950 1.046705 1.120916 2.437396 0.785827 0.998067 0.651622 0.273048 0.103500 0.123676 -0.054468 
0.917682 0.911051 1.076335 1.746861 1.428443 1.218069 0.398742 1.511323 0.723394 0.225681 -0.103597 -0.027346 
1.129893 1.023798 0.825472 0.784050 1.848179 0.422259 1.318801 1.327877 0.212209 0.366624 -0.200226 -0.065109 
1.512048 0.913094 1.633541 1.055115 1.059755 0.562447 0.990042 0.380713 0.465366 -0.247007 0.193298 -0.056543 
1.636293 1.069566 1.384263 0.759792 1.018714 0.363679 0.294703 0.281016 0.427741 0.037870 -0.013719 0.016730 
1.960264 1.210002 1.662886 0.672667 0.868438 0.070051 0.995963 -0.940484 1.182996 0.716558 -0.040474 0.035172 
2.261896 -0.221698 1.358124 1.977540 1.504901 0.394665 0.257443 0.661763 1.646558 0.178803 0.179284 -0.035505 
2.948426 -0.354002 1.473414 1.588338 1.057547 0.787599 0.980040 0.076361 0.969607 0.100295 0.125121 0.023400 
2.933113 -0.194217 2.230394 0.847182 0.886206 0.949572 1.262678 1.017400 0.635537 0.422562 0.097510 -0.034664 
2.829343 -0.626991 1.585753 1.457196 0.507484 1.400857 1.125313 0.711716 0.936922 0.266700 0.208637 -0.007092 
4.354921 -0.662916 0.803852 0.916911 1.491628 0.841134 1.445552 0.510625 0.094773 0.366759 0.300669 0.048709 
5.048761 0.184580 -0.440490 1.422476 1.689784 0.955908 1.061900 1.237500 0.880219 0.367994 0.369040 0.108416 
-1.#IND00 -1.#IND00 -1.#IND00 -1.#IND00 -1.#IND00 -1.#IND00 -1.#IND00 -1.#IND00 -1.#IND00 -1.#IND00 -1.#IND00 -1.#IND00 
-1.#IND00 -1.#IND00 -1.#IND00 -1.#IND00 -1.#IND00 -1.#IND00 -1.#IND00 -1.#IND00 -1.#IND00 -1.#IND00 -1.#IND00 -1.#IND00 
