3.224283 0.165286 0.390412 -0.595332 0.425343 0.532826 0.381174 0.086307 0.451201 0.286252 -0.097650 -0.020892 
3.075242 0.642864 1.126812 -0.552618 1.399437 0.557217 0.907370 0.683563 0.592745 0.019067 0.183290 -0.002739 
3.126769 0.910446 1.172631 -0.590589 1.161557 0.666291 0.113416 0.975617 0.717526 0.296376 0.178429 -0.024381 
3.362394 0.734938 0.758127 -0.906224 0.457544 1.008423 0.140776 0.962864 0.323730 0.258189 0.326823 0.017509 
3.165774 0.621823 1.294275 -0.272387 1.066004 0.495784 0.761699 0.847719 0.220766 0.508948 0.344876 0.009133 
2.976250 0.418273 1.202757 -0.226403 1.481551 1.094830 0.996423 0.695948 0.144139 -0.033830 -0.126149 0.017322 
3.324844 0.573588 1.187426 -0.540606 1.005067 1.109280 1.353318 0.545909 0.848859 0.536307 -0.006521 0.000955 
3.114714 0.755413 1.822659 -0.498038 1.401552 1.467935 1.679473 1.346703 -0.231200 0.333099 0.145579 -0.019284 
3.038439 0.608598 1.191503 -0.521052 1.452414 1.219385 0.990098 1.528874 0.734995 0.463976 0.176993 -0.044120 
3.276065 0.726167 1.103356 -0.469081 1.777511 1.351886 0.553616 0.824429 0.098072 0.498991 0.384113 -0.000808 
3.062087 0.639964 1.126385 -0.329479 1.127146 1.331193 0.806144 1.128944 0.825596 0.563355 -0.050498 -0.057582 
3.356923 0.625915 0.986004 -0.472063 1.371135 1.082396 1.549335 1.089729 0.488184 0.133414 0.225666 0.009468 
3.099011 0.603862 0.753042 -1.081351 0.375055 0.725897 0.267326 1.023051 0.286807 0.391717 0.307933 0.000885 
3.218148 0.829620 1.031504 -0.524403 1.534414 0.820699 1.328041 1.473683 0.422603 0.102367 -0.009400 -0.014332 
2.877524 0.977800 1.089438 -0.177035 0.751191 0.615465 1.258256 1.287172 0.292905 0.260308 0.086918 -0.009239 
3.096725 -0.107064 0.837119 -0.820648 1.269100 0.003530 0.925043 0.392526 0.237093 0.037510 -0.037964 0.049136 
3.223559 0.606009 1.040937 -0.466285 1.348455 1.108943 0.352164 0.875760 -0.097601 0.658004 0.182786 -0.036005 
3.010191 0.485044 1.283292 -1.289807 1.077429 0.055470 1.019755 1.176518 0.565922 -0.002559 0.070038 0.036219 
2.988178 0.424703 0.844103 -0.031616 1.020251 0.890832 0.961088 0.605178 -0.460656 0.101479 0.227959 0.001759 
2.961340 0.735525 0.748766 0.146108 1.351467 0.916665 1.039572 1.554909 0.316910 0.532706 0.186395 -0.020865 
2.837039 0.566622 0.867757 -0.146384 1.309195 0.364780 0.783700 1.239836 0.527518 0.102052 0.391131 0.041521 
3.097050 0.764802 1.168030 -0.850548 1.127162 0.701569 0.809466 1.007159 0.064881 0.527396 0.205685 0.007683 
3.378762 0.219832 0.438591 0.686776 0.387037 1.265063 0.900630 0.547468 1.134236 0.336736 0.273854 0.023274 
0.820127 0.954540 1.647357 0.752208 1.448773 0.978631 1.830959 1.176574 0.072809 -0.008169 0.020242 -0.012061 
0.986414 1.059614 1.404785 1.572515 1.219814 1.107529 0.656982 1.301999 0.335813 0.042536 0.155417 -0.019321 
0.773906 1.387081 0.819805 1.578363 1.322288 1.635525 1.012925 0.588784 0.667807 0.369842 0.165915 -0.059359 
0.713315 0.963855 1.159757 0.974323 2.172663 1.107619 1.074317 0.765059 0.534524 0.142624 0.154971 -0.019412 
0.827126 0.851343 1.430233 1.304853 2.133195 1.139546 1.067036 0.947231 0.235207 0.620624 -0.027628 -0.026983 
0.972380 0.818276 0.792527 1.819551 1.879001 1.238502 1.231728 0.753103 0.913110 0.234201 -0.004862 -0.038676 
0.927455 0.870252 0.637449 1.798815 1.817170 1.586165 0.964010 1.023721 0.644621 0.271149 0.059248 -0.051737 
0.771261 0.889100 1.505565 1.678809 1.574231 1.148271 0.828547 1.155704 0.906012 0.244448 0.124983 -0.065304 
0.595104 1.214988 1.155279 1.669883 2.054986 1.022596 1.002369 0.947867 0.729763 0.398961 0.088871 -0.092095 
0.737647 1.246115 1.507053 1.635744 0.920219 1.130477 1.252454 0.852901 0.260864 0.215998 0.182779 -0.114642 
0.227620 1.051252 1.666897 1.885751 1.416512 1.940211 0.948107 0.926844 0.366167 -0.063936 0.068563 -0.037276 
0.870294 1.218449 1.450648 1.354268 0.741566 0.780935 1.529820 1.338875 0.410916 0.100518 -0.015537 -0.026782 
0.789184 1.076322 1.564436 1.408636 1.393362 0.817928 1.062546 1.271040 0.959311 0.060532 -0.130747 -0.041050 
1.082523 1.243938 0.910013 1.116071 0.474445 0.997228 0.542721 0.631091 0.761042 0.218363 -0.013049 -0.113185 
1.536582 1.178903 0.940336 1.612745 0.345953 0.130585 0.520257 0.616218 0.414874 -0.412056 -0.145987 -0.012111 
1.075809 1.480312 0.985280 1.285518 1.133087 0.850231 0.254748 0.276483 0.047280 0.040242 -0.087047 -0.022010 
1.341921 1.554054 1.487902 0.673801 1.162349 0.284993 -0.202864 0.263418 0.355614 0.396540 0.113324 -0.006458 
0.369565 1.386237 1.479567 0.885995 1.555442 2.116047 1.500435 0.881858 0.204854 0.206272 0.116982 -0.019382 
0.953078 1.133017 2.231175 1.469740 0.664002 1.286203 0.302825 1.141321 1.183061 -0.029815 0.115692 0.008003 
0.761648 1.387628 0.794485 1.968330 1.188105 0.455437 0.869386 0.790281 0.927719 0.487883 0.162223 -0.088446 
1.384335 0.657517 1.917223 1.334608 0.010778 0.965070 1.320969 0.920778 0.443981 0.338248 -0.095824 0.023555 
2.289212 0.092573 1.066171 0.644833 1.852094 1.121145 0.775976 0.864318 0.817842 0.183423 0.240960 -0.012064 
4.080058 -0.437677 0.681662 0.754500 1.324966 1.146088 0.354632 0.575321 0.916074 0.459671 0.156251 0.002739 
3.583060 1.396169 0.894846 0.836880 0.776056 1.226160 0.173323 0.524794 0.778410 0.112850 -0.075491 -0.020048 
3.449657 2.774484 2.251760 1.566427 0.667918 0.251913 0.570564 0.723275 0.513810 0.365736 0.261077 0.035796 
-1.#IND00 -1.#IND00 -1.#IND00 -1.#IND00 -1.#IND00 -1.#IND00 -1.#IND00 -1.#IND00 -1.#IND00 -1.#IND00 -1.#IND00 -1.#IND00 
-1.#IND00 -1.#IND00 -1.#IND00 -1.#IND00 -1.#IND00 -1.#IND00 -1.#IND00 -1.#IND00 -1.#IND00 -1.#IND00 -1.#IND00 -1.#IND00 
