3.496338 0.606168 0.991623 0.636348 2.076551 0.558591 1.266421 0.939193 0.649525 0.644971 0.143316 -0.018152 
3.523032 0.859034 1.044660 -0.056551 0.427483 1.235768 1.094359 0.700671 0.702231 0.335506 0.127319 -0.001265 
3.627925 0.790916 1.237562 -0.166526 1.365790 1.460215 0.494517 0.568445 0.656312 0.236065 0.186506 0.009989 
3.553501 0.650931 1.774449 -0.282249 1.052805 0.719006 1.089720 1.000849 0.308217 0.169651 0.162531 0.018938 
3.527715 1.131939 1.265519 -0.369890 1.498105 0.351791 1.025809 0.351020 0.273862 0.253862 -0.035774 -0.013696 
3.677679 1.017373 0.912924 -0.437819 1.033459 1.192112 0.334529 1.169793 0.127238 0.099970 -0.012834 -0.041624 
3.002530 0.833583 0.898981 -0.352485 0.954870 0.257963 -0.237933 0.476250 0.122664 -0.009220 -0.229253 -0.076610 
3.728810 1.223363 1.412411 -0.108108 1.062655 0.911489 0.720738 0.860787 0.460458 0.364632 0.031589 -0.035603 
3.510750 0.677262 0.917297 -0.131872 1.120544 0.191577 0.654042 0.684152 0.095132 0.074068 0.123764 0.016589 
3.445688 0.991440 1.152391 0.164924 2.098012 1.294689 0.782274 1.323242 0.202383 0.379602 0.042003 -0.049792 
3.778508 0.456692 0.869247 -0.050376 1.229408 1.302921 0.412997 0.521696 -0.237412 0.153031 0.035769 -0.056080 
3.446167 0.858212 1.376751 0.059237 2.287744 0.560953 0.606529 0.897134 -0.319693 0.351905 0.242119 -0.009590 
3.422969 0.516762 1.411946 -0.614695 2.354928 2.084802 1.469415 0.621248 0.179485 0.166982 0.232986 0.063058 
3.371992 0.812190 1.593333 -0.599209 1.102930 0.671982 0.166507 0.387643 0.326048 0.317137 0.060912 -0.024664 
3.401578 0.873582 1.125018 -0.644703 0.303400 0.986976 0.158223 0.386946 0.015181 -0.319069 -0.141765 -0.101249 
3.472044 1.045110 1.111669 0.523492 1.118554 0.617251 0.145405 0.648712 -0.246719 0.560966 0.088132 -0.040039 
3.558883 0.727776 0.907298 -0.170652 0.962726 0.819802 0.826453 0.378759 -0.335558 -0.163456 -0.092983 -0.066195 
3.686969 1.103291 1.368794 -0.035559 1.389704 0.374869 0.310125 0.723753 0.078824 -0.330134 -0.054438 -0.029425 
3.725587 1.183013 0.592623 -0.309661 1.107581 1.094933 1.094743 1.176149 -0.050673 0.014395 -0.032706 -0.047581 
3.615094 1.058738 1.324898 -0.446302 1.121298 0.063979 0.279423 0.293656 0.175772 -0.356050 -0.170223 -0.029906 
3.485621 1.113358 1.473240 -0.987472 0.914060 0.546845 -0.513922 0.715429 0.330666 0.110983 -0.193234 -0.121755 
3.609258 0.707829 1.431052 0.157034 1.390971 0.636205 0.370023 0.461595 -0.177861 0.166589 0.250651 -0.002950 
1.758330 1.279197 0.333104 0.920729 1.332815 0.615171 0.742752 1.285461 0.634993 0.054227 0.015901 -0.058699 
0.524068 0.950765 1.277682 1.564903 1.809396 0.404565 2.408734 1.007285 0.687112 0.174426 0.072589 -0.042765 
0.801086 1.476820 1.079122 1.053479 0.750502 2.240320 0.805498 0.661480 1.073379 0.501699 -0.223123 0.012781 
0.613781 0.579800 1.544243 1.065053 1.695285 1.760164 1.518198 1.043055 0.548314 0.322745 0.111012 -0.093545 
1.039261 1.233879 1.130391 1.633810 0.801118 1.512746 1.010345 0.501836 0.893657 0.250058 -0.016389 -0.025244 
0.944436 0.708589 0.905411 1.857227 1.650460 1.659851 1.687810 0.606228 0.705525 0.340554 0.042434 -0.049430 
0.763768 1.135922 0.526481 1.451755 1.872203 2.434241 1.560678 1.030903 0.309359 0.399684 0.163984 -0.055558 
0.530017 0.720677 0.433948 1.518354 2.467298 2.331376 1.047209 1.088840 0.894512 0.087001 0.206832 -0.091888 
0.685605 1.045547 1.218403 1.094629 1.897794 2.144699 1.156577 0.387353 0.337455 0.024911 0.257945 -0.019854 
0.633884 1.269485 1.427411 0.747905 1.182166 1.850482 1.563726 0.583788 0.592060 0.209957 0.195520 -0.065123 
0.623476 1.364184 1.167670 1.772855 2.080461 1.287327 1.051629 0.874932 0.581449 0.280802 0.089837 -0.017992 
0.606644 1.336609 0.914334 1.286310 2.144143 1.190400 2.004293 1.081415 0.408346 0.438774 -0.037509 -0.017867 
0.848995 0.846621 1.109962 1.070501 1.222734 2.194308 1.084796 1.362978 0.450043 0.042491 -0.126218 -0.020638 
0.864513 0.800596 1.702209 1.282500 0.940734 0.712277 1.340917 0.936049 0.504751 0.085962 0.047311 -0.134333 
0.805142 0.731857 0.513089 1.582904 2.198414 1.690159 1.431892 0.613973 0.538976 -0.133446 -0.039274 -0.044231 
1.095741 0.997337 1.390533 0.816731 1.540626 0.400350 1.115407 0.969907 0.487460 0.211372 0.125387 -0.127816 
0.955958 0.893478 1.086091 1.755021 2.455731 0.421357 0.273111 1.006919 0.242779 0.523089 -0.095872 -0.072470 
1.373981 0.982765 1.756213 1.331296 1.103270 -0.222347 0.066457 0.624726 0.070835 0.406400 -0.055726 -0.058277 
1.341819 1.470905 1.249516 0.709516 1.224258 0.977813 0.962281 0.722772 -0.296723 -0.333032 0.152595 -0.029551 
0.850711 1.156563 0.884152 1.570560 1.846307 1.271170 1.188099 0.620523 0.689321 -0.173848 0.126344 -0.019852 
0.958488 1.245811 1.897181 0.164575 0.935212 1.484065 1.344536 0.669285 0.269930 0.262007 0.366441 -0.108034 
1.000809 1.217035 0.957217 2.455604 1.391714 0.965237 1.124916 0.746597 0.790609 0.243829 0.010887 -0.022758 
0.779885 1.015268 1.159573 2.090419 1.757409 1.788464 0.208139 0.677666 0.607317 0.148382 0.312951 -0.058773 
2.168283 -0.362718 1.786974 0.480631 1.596952 1.695707 1.320728 1.101215 0.657207 0.275397 0.225857 -0.026460 
2.099017 0.113100 1.306745 0.997541 1.492871 1.277969 0.898367 0.754463 0.520655 0.195496 0.052455 0.021372 
4.402244 -0.847812 1.523428 1.690673 0.621241 1.554906 0.852809 0.242975 0.961141 -0.196909 -0.090899 0.138217 
-1.#IND00 -1.#IND00 -1.#IND00 -1.#IND00 -1.#IND00 -1.#IND00 -1.#IND00 -1.#IND00 -1.#IND00 -1.#IND00 -1.#IND00 -1.#IND00 
-1.#IND00 -1.#IND00 -1.#IND00 -1.#IND00 -1.#IND00 -1.#IND00 -1.#IND00 -1.#IND00 -1.#IND00 -1.#IND00 -1.#IND00 -1.#IND00 
