3.372523 0.584367 0.781148 -0.189111 1.553705 1.631466 1.108156 0.771306 0.288193 -0.014476 0.303230 0.041916 
3.119942 1.010051 1.490618 0.165095 1.287499 1.537043 0.842503 0.654289 0.243301 0.288724 0.094448 0.014412 
2.905647 0.500356 0.822042 -0.640839 0.731409 0.741735 0.276003 0.115220 -0.237078 0.289662 0.084564 -0.013981 
3.355523 0.196462 1.098869 -0.508470 1.112072 0.730202 0.306722 0.575846 0.150847 0.082346 0.112749 0.000664 
3.097284 0.494944 0.982491 -0.663062 0.604146 1.258444 1.217823 0.745782 -0.081089 0.086837 0.148129 -0.004783 
3.240609 0.519131 1.112517 -0.075689 0.642325 0.273510 1.473731 0.706092 0.297212 0.433676 0.073043 -0.025258 
3.284898 0.303040 1.043842 -1.249489 1.727915 -0.312653 0.911692 1.350411 -0.165557 0.014222 0.082245 -0.004024 
3.375698 0.944030 1.087144 -0.551849 1.108493 1.282219 1.121337 1.349158 0.246879 0.435599 0.226710 -0.050023 
3.159890 0.489586 0.917133 -0.724927 0.534663 0.257578 0.862503 0.628029 -0.271725 0.070252 0.118898 -0.026907 
3.169847 0.481324 0.944109 0.211995 1.446408 0.818021 1.079552 0.969031 0.071658 0.005347 -0.028549 -0.025901 
3.282458 0.532203 1.335919 -1.181735 0.533554 0.602651 0.367891 0.150079 -0.267723 -0.159233 0.201190 0.046932 
3.248107 0.886079 1.438951 -0.018176 1.083536 1.678144 1.327221 0.643432 0.311373 0.240790 0.200869 0.022542 
3.172436 0.715695 1.524426 -0.342959 1.604234 1.360250 0.601470 1.461947 0.077613 0.031368 -0.001676 -0.021126 
3.350178 0.826822 0.657407 -1.082076 1.171493 1.667256 0.649989 0.093866 0.464949 0.395351 0.168540 0.020773 
3.235461 0.373245 1.222324 -0.062520 1.233216 0.555959 0.860795 1.163050 -0.000663 0.386873 -0.164260 -0.048894 
3.296915 0.754917 1.209002 -0.033275 0.903975 1.280624 0.346230 0.845451 0.255311 0.472178 0.296439 0.001153 
3.464877 0.124194 0.941522 -0.229382 1.065424 0.734963 1.177802 0.580727 0.131781 0.202524 0.020645 -0.005378 
3.148982 0.257980 0.653177 -1.072119 -0.318595 0.300916 0.527559 0.522177 -0.071341 0.097482 -0.081792 -0.022576 
3.073652 0.421817 0.822686 -0.758003 0.837300 0.914826 0.614074 0.949707 -0.299038 0.305797 -0.010064 -0.025751 
3.385880 0.408970 1.041830 -0.204848 1.365982 0.928362 0.487799 0.503171 0.190783 0.268184 0.189992 0.019559 
3.327454 0.438522 1.305767 -0.421304 0.940010 1.285089 0.890207 0.967608 0.256085 0.177036 0.223433 0.002068 
3.156279 0.280694 1.164844 -0.124522 1.118650 1.553365 1.103911 0.270622 0.161865 0.357826 0.193380 0.012928 
2.058619 0.462136 0.405781 0.358510 0.444017 0.404959 1.444490 1.083219 0.668523 0.420408 -0.067590 -0.079310 
0.808248 1.126856 1.247046 1.079540 1.360676 1.291121 1.328391 1.372665 0.440963 0.408748 0.057837 -0.101810 
0.710203 0.573901 0.658401 0.946387 2.432861 2.134905 1.590669 0.791216 0.872551 0.211540 -0.224194 -0.054072 
0.836412 -0.088494 1.168117 2.285080 1.779687 1.742948 0.907936 0.515965 1.005799 0.156490 0.087143 -0.077827 
0.784704 0.707155 1.120211 1.331676 1.479538 1.798951 1.403109 0.535771 0.792329 0.486064 -0.204408 -0.030166 
0.692390 1.078419 0.924908 1.189294 2.501218 1.459843 0.626881 0.916166 1.159542 0.018330 -0.053989 -0.037268 
0.533065 0.599362 1.282920 2.214083 1.969926 1.222198 0.837814 1.405434 0.622511 0.470263 -0.106965 -0.024466 
0.945535 0.989821 0.490731 1.371007 2.383187 1.196235 0.704876 0.647444 1.352787 0.201706 -0.140159 -0.041319 
1.039615 1.366776 0.873003 1.941432 0.964160 0.986873 0.908202 0.618893 0.542009 0.353431 0.076552 -0.059004 
1.106421 0.723418 1.994292 1.570816 0.970610 1.526465 0.356833 1.434725 0.854139 0.176896 0.207077 -0.068927 
1.321443 0.504922 1.656200 2.404466 0.359144 1.702027 0.201958 1.126743 0.430429 0.075392 -0.011711 0.047786 
1.533139 0.521539 1.068468 1.373518 1.063824 1.827297 0.799373 1.048630 0.544160 0.222785 0.226428 -0.088702 
1.307976 0.184939 1.249833 0.719037 2.049734 1.704048 1.570059 0.481141 0.885055 0.354429 -0.019075 -0.035062 
0.857649 0.461048 1.235877 1.848751 2.372058 1.611004 1.898651 -0.313608 0.961716 0.433974 -0.129997 0.006752 
0.454143 1.094261 1.479731 1.352382 1.411156 2.659331 0.704898 1.493031 -0.017520 0.121970 -0.246932 0.046672 
1.111396 0.742652 1.212361 1.438176 1.536271 0.661226 1.249409 0.403068 0.879335 0.434754 -0.063145 -0.148400 
1.391641 0.918652 0.978014 0.668918 1.705105 1.278964 0.326306 0.556190 1.221378 0.166998 -0.062395 -0.058175 
1.453994 0.695251 0.645702 1.382652 1.258029 1.109377 0.509898 0.938387 0.378566 0.279100 0.056341 -0.105167 
1.333745 1.543545 0.815119 1.171936 1.510513 0.374642 0.316362 0.544098 0.368759 -0.127545 -0.248604 -0.000968 
1.156006 1.466404 1.380421 1.488691 0.553535 0.343884 0.215375 0.288437 0.433600 0.182347 0.007480 -0.017539 
1.371224 0.587727 1.381670 1.375750 1.213934 1.014282 0.725021 0.913949 0.253261 0.009807 0.294046 -0.018971 
1.493928 1.170734 1.066341 0.834467 1.188745 1.334244 1.019112 1.037733 0.846647 -0.199535 0.083295 -0.031363 
1.147994 0.712903 1.578154 1.023873 2.320444 1.190097 1.151076 0.501509 0.525453 0.233965 -0.004125 0.001766 
1.263530 0.723031 1.915982 1.707307 2.011134 0.576202 0.900411 0.747620 0.844208 0.410494 0.157796 -0.053515 
3.531272 -0.805141 1.672628 1.100100 1.275245 1.213386 0.386356 0.637941 1.089529 0.021805 0.160519 0.094080 
4.122150 -0.340061 1.001210 1.120339 0.882716 0.741938 0.964412 0.853534 0.758267 0.212251 0.179068 0.049356 
-1.#IND00 -1.#IND00 -1.#IND00 -1.#IND00 -1.#IND00 -1.#IND00 -1.#IND00 -1.#IND00 -1.#IND00 -1.#IND00 -1.#IND00 -1.#IND00 
-1.#IND00 -1.#IND00 -1.#IND00 -1.#IND00 -1.#IND00 -1.#IND00 -1.#IND00 -1.#IND00 -1.#IND00 -1.#IND00 -1.#IND00 -1.#IND00 
