-0.073318 0.316716 0.078986 0.254760 -0.629916 -0.329243 -0.345306 -0.221388 0.633498 0.222796 0.011394 -0.086735 
0.286052 0.033574 0.220110 0.487353 0.193826 0.050311 0.646002 -0.605262 0.476051 0.393968 0.119216 0.092888 
0.192327 -0.193934 0.244318 -0.376053 0.182864 0.039320 0.207372 -0.367523 0.385116 0.084708 0.260705 0.024244 
-0.189739 0.215007 0.177904 0.049621 0.152031 0.256173 0.185711 0.186850 -0.292937 0.022324 -0.118393 0.096555 
0.025413 0.107170 0.007315 -0.436612 0.176383 -0.008087 -0.268143 0.074260 -0.025780 0.290004 -0.155165 0.013739 
0.070266 -0.178321 -0.199158 0.401202 0.233535 0.133255 0.328584 0.122271 0.202279 -0.233081 0.317188 -0.042429 
3.161407 0.165274 1.121862 -0.499538 1.247589 0.544799 0.577476 0.757853 0.178588 0.413695 0.285291 0.013969 
3.072894 0.836828 0.886305 -0.436454 2.007440 1.645563 0.689850 0.892770 0.328223 0.318783 0.116897 -0.012040 
3.136846 0.372999 0.737983 0.200358 1.512240 1.103600 1.445680 1.167005 0.316568 0.450548 0.102345 -0.032794 
3.064370 0.687745 0.753035 -0.860408 0.265769 1.077881 0.196602 0.958353 0.355238 -0.015828 0.244568 0.015619 
3.025328 0.190042 1.189764 -0.591633 1.615108 1.185697 0.833143 1.313865 0.046291 -0.071451 0.041544 -0.025251 
3.161622 0.445415 0.598932 -0.640995 0.919141 0.869876 1.228820 0.926388 0.646666 -0.105299 0.079571 0.026439 
2.960008 0.600389 0.731260 -0.417628 0.952826 0.649945 0.703401 0.647246 0.532948 0.026183 -0.034478 -0.004273 
2.796842 0.543385 1.000286 -0.275514 1.040318 1.047025 0.502150 0.856941 0.244290 0.308798 0.056549 -0.036085 
3.147435 0.607186 0.863972 -0.978894 1.474380 0.716573 1.050355 0.778510 0.074618 0.183579 0.258737 0.010370 
3.038154 0.456068 0.959294 -1.185892 2.131471 0.716033 0.335811 0.855997 0.492830 0.294078 0.280666 -0.005608 
3.213815 0.615635 0.794656 -0.155176 1.157470 0.768516 0.865893 0.724895 0.259970 0.286299 0.075858 -0.015322 
3.449167 0.604682 1.346027 -0.555263 1.668918 1.167527 0.206153 0.868413 -0.209987 0.306774 0.163407 -0.059421 
3.232568 0.459532 0.954475 -0.463973 0.960338 0.682297 1.127008 0.994948 0.001987 0.521425 0.178497 -0.027192 
3.666820 0.528817 0.730221 -0.216869 1.950685 1.119691 1.351592 1.196567 0.256110 0.221496 0.091147 0.009761 
3.263865 0.473032 0.560006 -0.218403 1.614877 1.210121 0.497080 0.663185 0.194435 0.610851 0.144933 -0.051846 
3.370765 0.613899 1.053154 -0.748423 0.998027 1.142157 1.048645 0.929867 0.413360 0.429503 0.086362 -0.039477 
3.034593 -0.072388 0.968569 -0.610903 1.668223 0.468710 0.434965 0.679865 0.490980 0.124652 0.120401 -0.006126 
1.198737 1.337191 -0.188344 1.714840 1.033397 0.077405 1.655234 2.010864 0.296659 0.350302 -0.400012 0.061738 
0.998955 1.148627 0.932946 1.365213 2.133845 1.351084 0.622941 0.820915 0.507133 0.184112 0.072374 -0.032492 
0.923428 0.945063 1.280167 1.553065 1.651487 1.268304 0.941078 0.846459 0.129023 0.365597 0.081913 -0.028186 
0.403155 1.105939 0.859151 1.980267 1.064953 1.957591 1.054879 1.374896 1.229545 0.433884 -0.286073 -0.049300 
0.707062 1.019606 1.226056 0.388605 2.638239 1.722142 0.886168 0.394929 0.979943 0.221859 -0.147351 0.006409 
0.703701 0.816736 0.223884 2.373545 2.042820 2.304230 0.843807 0.882971 0.840456 0.150618 0.023980 -0.055150 
0.942375 0.803830 1.013151 1.365624 2.081745 1.081872 1.331903 0.235630 0.757263 0.189603 0.282907 -0.093713 
0.827757 0.947696 1.428201 1.596493 0.694745 1.577416 0.834743 1.444495 0.756884 -0.109208 0.084769 -0.022235 
0.546578 0.869705 0.730395 1.773407 1.294354 2.262973 0.888511 1.270286 0.746421 0.181911 -0.064951 -0.092633 
0.907980 1.396831 1.127664 1.173218 1.338782 1.658876 0.430535 0.695116 0.802427 0.411901 -0.064999 -0.058722 
0.829936 0.550054 0.831720 2.199636 1.376427 1.703327 1.445311 0.947278 -0.178446 0.575414 -0.075109 -0.057377 
0.745132 0.979381 0.746829 1.232559 1.432092 2.127602 1.549552 0.676704 0.829560 0.190943 -0.290958 -0.034021 
0.889000 0.950520 0.909749 1.885394 2.014625 0.495530 0.641418 0.641470 0.693020 0.279226 -0.180693 -0.026040 
1.008535 0.486944 0.567383 1.594961 1.942358 0.865018 0.969399 0.827473 0.519617 0.039475 -0.076497 -0.089059 
1.403399 0.292708 0.455144 0.599048 2.897631 1.073899 0.322535 0.360739 0.659219 -0.124114 -0.090231 -0.021599 
0.984413 0.906514 1.938792 1.642987 1.384884 0.476539 0.146133 1.115130 0.470137 0.046036 0.021612 -0.033901 
1.470857 0.703298 1.416553 0.386182 1.150002 0.673608 0.166819 0.185953 0.559572 0.343249 0.128180 -0.004579 
0.956632 0.890794 0.955159 1.972622 1.174787 1.401924 1.705455 1.114553 -0.017860 0.397837 -0.059210 -0.000647 
0.671842 1.003318 1.499466 1.456922 1.537309 1.454441 0.768430 1.150796 0.611826 0.163348 -0.054495 0.000296 
1.251227 0.539748 1.169688 1.055791 2.279603 0.732141 0.922807 1.180143 0.769627 -0.042468 0.116062 0.014913 
1.943553 0.262869 1.426652 0.798149 1.447978 1.231474 1.350945 0.707638 0.558854 0.070164 0.069725 0.027489 
3.127823 -0.590147 1.266675 1.865304 0.174009 1.116334 1.436512 0.465401 1.244287 0.247099 -0.003023 -0.011139 
5.476398 1.463615 0.170085 0.905856 1.351068 1.055249 1.340514 0.587777 0.181214 0.660294 0.505760 0.102042 
5.721212 1.441089 0.976531 0.419086 -0.125241 0.603648 0.790810 0.445834 0.123932 0.293636 0.288559 0.074390 
4.945673 3.452192 1.343167 0.142580 0.291973 1.060953 1.182357 0.470175 -0.150209 -0.244000 -0.062708 0.008900 
-1.#IND00 -1.#IND00 -1.#IND00 -1.#IND00 -1.#IND00 -1.#IND00 -1.#IND00 -1.#IND00 -1.#IND00 -1.#IND00 -1.#IND00 -1.#IND00 
-1.#IND00 -1.#IND00 -1.#IND00 -1.#IND00 -1.#IND00 -1.#IND00 -1.#IND00 -1.#IND00 -1.#IND00 -1.#IND00 -1.#IND00 -1.#IND00 
