2.993006 0.441703 0.730503 -0.316526 0.135782 0.543349 0.376934 0.464690 -0.157038 0.336552 0.020803 -0.018677 
3.439823 0.562858 0.798647 -1.140017 1.196068 0.972270 1.386908 0.989026 0.563886 0.126777 0.035599 -0.005291 
3.648069 0.357653 0.987697 -0.953527 1.262423 0.838674 0.336681 0.645944 0.121033 0.487595 0.329470 0.022229 
3.190260 0.399426 0.847093 -0.107104 1.373907 1.039752 1.615624 0.179139 0.087311 0.587080 0.079640 0.008018 
3.326419 0.176229 1.308235 -0.711451 1.067711 0.555050 1.038002 0.805590 0.148378 0.379270 0.145866 -0.006393 
3.483190 0.662645 0.628296 -0.917585 1.317871 0.488409 1.558492 0.854529 0.079059 0.383896 0.082062 -0.002683 
3.306123 0.214741 0.723904 -1.446879 1.241698 0.871745 0.407175 1.352196 0.357741 0.043009 -0.037208 -0.061010 
3.021909 0.273720 0.585458 -1.442301 0.431994 0.220108 -0.599117 0.555494 0.106480 -0.004499 0.067255 0.019804 
3.194125 0.299130 0.379852 -0.711433 0.898655 0.995464 0.461953 0.391389 -0.021810 -0.045926 0.072288 0.015008 
3.097658 -0.185573 0.668093 -1.217863 0.562479 0.457550 0.028715 0.337739 0.488600 0.591934 0.206448 -0.013852 
3.215399 -0.268589 0.458179 -0.087440 0.094686 0.339616 0.672176 0.857412 0.483865 0.359960 0.074111 0.006581 
2.929594 -0.018653 0.453931 -0.970688 0.856896 -0.342102 0.935060 0.353908 0.238301 0.396774 -0.009408 0.050758 
2.906301 -0.179917 1.311514 -0.161433 1.148928 0.335445 0.610723 0.983810 0.216150 0.254709 0.083356 0.013595 
2.859729 -0.125270 0.595285 -0.425830 0.720901 0.833566 -0.147294 1.109024 0.505109 0.383534 0.033608 -0.024589 
3.017096 0.068747 1.305401 -0.992446 0.500384 0.589521 0.752322 1.541584 0.384541 0.043048 0.011772 -0.078755 
3.403689 0.079722 1.207012 -0.289565 0.720760 1.343057 0.471011 0.476386 0.448490 0.222443 -0.093155 -0.031533 
2.981715 0.220215 1.325008 -1.225348 1.158622 0.334682 0.731664 0.527574 -0.498097 0.396348 0.215677 -0.046161 
3.386141 0.474980 1.336207 -1.145251 1.726668 1.174046 0.791814 0.210628 0.206739 0.327565 0.135717 0.009609 
3.332937 0.367529 1.145208 -0.269407 0.773112 0.379980 -0.024546 1.059799 0.091609 0.480934 0.006944 -0.081262 
3.182644 0.011872 0.775619 -0.165658 1.508135 1.193124 0.732865 0.715789 0.253608 0.341004 0.186271 -0.019001 
3.486840 0.163250 1.328155 -0.001023 1.412604 0.628645 0.456660 0.548375 0.433399 0.437309 0.122419 -0.026229 
1.873124 1.249593 0.795312 -0.286727 -0.846659 1.422395 1.263716 0.841494 0.892295 0.283620 0.075290 -0.075123 
0.662285 1.141039 1.253023 1.225690 1.395153 1.043759 1.449722 0.408507 0.390660 0.270725 0.321738 -0.111959 
0.743715 1.048963 1.385879 0.892325 1.453123 1.936121 1.541886 0.987119 0.203662 0.275683 0.164546 -0.066783 
0.230395 0.829756 1.137571 2.434523 2.198134 1.509798 1.304706 1.264981 0.426846 0.113293 0.043284 0.033177 
0.609830 0.965137 1.225886 1.391965 1.699393 1.425965 1.519579 0.987514 0.658352 -0.212559 0.246327 -0.041108 
0.667641 0.625974 1.546914 1.668540 2.039536 1.557662 1.090195 0.782355 0.330599 0.329962 -0.119997 0.038915 
0.867913 0.865917 1.986509 1.150994 1.710520 0.730865 0.823562 0.554692 0.691224 0.199352 0.189088 -0.078779 
0.751424 0.780006 1.193688 1.607584 2.559326 1.662203 1.282931 0.371707 0.891092 0.195861 -0.016160 -0.010060 
0.496523 1.002243 1.300967 1.553713 1.314052 1.472399 1.475192 1.298642 0.319743 0.538673 -0.181188 -0.034380 
0.485535 1.050924 1.323655 1.607331 1.675234 1.370945 1.010529 1.010850 0.545872 0.290491 -0.188126 0.016259 
0.637307 1.234600 1.189485 1.510493 2.110828 1.357254 0.880231 0.907701 0.481352 0.352600 -0.098759 0.007759 
0.829189 0.825333 1.923108 1.356861 0.762712 1.107348 0.768120 1.008112 0.578851 0.686626 0.170323 -0.082976 
1.364467 0.220571 1.898975 0.802234 1.547312 1.601153 1.377852 0.191403 0.934599 0.377532 0.080854 -0.056155 
0.516174 1.066795 1.510217 1.332816 1.374129 2.111144 0.886360 0.748288 0.668513 0.217258 0.055125 -0.074235 
0.525502 1.134238 1.286957 1.098489 1.790372 1.053248 1.668944 0.674780 0.572149 0.374530 0.058132 -0.131608 
1.116968 0.742664 0.724501 1.633307 1.076091 1.308874 1.599261 1.008987 0.685969 0.268430 0.014639 -0.112221 
1.016409 0.670454 0.874309 2.090579 1.909458 1.704316 0.618985 0.441710 0.666449 0.441369 -0.058681 -0.046537 
1.330165 0.474992 1.391437 1.299643 1.593188 1.219339 0.105875 0.699042 0.342588 0.259662 -0.100146 -0.040532 
1.496210 1.019801 2.124025 1.002275 1.278050 0.682992 0.026511 0.060864 0.409085 0.302815 0.132631 -0.038393 
1.045435 1.530663 0.956775 1.911412 2.192751 0.295397 0.290261 0.075274 0.324820 0.253212 0.161489 -0.036578 
1.369114 0.927984 1.223421 1.704311 0.711009 1.098865 1.024127 0.646296 0.930330 0.255573 0.161991 -0.059723 
1.185670 0.861011 1.225282 1.164146 1.667968 1.735128 0.824686 0.304575 0.496300 0.407422 0.142721 -0.056387 
0.955381 0.500442 1.532451 1.291197 1.645468 1.284954 1.617854 0.817383 0.767073 0.132646 0.010322 -0.026465 
2.200959 -0.725400 1.875606 0.822457 2.020492 1.860808 1.030931 0.829669 0.561859 0.306640 0.053325 -0.016741 
3.284189 -0.494223 1.343715 1.058267 0.934528 0.656892 0.653463 0.264597 0.040159 0.128386 0.007156 0.053363 
3.651212 -0.136631 0.260582 1.256568 2.137421 0.770622 1.943902 0.721732 0.393381 0.351183 -0.072291 -0.023980 
5.622873 -0.224595 0.365113 0.782237 1.555626 0.370350 1.240383 0.435511 0.765074 0.176009 0.146048 0.141093 
-1.#IND00 -1.#IND00 -1.#IND00 -1.#IND00 -1.#IND00 -1.#IND00 -1.#IND00 -1.#IND00 -1.#IND00 -1.#IND00 -1.#IND00 -1.#IND00 
-1.#IND00 -1.#IND00 -1.#IND00 -1.#IND00 -1.#IND00 -1.#IND00 -1.#IND00 -1.#IND00 -1.#IND00 -1.#IND00 -1.#IND00 -1.#IND00 
