2.911994 0.151617 0.475057 -0.579599 1.613267 0.950753 0.168591 0.470004 0.384284 0.524632 0.022350 -0.011324 
2.080552 -1.143917 0.372433 0.981538 2.266415 -0.896771 0.362562 1.853659 0.446096 0.443461 -0.032868 -0.114456 
3.198526 0.107100 0.807288 0.183768 1.091476 0.027759 0.726212 1.164000 0.489782 0.131931 0.197245 0.016504 
3.096420 0.386834 0.143416 -0.554901 0.991536 0.702417 1.139326 0.885476 0.104941 0.288414 0.221384 -0.006443 
3.578759 0.676497 0.845299 -0.004594 1.932384 1.202748 0.554017 0.674024 0.155675 0.358367 0.465274 0.061966 
3.480267 0.362846 0.959988 -0.642288 1.469012 1.426174 0.618743 0.512768 0.226061 0.407779 0.053627 -0.019494 
3.185934 0.475275 0.634357 -0.773218 1.477269 0.965123 0.928574 0.598103 0.678941 0.180634 0.035171 0.012376 
3.068879 0.241411 1.260448 -0.724638 0.697809 1.832720 0.529301 0.990882 0.465356 0.271059 0.137094 -0.043226 
3.164451 0.538782 0.899411 -0.336211 1.472976 1.123644 1.203619 0.903505 0.730655 -0.005886 -0.049669 0.000745 
3.134807 0.087446 1.265945 -0.283997 1.880548 0.395215 0.777919 0.222276 0.271138 0.327074 0.209734 0.029260 
3.325127 0.088697 0.998289 -0.699390 1.810623 0.940626 0.750183 1.240746 0.130830 0.258256 0.011008 -0.042678 
3.199675 0.239878 1.269861 -0.772837 1.038250 0.946360 1.081798 0.842331 0.589098 0.409730 0.086887 0.002146 
3.445883 0.057638 1.142293 -0.170196 1.282326 0.956424 0.934456 0.654419 0.280157 0.404946 0.273631 0.008254 
3.421099 0.197346 0.575353 -0.584165 1.694929 0.856402 0.163612 1.404039 0.442174 0.635564 0.177721 -0.067111 
3.553628 0.034423 1.113001 -0.523731 1.362023 1.800934 1.143799 0.910125 0.707097 0.330538 0.282746 0.027794 
3.407819 -0.031831 0.920945 0.242130 1.194336 0.926268 1.521873 1.278505 0.570271 0.416141 0.093148 -0.058111 
3.394401 0.435761 0.949136 -1.080459 1.196884 0.932678 0.358393 0.834988 0.492217 0.487239 0.235319 -0.018195 
3.299394 0.414139 0.781572 -0.866388 0.857611 0.851307 1.313327 0.442156 0.017292 0.339696 -0.149995 -0.051809 
3.306938 0.037218 0.744937 -0.722275 1.415126 0.914312 1.236646 1.441320 0.058196 0.105018 0.109000 -0.015667 
3.394262 0.516465 1.071846 -0.273126 1.257119 1.516204 0.790379 1.363179 0.472082 0.396093 0.094154 -0.039470 
3.475621 0.264875 0.220858 0.037459 0.873968 0.900282 1.260260 0.982533 0.392642 0.256698 0.093059 -0.005848 
3.182212 0.145914 0.270886 -0.784686 0.828543 0.512372 0.005263 1.044868 -0.270453 0.214446 0.086220 -0.031723 
0.805901 1.049679 1.900145 0.433303 1.151099 0.854418 1.197378 1.361930 0.949076 -0.088938 0.015046 -0.066723 
0.835402 1.176151 1.646219 1.225564 0.563217 1.426817 0.850070 1.210230 1.044423 0.618052 0.054984 -0.092395 
0.332773 0.950986 1.189634 1.830238 1.861670 1.399793 1.761583 0.923478 0.467919 0.174856 0.035628 -0.008894 
0.817616 0.997109 1.111732 1.786274 1.178249 1.599019 1.157191 0.845095 0.381439 0.221780 0.106714 -0.013594 
0.974361 0.375979 1.740717 1.215181 1.451322 1.737072 1.556970 0.973910 0.762715 0.191069 -0.016863 -0.005653 
0.718336 0.420954 1.285279 2.080425 1.402598 1.543706 0.688797 0.699984 1.096189 0.524949 -0.272690 -0.012654 
0.410168 0.822757 1.675538 1.450886 2.229295 1.828984 0.595013 1.172725 0.684406 0.411938 -0.071202 0.004598 
0.738867 0.684507 1.253651 1.720339 1.544690 1.420848 0.714895 1.083556 0.816627 0.053731 0.147779 -0.046680 
1.079814 0.906495 1.380803 1.445090 1.933247 0.924676 0.862225 0.647556 0.939242 0.145618 0.279708 -0.087272 
1.038123 0.610878 1.158506 1.030766 1.488320 1.613243 1.569410 0.614208 0.616318 0.652506 -0.098332 -0.040867 
1.352781 0.690708 0.997785 1.770219 1.060478 0.838872 1.054723 1.394844 0.398993 0.604506 0.193127 -0.091914 
0.468512 1.264034 1.533352 1.418274 1.802662 1.316500 1.255291 0.812749 0.908018 -0.098741 -0.024396 -0.011115 
0.514384 1.115834 1.513895 1.683481 1.234269 1.465022 0.744187 1.346236 0.228563 0.133052 0.058290 -0.068306 
0.750948 0.725483 0.828082 1.054335 1.988240 1.602676 1.559750 0.830564 0.465627 0.197254 -0.123377 -0.105507 
1.195824 0.890198 0.619356 1.007380 1.670279 1.205632 1.447421 0.579453 0.866612 -0.003167 -0.057075 -0.084274 
1.026176 0.941904 0.270798 0.852248 1.639805 1.212667 1.033791 1.152460 0.604083 0.490736 -0.245937 -0.128937 
1.071496 0.733194 1.170353 1.472513 0.839351 0.845224 1.002171 0.784938 0.443595 0.139059 -0.076328 -0.073221 
1.269476 1.018925 0.979340 1.244471 0.426455 1.215502 0.786394 0.882604 0.195801 0.347120 0.086493 -0.093405 
1.311852 0.983979 0.954759 1.257622 1.415136 1.495633 0.580212 0.436588 0.138820 0.278711 0.180042 -0.046778 
1.094684 0.642061 1.223778 2.210200 1.224452 1.333527 0.943723 0.604100 0.692836 0.709553 -0.042337 -0.062169 
1.201929 0.676931 1.081130 1.623901 1.288813 1.296215 0.782088 1.675323 0.142073 0.709914 -0.090894 -0.025469 
0.994171 0.795402 0.980455 1.428203 0.885112 1.958041 1.073891 1.149197 0.437315 0.472665 0.092012 -0.037490 
1.959148 0.181039 1.642724 0.619142 1.577629 0.974140 1.969767 0.950880 0.536717 -0.145533 0.251330 0.025846 
2.563932 -0.243664 1.129946 0.825178 1.851939 1.481127 0.631058 1.049377 0.566523 0.107954 0.189991 -0.013063 
2.619168 -0.487367 0.454014 2.036463 1.239051 1.410861 1.499096 1.282529 0.701356 -0.043999 0.030314 0.001648 
3.396491 -0.549507 0.649377 1.362069 1.786334 1.259190 1.087738 1.122973 0.442408 -0.070221 0.147572 0.042291 
-1.#IND00 -1.#IND00 -1.#IND00 -1.#IND00 -1.#IND00 -1.#IND00 -1.#IND00 -1.#IND00 -1.#IND00 -1.#IND00 -1.#IND00 -1.#IND00 
-1.#IND00 -1.#IND00 -1.#IND00 -1.#IND00 -1.#IND00 -1.#IND00 -1.#IND00 -1.#IND00 -1.#IND00 -1.#IND00 -1.#IND00 -1.#IND00 
