-0.167485 0.249149 0.222391 0.098851 0.208609 0.318575 0.250043 0.246505 -0.241864 0.060619 -0.091389 0.106887 
0.013902 0.091766 -0.014551 -0.463542 0.147488 -0.036459 -0.300490 0.043707 -0.047875 0.273564 -0.165277 0.009785 
3.141876 0.620378 1.094229 0.097918 1.240882 1.165458 0.814426 1.744384 -0.387261 -0.151191 0.013021 -0.005499 
3.424957 0.770998 1.065043 -0.341587 1.717620 0.500407 0.530859 0.642064 0.418510 0.113541 0.247510 0.037867 
3.419815 0.542561 0.678401 -1.213468 1.459151 1.585505 0.648697 0.810108 0.159770 0.330818 0.199824 0.004643 
3.310505 0.341132 0.627217 -0.086807 1.327219 0.826190 0.807140 0.271615 0.614391 -0.083180 0.009465 0.012048 
3.288025 0.732940 0.743522 -0.777481 0.407821 1.246413 0.515132 0.248466 0.148027 0.512998 0.062497 -0.003760 
3.304799 0.059120 0.786836 -0.646650 0.984261 1.216314 1.478008 0.515404 0.239699 0.246027 0.194572 0.026655 
3.111934 0.150685 0.201786 -1.009152 -0.566846 -0.023155 0.510434 0.996454 -0.033921 0.235813 0.105318 0.022615 
3.160116 0.498186 0.894665 -0.823959 1.049143 0.729462 0.868821 1.100198 0.152101 -0.123242 0.064238 -0.005085 
3.402766 0.294689 0.659265 0.210809 1.465265 1.073256 1.039970 1.448218 0.085696 0.113638 0.120135 0.019658 
3.432570 0.165771 1.012146 -0.723012 1.276600 1.208973 0.434372 1.254092 0.731367 0.106516 0.163693 -0.004961 
3.365861 0.330468 1.097361 -0.579665 1.185618 0.518175 0.500639 1.232073 0.346005 0.074728 -0.020798 -0.015596 
3.194583 0.398194 0.870400 -0.297587 0.995426 1.210620 0.842960 0.776444 0.568134 0.418012 -0.090268 -0.063218 
3.096874 0.336354 1.380664 -0.501093 0.492976 1.754574 0.895285 0.813017 0.423393 0.280599 0.235424 0.004048 
1.896329 -1.393161 3.020944 -0.251669 -0.201338 -0.493780 1.871155 1.022961 0.461676 0.259943 0.082465 0.029636 
-0.066685 -1.788881 1.157336 0.751558 -0.784496 0.846194 2.610314 -0.070302 0.594494 -0.013525 -0.249810 -0.046424 
-0.991349 -1.612253 1.967899 0.583776 0.155893 -0.435047 1.496344 0.001168 0.374559 0.775314 -0.179574 0.079335 
-0.852216 -1.338705 2.004517 -0.038419 -0.904839 -0.253458 0.767499 0.325779 -0.425985 -0.038219 0.281483 -0.092323 
-0.410894 -1.676526 1.875891 -0.645757 -0.276132 -0.442632 0.788641 -0.105121 -0.169239 0.344872 -0.028059 -0.182833 
-0.604525 -1.194640 1.784943 -0.299882 -1.106290 0.595917 0.017432 -0.964493 -0.749460 0.324779 0.336379 -0.138645 
-0.920509 -1.754347 2.274866 -0.277317 -0.614377 0.615786 -0.301156 0.054051 0.419119 -0.403851 0.020417 0.042220 
0.668479 1.864746 1.238929 1.033644 0.989600 1.079962 0.356199 0.056573 1.123938 -0.436838 0.060256 -0.096195 
1.405816 0.734377 1.954749 0.238414 0.679010 1.055540 0.850677 0.134295 0.657117 0.462101 0.057222 -0.116876 
1.475423 1.758537 0.918132 0.869611 0.982915 0.016725 0.369263 0.253517 -0.048429 0.110323 -0.132142 -0.070597 
1.355576 0.760992 1.068541 0.363072 0.562878 0.917323 0.721882 0.633693 0.111833 -0.142469 -0.445736 -0.107998 
1.294769 0.829424 1.129723 0.900751 0.031127 1.320677 1.579215 0.788183 0.325240 -0.751818 -0.049204 -0.107328 
1.284800 0.860715 1.196965 1.240080 0.747729 0.588822 0.907280 0.926431 0.545683 0.152164 -0.273650 -0.056627 
1.538340 1.230705 1.540449 0.480944 0.686665 0.552116 0.709272 0.428370 0.752229 -0.319422 0.085517 -0.050625 
2.907536 0.201950 0.902223 1.363003 1.078182 1.057412 1.341105 1.223583 0.097871 -0.062417 -0.016198 -0.016217 
4.066877 0.391296 0.832175 0.708628 0.189569 0.559888 0.400998 0.591166 0.383914 0.355708 -0.210663 -0.134262 
5.304403 1.010006 0.402451 1.858332 1.193188 0.740660 0.841529 0.825908 0.090439 0.340736 -0.112468 -0.119262 
6.182477 3.023693 0.527796 0.696151 1.784128 1.782763 1.031571 0.371294 0.047176 -0.211383 -0.228783 -0.090952 
5.313475 2.996966 3.133613 2.330572 1.969916 0.688979 0.364468 1.279284 -0.239447 -0.443324 0.037838 0.028077 
4.431318 2.989110 2.449680 1.063960 1.560168 1.934050 1.692130 1.612508 0.595741 0.299832 -0.108336 -0.037850 
2.981720 2.054773 1.384678 1.376338 1.234453 1.358990 1.253896 0.908298 0.765688 0.524504 -0.078700 -0.003500 
4.952283 0.896941 0.769159 0.050051 1.743871 2.055704 0.897283 0.795166 0.882565 0.484216 -0.048130 -0.077552 
5.233126 2.368595 0.572419 0.355871 0.939345 1.456980 1.603532 0.752354 0.055107 0.299127 -0.093530 -0.061590 
4.046801 1.665836 1.823634 1.327796 2.093949 2.508112 1.765867 0.928923 0.448235 -0.019957 0.143053 0.083778 
3.129599 0.737236 1.316623 0.701672 2.106384 1.717867 1.225477 0.907430 0.297117 0.244402 0.009758 -0.000256 
3.530673 0.605031 1.424818 -0.505471 0.868646 1.397252 0.582045 0.579818 -0.076745 0.331180 0.143594 -0.021748 
1.823309 0.878055 0.275860 0.144230 0.212610 0.883145 1.096932 0.047452 1.524476 -1.119219 -0.273646 -0.114530 
2.140839 0.150091 0.605136 -0.559620 0.497935 1.681970 1.154415 1.369242 1.030097 -0.082697 -0.214253 -0.042337 
2.414785 0.839026 1.194442 1.362341 0.923148 1.159483 -0.869924 -0.635010 -0.164785 -0.153927 -0.035228 0.006938 
1.632324 0.555593 1.564879 0.045761 1.166681 1.586966 0.498920 1.596487 0.515581 0.343139 -0.042778 -0.126936 
1.293288 0.670207 0.571769 1.033868 1.753149 2.062508 0.118128 1.666167 0.534463 -0.099449 -0.162874 -0.071225 
0.977646 0.957665 1.356873 1.765970 1.021232 1.131473 0.327952 0.694809 0.710445 0.297079 0.037550 -0.093628 
0.759356 1.127627 0.723292 1.913238 1.084382 1.563022 0.488753 0.985288 0.623638 0.214067 -0.036515 -0.087024 
-1.#IND00 -1.#IND00 -1.#IND00 -1.#IND00 -1.#IND00 -1.#IND00 -1.#IND00 -1.#IND00 -1.#IND00 -1.#IND00 -1.#IND00 -1.#IND00 
-1.#IND00 -1.#IND00 -1.#IND00 -1.#IND00 -1.#IND00 -1.#IND00 -1.#IND00 -1.#IND00 -1.#IND00 -1.#IND00 -1.#IND00 -1.#IND00 
