1.210658 1.440204 0.177422 0.224309 0.572707 1.038814 1.139504 0.408424 0.320087 0.289908 -0.379054 -0.141087 
1.037952 1.380709 1.125987 0.419670 1.380147 0.820187 1.034033 2.181431 0.256974 0.211397 -0.264608 -0.076362 
2.191716 0.335594 1.550045 1.195733 -0.279868 0.418763 1.644860 0.981327 0.768770 -0.166473 0.024873 -0.031426 
2.055485 0.590500 1.293125 1.555678 0.852192 0.886643 1.102550 0.711734 0.728321 0.690732 -0.070463 -0.064458 
3.893324 0.469309 1.249453 1.070214 0.896961 1.024230 0.615687 -0.259072 0.237194 0.234818 -0.032819 -0.045540 
4.238944 1.767988 1.108791 1.248395 0.827175 0.735014 0.687103 0.387083 0.408220 0.094920 -0.315471 -0.113270 
3.038158 2.305336 1.607769 0.784807 0.549891 0.337390 0.114830 0.017311 0.126546 0.095327 -0.029981 -0.002501 
5.435299 2.741189 2.273070 1.282543 0.328924 0.808619 1.691407 1.873616 0.456432 0.230146 0.021855 -0.041487 
5.457313 2.471442 2.171879 0.330665 1.105810 1.261897 1.666687 2.466983 0.661157 0.429251 0.037920 -0.074446 
3.676177 2.085402 2.410823 1.785273 2.467210 1.204178 1.027789 1.747487 0.298084 0.058271 -0.048741 0.001904 
2.808775 0.264533 0.565867 -0.512642 0.408352 1.470446 1.330350 0.713257 1.030828 0.208052 0.492980 -0.078185 
3.284571 1.938960 -0.970340 0.277013 1.997506 0.811439 0.142702 1.940940 1.710866 0.325647 -0.007297 -0.156367 
3.779325 1.545741 0.760610 0.719388 1.878774 2.154215 0.993865 0.746386 0.882879 1.014496 0.480947 0.037037 
3.447562 1.367015 1.375259 0.576013 0.935703 0.464309 0.249359 1.321205 1.322975 0.376891 0.387719 0.032638 
3.417581 1.216718 1.233238 -0.969371 0.610567 2.290670 0.587727 0.376604 0.545280 0.186189 0.232762 0.051344 
3.854873 1.084161 1.160990 -0.405692 0.535517 0.307828 0.110049 0.906223 0.190405 0.246233 0.158400 -0.019183 
0.258655 1.811975 0.346454 -3.622507 -1.618966 0.301469 -0.134811 -0.231890 -0.035254 -0.030200 -0.025911 0.016928 
1.295595 0.842190 0.245239 -0.040577 0.327009 1.151776 1.635554 1.638744 -0.014695 -0.117954 -0.236199 -0.067382 
4.308200 -1.242294 0.600368 -0.088357 -0.080672 -1.294883 4.168397 1.437166 0.322298 -0.025257 -0.290439 -0.026451 
1.228945 0.917504 1.217871 0.806683 1.024038 0.216145 1.421722 1.508144 0.367943 0.590631 -0.319456 -0.107316 
1.210281 0.472008 0.610161 1.084601 0.793232 1.404514 0.360902 1.419855 1.188239 0.303928 -0.320385 -0.136051 
0.506512 0.915139 0.738851 1.474262 2.284007 1.780425 0.407393 0.955094 0.750994 0.448324 -0.056123 -0.130359 
0.920133 1.214868 0.658672 2.037469 1.463374 0.934109 0.125951 1.242119 0.554499 0.093081 0.097032 -0.125196 
1.126245 0.750527 0.775163 1.217854 2.308276 1.229549 0.981988 0.118191 1.022448 -0.062646 0.040966 -0.104204 
1.284688 0.938474 0.721015 0.949748 1.421268 0.444721 0.689458 0.792640 0.922546 -0.143971 -0.078856 -0.044210 
1.249951 1.332050 1.259065 1.193719 -0.150006 -0.834023 -0.750783 0.591577 0.218724 0.388232 0.161271 -0.050411 
1.588806 1.086948 1.002501 0.487710 0.227442 -0.188728 0.091898 -1.053105 0.557946 0.124157 0.057759 0.069388 
1.723705 1.002766 1.247519 0.373423 0.029339 -0.008556 -0.528571 -0.698428 0.067931 0.169339 -0.025716 0.078581 
1.451348 1.257404 0.706917 0.911345 -0.208313 -0.122808 -0.668925 -0.996197 -0.328814 -0.088273 -0.247039 0.019441 
1.481345 1.980621 1.118128 0.236637 0.000570 -0.089706 -0.760112 -0.908513 0.109778 -0.109740 -0.181346 0.033066 
1.476601 1.165480 1.299368 0.692596 0.124971 -0.841956 -0.158383 -0.434558 -0.441135 0.020869 0.011655 0.006293 
1.568755 1.362498 1.479675 0.243298 -0.080375 -0.308816 -0.197774 0.203170 0.097651 0.068077 -0.267190 0.053075 
1.376366 1.218396 1.892869 1.271460 -0.135339 0.573687 -0.399712 -0.095547 1.258921 0.405472 0.236348 0.000499 
1.077941 1.297892 1.888211 0.869254 0.332102 -0.573679 0.108924 0.250845 0.460803 0.412376 0.210321 0.035839 
1.347528 1.211766 1.144201 1.066835 1.002318 0.873447 0.400534 0.517833 0.102442 0.329682 0.228836 -0.007168 
1.786634 0.741599 1.388625 0.704367 1.123517 1.578094 1.404993 0.571612 0.467711 0.503891 0.157473 -0.038961 
1.821841 0.226132 2.039361 1.505050 0.715159 0.001561 0.643712 0.760792 0.415543 0.246605 0.183987 0.004764 
4.590447 -1.055849 2.127163 0.183642 1.425432 1.193720 1.035205 0.944193 0.478923 0.199510 -0.203327 -0.057263 
4.396935 2.780304 1.219315 0.631598 0.587670 0.569085 0.497520 0.628836 0.552255 0.354037 0.285000 0.071194 
3.525971 2.908652 2.099898 1.112532 0.461367 0.305404 0.505371 0.733083 0.584187 0.293865 0.048710 0.011814 
4.850348 3.477123 1.730498 0.678783 0.582889 0.954482 1.000530 0.606748 0.285701 0.254912 0.208444 0.072012 
4.619047 3.807782 3.200361 2.121161 1.041940 0.343614 0.516489 0.769769 0.098292 -0.085162 0.291991 0.075446 
3.445319 3.033776 2.849096 2.306273 1.326519 1.200159 0.708743 0.692340 0.490186 0.266207 0.231755 0.057038 
3.849391 2.528916 1.722559 1.152065 1.443600 0.788270 0.569237 0.718639 0.381480 0.295027 0.185748 0.043127 
4.057726 2.916893 2.365337 1.260249 1.263619 1.560360 0.706444 -0.017486 -0.047876 0.639441 0.321628 0.101664 
3.726320 0.528220 1.719124 -0.714881 1.471333 0.819101 0.835819 0.281755 0.417794 0.265892 0.017880 0.049001 
3.493021 0.390887 0.957094 -0.363579 0.119067 1.317234 0.610836 1.175514 -0.230715 0.064343 0.201546 0.017127 
3.420423 0.602024 1.027405 -0.110279 1.253528 0.895154 0.942386 0.095529 0.255129 0.478049 0.169287 0.025732 
-1.#IND00 -1.#IND00 -1.#IND00 -1.#IND00 -1.#IND00 -1.#IND00 -1.#IND00 -1.#IND00 -1.#IND00 -1.#IND00 -1.#IND00 -1.#IND00 
-1.#IND00 -1.#IND00 -1.#IND00 -1.#IND00 -1.#IND00 -1.#IND00 -1.#IND00 -1.#IND00 -1.#IND00 -1.#IND00 -1.#IND00 -1.#IND00 
