4.149658 2.192999 0.757679 0.472599 0.813403 0.796067 0.711922 0.762084 0.565677 0.172362 -0.225712 -0.083715 
3.740342 2.949442 1.974526 1.027167 0.490279 0.391831 0.552430 0.523159 0.145542 -0.275516 -0.210609 -0.059447 
4.463735 3.322088 2.615175 1.867096 2.019302 1.287347 1.648107 1.723483 0.510402 0.085017 -0.050180 -0.015336 
3.903163 2.671272 2.078609 1.165826 2.194517 2.180123 1.771298 1.120471 0.695267 0.318666 -0.158066 -0.005244 
3.102101 1.944247 1.837772 1.274563 1.827839 1.263903 1.733010 1.142047 0.460753 0.586470 0.084053 0.024677 
1.739091 0.633143 0.598023 0.326894 0.392629 1.219959 1.099791 0.925264 0.761220 0.496238 0.299742 -0.184226 
4.757864 0.642677 1.422991 -0.864074 -0.854409 0.917691 0.209489 1.102720 0.088940 0.504312 0.067000 -0.127493 
4.183451 1.468167 1.740131 -0.468774 0.473583 1.436926 1.015193 1.661987 1.257415 0.956758 0.451070 0.011089 
3.703906 1.271957 0.763120 -0.306881 1.267506 0.849372 0.748716 1.605899 0.873208 0.367615 0.213952 -0.027559 
3.204579 1.002503 1.294126 0.106424 0.826949 1.077108 0.695325 0.467767 0.666607 0.258288 -0.037555 -0.027527 
3.056527 0.747756 1.056914 -1.187003 0.637356 1.314515 1.132102 0.721022 0.305926 0.366163 0.256335 -0.008106 
3.249283 0.805959 1.140107 -0.506077 1.097365 0.800388 0.180190 1.138810 0.696795 0.171624 0.088068 -0.020280 
2.910034 1.009205 1.088750 -0.733360 1.542534 0.662813 1.856645 0.386547 0.373125 0.090034 -0.015424 0.009006 
2.962693 -0.040953 -0.747871 1.676554 1.118462 2.114213 0.571935 0.457821 1.717703 -0.654000 -0.576186 -0.129862 
1.194442 1.614903 0.264577 0.647705 2.073779 1.554478 0.501169 0.573673 0.339304 -0.454354 -0.194816 0.000251 
1.509133 0.606467 0.910589 0.931678 1.973444 0.738952 0.760288 0.767618 0.085837 0.047305 -0.032085 -0.067724 
1.024124 0.646383 0.941324 0.653105 1.393997 0.627351 0.535769 1.432304 0.783083 0.386131 -0.364003 -0.213642 
0.959737 1.534291 -0.205712 1.620273 2.195130 1.238169 0.327836 0.906535 0.958491 0.266879 -0.187892 -0.088399 
1.161063 0.550077 1.223999 2.191539 1.638386 0.682700 0.378124 0.465238 0.912602 0.621779 -0.126865 -0.117266 
0.999484 0.690273 1.680731 1.045697 2.081969 1.754790 -0.240016 0.463068 0.929869 0.145974 -0.086190 -0.078417 
0.687822 0.483175 1.698880 1.560278 1.745395 1.283103 1.187100 0.711485 0.393864 -0.236630 -0.084198 0.014732 
1.476886 0.554392 0.869252 0.905898 1.357264 -0.070706 0.200027 -0.644871 0.052729 0.038292 -0.166185 -0.066337 
1.414133 1.909646 1.318336 0.759165 0.326267 -0.964224 -0.877259 0.101802 0.048704 0.183271 -0.019741 0.001893 
1.838226 0.787464 1.581238 0.087838 -0.203592 -0.955005 -0.995654 -0.859618 -0.221339 -0.170542 -0.141891 -0.040126 
1.354452 1.702118 0.575788 1.087827 -0.049228 -1.023005 -0.564587 -0.623143 -0.499744 -0.193738 -0.109447 -0.014653 
1.511831 1.315676 1.098679 1.727048 -0.215895 -0.927125 -1.325943 -0.544577 -0.970155 0.035594 -0.066465 -0.046954 
1.184640 1.502634 1.482854 0.227535 -0.068600 -0.887103 -1.347388 -0.521411 -0.782888 -0.186689 0.077489 -0.076020 
1.667296 1.354622 0.714969 0.159386 -0.131910 -0.363645 -1.251812 -0.990245 0.268714 -0.472092 -0.189470 -0.022349 
1.449623 1.218440 0.814841 2.379531 0.065849 -0.870093 -0.556997 -0.216469 0.348601 0.347859 0.050489 -0.061860 
1.588986 1.023657 1.828358 0.407401 1.463209 -0.726967 0.253017 0.149919 0.441456 -0.033978 0.421888 -0.024055 
0.963903 1.719076 1.641423 0.797502 0.579670 0.135484 -1.079633 -0.123730 0.865280 0.183430 0.426651 -0.009798 
3.160395 -0.123101 1.835475 0.417427 0.987516 0.337141 0.795688 0.664809 0.331127 0.188283 0.064515 -0.012298 
3.484023 0.374880 1.025577 0.540903 0.789658 0.851386 0.791565 0.406817 0.204136 -0.058551 0.127312 0.054838 
4.312779 0.107842 0.946967 1.401907 0.584200 0.811633 0.879146 0.343974 0.471447 0.483408 0.356559 0.046036 
3.251688 2.056957 1.315466 0.944498 0.495150 0.412013 0.549464 0.575379 0.484017 0.375273 0.363957 0.034562 
5.296568 2.815690 0.499081 0.228929 0.885275 1.007778 0.818596 0.843124 0.525064 -0.009739 0.021857 0.008329 
5.954503 1.269005 2.641582 3.134253 1.663512 -0.264607 -0.534609 0.585273 0.201354 0.700039 0.237698 -0.050203 
6.990333 2.795672 2.567549 1.445719 -0.286310 0.400794 0.798655 1.647325 0.633326 -0.148425 0.051567 0.079800 
3.982219 3.161756 2.887407 1.700880 1.061405 0.372657 0.066165 -0.085102 -0.212480 0.063853 0.434339 0.104107 
4.217478 2.135974 3.179753 2.474018 2.384252 2.158314 2.007153 1.009139 0.470884 0.120460 0.154597 0.064338 
3.311833 1.963943 1.727482 0.876329 1.953951 1.639852 1.235867 1.287233 0.583654 0.339976 0.361916 0.057660 
3.273891 1.276304 1.329072 0.425500 1.335507 1.307595 0.914703 0.907028 0.022263 0.494420 0.271281 0.005442 
3.335793 0.887356 1.123329 -0.244439 1.127597 1.421757 0.922836 0.949585 0.092844 0.390132 0.316311 0.016421 
3.457808 0.855521 1.207818 -0.135043 0.873548 1.360108 0.132969 1.027613 0.163778 0.263434 0.239566 0.014015 
3.096545 0.944892 0.838823 -0.501112 1.173927 0.834654 1.094753 0.643760 1.013046 0.278850 -0.041490 -0.024923 
2.983596 0.571087 1.115429 -0.741390 0.799135 1.136210 0.826033 0.253384 -0.181689 0.303316 0.072682 -0.048287 
3.001445 1.029345 1.830021 0.323073 1.367328 1.131919 1.182314 0.842848 -0.128590 0.232659 0.003509 -0.009238 
3.315207 1.084049 1.627432 -0.236747 0.677033 0.734198 0.903129 0.696532 0.261367 0.663866 -0.038780 -0.023728 
-1.#IND00 -1.#IND00 -1.#IND00 -1.#IND00 -1.#IND00 -1.#IND00 -1.#IND00 -1.#IND00 -1.#IND00 -1.#IND00 -1.#IND00 -1.#IND00 
-1.#IND00 -1.#IND00 -1.#IND00 -1.#IND00 -1.#IND00 -1.#IND00 -1.#IND00 -1.#IND00 -1.#IND00 -1.#IND00 -1.#IND00 -1.#IND00 
