1.229595 1.035610 0.548131 1.588549 1.458572 0.814723 0.823471 0.625851 0.315709 -0.307374 0.021960 -0.062203 
1.200470 1.146010 1.824090 1.201544 0.196933 -0.238941 0.592265 0.813245 -0.291229 -0.218875 -0.383938 -0.028353 
1.072592 1.309734 1.447606 0.681250 -0.390692 0.969900 -0.034805 0.162434 0.193306 -0.083966 -0.259590 -0.080008 
1.436208 1.387140 0.891919 0.526040 -0.082992 0.679851 0.265433 0.654804 0.230445 -0.219628 -0.197529 -0.102681 
0.871636 1.243041 1.356908 0.737168 1.123076 0.874204 1.284548 1.421815 0.765941 -0.310494 -0.273505 -0.027835 
1.766173 1.723539 0.120096 0.616477 0.782337 0.144632 0.713763 1.182922 0.553589 0.512337 -0.143223 -0.062997 
2.193362 0.982350 1.221700 -0.240257 1.539055 1.188559 0.716523 0.435316 0.049811 0.662228 -0.009897 -0.050019 
3.627405 0.105514 1.607211 0.706296 0.798449 -0.078971 0.548087 0.745437 0.415973 -0.316485 -0.131090 -0.001399 
4.623582 2.157907 0.606635 0.451726 1.161316 1.250345 0.794754 -0.131638 -0.644746 -0.231658 -0.172458 -0.042384 
4.918797 1.931491 0.693787 1.005136 0.780837 0.518359 0.673720 0.632949 0.644306 0.612990 0.024044 -0.063058 
4.412014 3.672603 2.637242 1.593011 1.071230 0.831643 0.683412 0.310069 0.103656 0.068931 -0.011625 -0.006628 
3.008456 2.577368 2.397204 2.156932 2.052331 1.781770 1.023014 0.668037 0.334365 0.058715 -0.129831 0.007529 
2.296762 0.589881 -0.866553 0.096931 4.231954 0.669671 0.811869 0.475366 0.429839 -0.126153 0.033309 0.006336 
4.143073 0.248690 -0.206481 3.005879 3.586038 1.754194 1.217675 0.176770 0.158503 0.566188 -0.056688 -0.062341 
6.066680 1.956000 1.113235 1.682523 1.648452 2.283378 2.478263 0.358981 -0.395665 0.181870 0.057886 -0.035443 
3.644318 2.061845 1.736652 1.108077 2.015645 1.925640 0.914073 0.738728 0.923232 0.615160 0.194583 0.035838 
3.301034 1.250450 0.894170 1.159444 1.924924 1.402326 1.441723 1.354877 0.550000 0.500617 0.310361 0.032690 
1.985437 0.852181 1.093234 1.517190 0.335455 -0.297056 -0.313499 -0.323103 -0.252134 -0.207288 -0.158245 0.019429 
2.028466 2.481410 0.183635 -2.047514 -0.039179 2.663487 1.448556 1.387281 -0.170099 -0.622506 0.033324 -0.151070 
3.638806 -1.534951 0.237783 -0.898535 -0.503547 0.472401 5.334602 0.859668 -0.363538 -0.133113 -0.054360 0.013425 
2.378673 -0.577026 -0.046904 -0.203951 -0.122607 1.142758 4.934509 0.383689 -0.354192 0.070320 -0.043426 -0.039990 
1.479535 0.171120 1.335621 1.779450 1.219535 1.036697 0.171194 0.881022 0.568499 -0.354681 0.062267 -0.016078 
1.301399 1.208317 1.392318 1.343447 0.231712 1.127721 0.546077 1.112398 0.713907 -0.251551 0.153786 -0.076619 
1.146098 0.673328 1.641055 0.893546 1.035447 2.319838 1.271412 0.907297 0.028054 0.338082 -0.042905 -0.089797 
0.354575 0.910201 0.520422 1.501968 2.519092 2.026764 0.333030 0.957262 0.658209 -0.134428 -0.083874 -0.097528 
0.801856 1.018524 1.718040 1.354614 0.945609 1.477007 0.778109 0.969167 0.557399 -0.239282 0.162752 -0.069731 
1.312775 1.145955 1.095243 1.127575 1.065106 0.765065 0.024352 0.318596 0.204355 0.168076 -0.151973 0.011171 
1.512458 1.528361 0.941452 0.447842 0.206359 -0.110688 -0.817871 -0.074204 0.646706 -0.038607 -0.060247 0.052346 
1.123034 1.454483 1.376512 0.972771 -0.212879 -0.423929 0.058443 -0.300945 0.112571 -0.151014 -0.016966 0.089565 
1.294477 1.335590 1.936481 0.776519 -0.097976 -0.581961 -0.270258 -0.497283 -0.409697 0.109152 0.036867 0.020218 
1.121236 1.824071 1.131756 0.837541 0.148645 -0.382077 -0.476133 0.065231 -0.839255 0.012884 0.098431 0.030333 
1.235376 1.178111 1.886793 1.053307 0.421523 -0.641896 -0.951427 -0.055317 -0.446968 -0.094604 0.156153 -0.012276 
1.327008 2.511108 1.684557 -0.088334 -0.121738 -0.842860 -0.417042 -0.493670 -0.244730 0.262664 -0.030869 0.058230 
1.212086 1.519901 0.399197 1.296802 0.716825 -0.373747 -0.635823 -0.105597 0.492209 0.523673 0.294181 -0.014955 
1.435762 1.252488 1.520924 1.169900 1.470912 1.034824 0.219183 0.239571 0.312531 -0.156361 -0.232240 0.070285 
1.084011 1.585553 1.758519 1.447376 -0.386313 0.479007 -0.074146 0.293418 0.484997 -0.115712 0.354334 -0.002050 
1.426882 0.565248 1.259640 1.269071 1.312484 2.567177 0.269244 0.592621 0.936357 0.339224 0.276792 -0.039844 
0.980337 1.126727 0.900105 0.881783 1.213397 2.024665 1.936706 0.729345 0.219030 0.304693 0.281164 -0.070616 
1.773441 0.177864 1.599197 1.737504 0.971237 0.701335 0.833488 1.021886 0.876581 0.136314 -0.027742 0.029239 
3.423114 -0.301672 0.851426 1.142418 1.335527 1.721876 0.993813 0.231948 0.570040 0.452801 0.225134 0.015187 
6.166358 -0.115739 0.424105 0.810927 0.887716 0.860271 0.990239 0.368515 0.201680 0.152537 0.161815 0.072548 
5.483966 1.556220 0.175076 0.892819 1.187488 0.258537 0.862398 0.799876 0.171531 0.015722 0.137355 0.081211 
5.146254 2.870378 0.662851 0.532414 1.129652 1.133172 0.994997 0.942139 0.541481 0.291756 0.224691 0.069077 
4.762788 2.960125 1.252274 0.770819 0.739662 0.327917 0.265006 0.551582 0.500400 0.515557 0.405457 0.104185 
4.014050 3.718228 2.708586 1.618877 1.158726 0.407692 0.055772 0.263685 0.886206 0.611154 0.345334 0.117713 
5.440268 2.897655 2.787752 1.587073 1.662351 0.049372 0.302052 0.965415 0.308714 0.425601 0.242740 0.067023 
5.376447 2.943287 3.533860 3.807533 2.002317 0.853689 -0.156420 1.941341 0.122263 -0.435984 0.156819 0.139083 
3.668384 2.132849 1.298719 -0.696852 0.281871 0.428933 0.674532 0.479887 -0.402310 0.123535 0.182739 0.070496 
-1.#IND00 -1.#IND00 -1.#IND00 -1.#IND00 -1.#IND00 -1.#IND00 -1.#IND00 -1.#IND00 -1.#IND00 -1.#IND00 -1.#IND00 -1.#IND00 
-1.#IND00 -1.#IND00 -1.#IND00 -1.#IND00 -1.#IND00 -1.#IND00 -1.#IND00 -1.#IND00 -1.#IND00 -1.#IND00 -1.#IND00 -1.#IND00 
