1.181908 0.650360 0.602771 0.294249 1.093213 0.823253 1.203088 1.328212 1.135975 -0.549033 0.012730 -0.155208 
1.534271 0.866951 0.689083 0.874452 1.787942 0.608768 0.485805 0.719399 1.159878 0.224613 0.184049 -0.099313 
2.535654 0.016084 1.776729 1.370070 1.284543 0.162170 1.210427 -0.170735 1.252567 -0.053926 0.107925 0.013758 
4.352840 0.664830 0.995672 -0.201618 0.712500 1.752733 1.269530 1.509453 0.630562 -0.132952 -0.118147 -0.059001 
5.001184 2.009894 0.289391 0.607724 0.789288 0.759771 1.415664 1.761901 0.804693 0.327669 0.067310 -0.003439 
5.071585 2.595098 1.878264 1.321098 0.910791 0.467527 2.281538 3.225066 0.604987 0.372860 0.008596 -0.036292 
3.902155 2.013217 2.257337 1.536845 1.867490 1.887724 1.499777 2.423028 0.587364 0.158969 -0.100218 -0.012742 
3.752516 1.054458 1.706729 -0.717454 0.971849 1.721164 1.547562 1.092594 0.203741 0.276905 0.020398 -0.047675 
4.214029 0.836688 0.370482 0.123810 1.138608 2.049033 0.947293 0.506009 0.545572 0.842425 0.115656 -0.047720 
4.113680 -0.745241 -0.346081 0.864880 -1.491260 2.990444 3.087237 0.546601 -0.013920 0.274783 -0.125156 -0.078630 
4.236305 0.517043 0.630258 -0.651048 1.332094 2.668604 2.753276 1.482713 0.398899 -0.278267 0.113603 0.097405 
3.470239 0.738205 0.648935 -0.223599 1.707430 1.377484 2.495098 1.407119 0.631756 0.331574 0.074203 -0.020774 
3.564807 0.249830 0.830609 -0.273932 1.735211 1.011741 0.909319 1.288650 0.844444 0.233335 0.099496 -0.039682 
3.333693 -0.368127 0.794310 -0.940462 1.357786 0.884720 0.711490 0.407132 0.412242 0.090469 0.131690 0.009794 
3.501963 0.252329 1.164657 -0.469622 2.255244 0.838776 0.961468 1.322576 0.266683 0.365862 0.062304 -0.055806 
3.304958 0.241410 0.682881 -0.395805 0.892147 1.592121 0.602274 0.601742 0.323544 0.461102 0.076748 -0.023731 
1.601913 0.816386 0.369345 -0.120090 1.239921 1.469201 1.822449 1.122035 0.095914 -0.342694 -0.195681 -0.046652 
1.369837 0.861717 1.570750 1.959981 0.959647 0.298298 0.945282 0.014495 0.102524 0.070843 0.049881 -0.069521 
1.061048 1.387798 0.524040 1.803835 1.101082 0.985481 0.860893 0.501469 0.292439 0.499688 -0.218562 -0.089669 
1.209109 1.416349 1.000616 0.212360 1.069721 0.990219 1.916049 0.030620 0.203516 0.451522 -0.216773 -0.040050 
0.649505 1.081822 1.088802 1.179437 1.998695 0.943089 1.040327 0.679568 0.433324 0.070097 -0.109572 -0.087988 
0.609947 0.982130 1.953093 1.220981 0.800159 1.687516 1.353775 0.556132 0.810794 -0.154340 0.164887 -0.135773 
0.767953 0.699055 1.551953 1.298948 2.090699 1.527892 0.283135 0.278726 1.099341 0.234600 -0.073797 -0.070152 
1.421847 1.154916 1.000905 0.633402 0.443577 0.032751 -0.226877 0.099384 0.181473 0.293843 0.259223 -0.042112 
1.598649 0.963091 1.248102 1.783182 -0.139086 0.323998 -1.290502 -0.773437 0.283283 -0.030094 0.203819 -0.032127 
1.196478 1.864165 0.872416 1.340770 0.247139 -0.595033 -0.318069 -0.369772 -0.717915 -0.367952 0.074442 -0.015245 
1.584989 1.479876 1.087683 0.981537 -0.554854 0.363796 0.102491 -0.907388 -0.997697 -0.060329 -0.145368 0.026197 
1.202126 1.618500 0.969738 1.243822 0.361524 -0.276710 -0.947428 -0.949434 -0.069781 -0.400813 0.047709 -0.006731 
1.504117 1.310895 1.425420 0.399246 0.321762 -0.362089 -0.163820 -1.190511 -0.665100 -0.072747 -0.219646 -0.006353 
1.566779 1.407393 1.359870 0.196308 0.231786 -0.424658 -0.608514 -0.015550 -1.056146 -0.387714 0.119562 -0.029264 
1.344001 1.612969 1.107184 0.744579 0.100893 -0.302869 -0.852842 -0.191572 -0.382154 0.333196 -0.081919 -0.055576 
1.896966 1.027330 1.217717 1.526654 -0.302676 -0.693242 -0.323085 0.622426 -0.201946 0.755930 0.219844 0.030740 
1.143767 1.297803 1.644489 1.359642 0.810217 -0.104413 -0.036722 0.192793 0.124279 0.175641 0.145200 0.025359 
1.347104 1.419407 0.745743 1.055699 1.382231 1.311165 1.045796 0.375368 0.383833 0.313583 0.282434 -0.036441 
2.060448 0.589996 1.525208 0.239874 1.087084 0.953159 1.212585 0.965332 0.591396 0.439583 0.088883 -0.025690 
2.250612 -0.238651 1.831986 0.783336 1.211247 1.204213 0.682305 0.607660 0.375431 0.517983 0.293157 -0.045297 
5.778110 -2.870416 2.673629 0.202274 1.662372 1.249684 0.218039 1.147664 0.783192 0.481468 0.227833 0.032145 
6.174690 2.403084 0.261010 -0.004437 1.154220 1.588576 0.960841 0.690667 0.250079 0.192574 0.103835 0.020663 
3.506988 2.288989 1.801867 2.443676 2.087510 0.627096 -0.015139 0.479239 0.789595 0.114887 -0.285342 -0.035447 
4.718600 2.903323 2.473459 1.266136 1.476031 0.527848 -0.037185 0.155599 0.158718 0.228017 0.287706 0.087100 
4.624273 2.306147 2.013657 0.292173 1.238351 0.786403 0.996054 0.755794 0.564509 -0.121666 0.376510 0.133479 
3.932943 2.078344 2.839636 1.269796 2.014017 1.712936 0.953891 1.449850 1.014773 0.656972 0.087074 0.020199 
3.285681 0.808541 1.681774 0.187480 2.185971 1.420844 1.320568 1.627534 0.885677 0.330579 0.259058 0.011528 
3.651564 0.533997 1.211091 0.022582 1.415272 1.133864 0.708492 1.099516 0.589656 0.043292 0.259778 0.040743 
3.453636 0.811701 0.705230 -0.171269 1.215402 0.881393 0.208367 0.811302 0.520306 0.445664 0.163900 -0.011471 
3.226473 0.443152 0.769045 0.014004 1.316901 0.948621 0.767805 0.449852 0.162145 -0.004467 0.246560 0.068074 
3.425614 0.521941 0.786002 -0.855168 1.414794 0.474982 1.193953 0.557089 0.361245 0.307199 0.031854 0.010115 
3.808131 0.251917 0.910909 -0.196426 0.755433 0.717006 0.793765 1.319409 0.355529 0.187566 0.210011 0.004121 
-1.#IND00 -1.#IND00 -1.#IND00 -1.#IND00 -1.#IND00 -1.#IND00 -1.#IND00 -1.#IND00 -1.#IND00 -1.#IND00 -1.#IND00 -1.#IND00 
-1.#IND00 -1.#IND00 -1.#IND00 -1.#IND00 -1.#IND00 -1.#IND00 -1.#IND00 -1.#IND00 -1.#IND00 -1.#IND00 -1.#IND00 -1.#IND00 
