3.158590 0.771383 1.109782 0.019558 1.853620 1.333586 1.247590 1.054387 0.795212 0.077671 0.290181 0.020752 
3.008433 0.216144 1.135692 -0.170514 1.583582 1.580308 1.444201 1.631196 0.364275 0.221378 0.155540 -0.051483 
3.194610 -0.155960 1.704932 -0.463563 1.541316 0.926245 0.783801 0.426224 0.022040 0.207129 0.197098 0.010583 
3.310425 0.259924 0.641940 -0.450713 2.030572 1.068414 0.206376 0.772470 0.140911 0.141675 0.130971 -0.014077 
2.883285 0.290963 0.856500 0.023868 1.863236 1.149540 0.747103 0.403599 0.518416 0.252368 0.185365 0.006165 
3.005802 0.069518 1.040228 -0.453393 0.666142 0.067219 1.294402 0.615314 0.475302 0.207471 0.116451 0.006728 
2.955920 0.240193 0.697550 -0.477002 1.007628 0.071906 0.453842 0.905310 0.680395 -0.300609 -0.102501 -0.007412 
3.056519 0.503151 1.116160 -0.171497 0.657064 1.237211 0.531829 0.209101 0.532578 0.133314 0.102566 0.030267 
2.890965 0.822571 1.026562 -0.474258 1.062077 1.373220 0.950463 0.469290 0.658354 0.557638 0.050345 -0.023775 
2.841006 0.467709 0.861563 -0.250356 0.699662 0.990375 0.618115 0.713403 0.042820 0.319363 0.212077 -0.029631 
2.537064 0.137857 1.008634 -1.047963 0.546365 0.857108 0.204723 0.861924 0.899980 0.280576 0.249576 -0.014753 
2.548102 -1.133367 2.861284 -0.581592 -0.490108 -0.402997 1.010102 0.826627 0.086746 0.105382 0.247162 0.000946 
1.334579 -1.794485 3.701392 -0.837565 0.642838 1.136293 1.000823 -0.269890 0.978782 0.451170 0.000461 0.010283 
-0.449692 -0.844508 4.269386 0.982585 0.356546 -0.333550 0.961021 -0.507049 0.426600 0.667109 -0.003785 0.087574 
-0.704123 -0.936316 3.744234 0.765042 -0.571371 -0.399970 1.489814 0.217648 0.251258 0.408106 0.349826 0.142593 
-0.932900 -1.034235 3.623383 -0.063512 0.667989 -0.721889 1.327891 0.169249 0.220940 0.419463 0.337443 0.181128 
-0.574541 -1.764633 2.993022 0.251716 -0.284487 -0.968855 0.715272 -0.940689 0.266975 -0.133678 0.322100 0.048462 
-0.718611 -1.424097 2.592779 -0.093100 -0.353952 -0.138014 -0.063418 -0.382768 0.053368 0.116744 0.155852 -0.180730 
-0.841227 -1.535907 1.686674 0.077554 -0.286121 -0.504870 0.070923 -0.292147 0.027806 0.080892 -0.057710 -0.241514 
-0.856142 -1.363756 1.964670 -0.540066 0.428118 -0.303356 0.337892 -0.706197 0.238263 0.554431 0.114783 -0.077023 
-0.896978 -1.522120 2.503921 -0.671543 1.127348 -0.301248 0.798626 -0.171187 1.130874 0.038594 0.013238 0.015917 
1.662007 0.862883 2.554258 1.474978 -0.196962 1.715174 0.141239 -0.528157 0.889690 -0.020406 0.220597 -0.037428 
0.968106 1.913719 0.775905 1.329621 1.453625 1.014490 0.556029 0.660287 0.426225 -0.229428 -0.204990 0.020047 
1.685063 1.288233 1.256399 0.557325 0.193234 0.226172 0.423350 0.009463 0.104164 -0.219608 -0.255398 -0.051213 
1.448045 0.227921 0.935333 0.204059 0.381377 0.415405 -0.035962 0.279268 -0.217931 -0.701494 -0.607011 -0.045032 
1.147790 2.005203 0.301289 -0.532872 0.033954 0.993767 0.176767 -0.327676 0.070714 -0.508803 -0.122678 -0.146591 
1.164815 1.263130 0.402353 -0.240848 0.574082 1.262472 0.971982 0.090871 -0.031017 -0.337282 -0.201021 -0.171413 
1.013932 1.348751 0.989172 0.350909 0.395587 1.030131 0.612541 1.140066 -0.189886 -0.266995 -0.244590 -0.107682 
1.928480 0.909361 1.252002 1.018702 0.788044 0.416790 0.406505 0.612792 0.625275 0.337102 0.025189 -0.057928 
2.878334 0.425991 1.287154 1.120585 0.835838 0.589246 0.947330 0.357307 0.010546 -0.334303 0.036646 0.004899 
2.692129 1.771357 2.660013 -1.245241 0.511834 0.366671 1.209556 0.785681 0.487090 0.045391 -0.289892 -0.044001 
5.039807 1.184222 1.405559 0.295967 0.823022 1.155093 1.026695 0.490898 0.072706 0.239435 -0.209282 -0.133062 
6.321634 0.342422 1.454754 0.491219 0.341620 0.844428 0.355879 1.056324 -0.353573 -0.298201 -0.053561 -0.139166 
5.511959 3.532892 2.452680 1.567924 0.957172 0.591097 0.114632 0.159994 0.467407 0.495592 -0.029992 -0.049708 
3.236985 2.688164 1.988208 1.278798 1.088087 1.106488 1.227358 1.452529 0.908139 0.372791 0.075794 0.019675 
2.760017 2.095561 1.586672 1.115332 1.057058 1.297774 0.750726 0.666622 0.433833 0.139917 0.092166 0.016543 
4.400338 3.069567 3.255462 1.956875 2.345334 2.283344 0.964443 0.224394 -0.043469 0.098816 0.187025 0.046865 
2.708123 0.097145 -0.594746 0.293655 2.817303 0.899322 1.788913 0.790274 1.181008 -0.066743 -0.260199 -0.029959 
3.191775 2.296127 1.534242 1.179629 1.253931 1.325182 0.890693 0.254993 -0.086722 -0.124085 -0.053630 -0.019240 
2.783795 2.370342 2.181752 1.983958 1.738222 1.393531 0.740985 0.628804 0.286739 0.146896 0.005009 0.017611 
2.806480 2.091867 1.862823 1.259349 1.498884 1.009466 0.594574 0.549690 0.178118 0.226958 0.248895 0.031085 
3.632003 0.785506 1.728140 -0.182157 2.180191 2.004706 0.968794 0.601204 0.635201 0.559404 0.036908 -0.012531 
2.999824 0.017875 0.923791 -0.494764 0.974640 0.276761 0.423382 0.485050 0.043081 0.059619 0.088249 -0.049554 
3.165365 0.377083 0.879946 -0.628250 1.178787 0.275733 1.076530 0.919063 0.196313 -0.107102 -0.020348 -0.005277 
2.335729 -0.302125 -0.196262 0.402313 -1.193949 2.845211 0.961920 0.592046 0.277983 0.541764 -0.241160 -0.038802 
6.120476 -0.537835 -0.373129 -0.266311 0.721101 0.313715 2.286503 1.722623 0.649830 -0.046266 -0.070507 0.032032 
4.302710 0.128372 -0.696822 -0.089152 1.112683 2.081881 2.355883 1.874103 0.686946 -0.342368 -0.096957 -0.035537 
1.223083 0.530242 0.203247 0.676703 1.205145 2.122425 0.031531 1.110268 0.788098 0.855719 -0.566860 -0.148689 
-1.#IND00 -1.#IND00 -1.#IND00 -1.#IND00 -1.#IND00 -1.#IND00 -1.#IND00 -1.#IND00 -1.#IND00 -1.#IND00 -1.#IND00 -1.#IND00 
-1.#IND00 -1.#IND00 -1.#IND00 -1.#IND00 -1.#IND00 -1.#IND00 -1.#IND00 -1.#IND00 -1.#IND00 -1.#IND00 -1.#IND00 -1.#IND00 
