3.461620 0.709649 1.356536 -0.463765 1.485683 0.618916 0.656822 1.173038 -0.110177 0.268102 0.325840 0.031272 
3.618762 0.584119 1.181004 -0.664537 0.246820 1.082850 0.295498 0.672906 0.005425 0.298097 0.073038 -0.011824 
3.060701 0.492406 1.266132 -0.200633 0.584966 0.319562 0.036451 0.404999 0.148647 -0.094482 0.002081 -0.000015 
3.312301 0.497773 1.423715 -0.812727 0.710537 -0.264225 0.901349 0.049270 0.183952 0.208525 0.081878 0.093774 
3.149051 0.121032 1.475827 -0.447239 -0.171001 0.212411 -0.417627 0.207091 0.429705 0.414682 0.109857 0.037761 
3.185747 0.226491 1.144983 -0.639563 0.513005 -0.513067 0.153218 0.339846 0.091974 0.133480 0.044012 0.088843 
3.349840 0.346217 1.267455 -0.550119 -0.091696 -0.165875 0.427012 0.470715 0.085436 0.051794 0.087296 0.068207 
3.238258 0.864292 1.604635 -0.237394 1.863533 0.495922 0.052964 0.856955 0.309025 0.346078 0.423959 0.044067 
3.339555 0.920711 1.587199 -0.335924 0.555852 1.168595 0.473829 0.871746 0.226131 0.280217 0.128207 0.011406 
3.164378 0.271732 1.410736 -0.169699 0.541146 1.633104 0.005220 0.436581 0.076112 0.175955 0.101797 0.025211 
3.251889 1.184603 1.029776 -0.123233 1.634671 1.257444 1.444242 1.021095 0.285779 0.200161 0.131082 0.002342 
3.287234 0.770809 0.935304 -0.580093 1.624523 0.837813 1.011925 0.703855 -0.166004 0.265038 0.196261 0.058568 
3.264781 1.203757 1.208840 -0.354397 1.214284 1.137344 0.652031 1.420729 0.132434 0.124594 0.189270 -0.003430 
3.307937 0.930232 1.047154 0.262442 0.733941 0.734126 0.280446 0.302372 0.610960 0.469290 -0.022833 -0.007590 
1.781930 -0.544911 2.963534 -0.999989 -0.429203 0.280915 2.607782 0.065328 0.429175 0.223052 -0.031411 0.018758 
-1.005243 -0.983843 4.116406 0.126094 1.851360 -0.069532 0.438659 0.454196 0.092137 0.699573 -0.075372 0.135960 
-0.770875 -0.336361 3.793295 -0.338150 0.659253 -0.863675 0.303310 0.140015 1.245437 0.427537 0.164733 0.105997 
-0.765868 -1.047509 2.468811 -0.550925 -0.184254 -0.276503 0.982710 0.461223 -0.003640 -0.356305 0.450001 0.223643 
-0.697012 -0.968045 1.180830 -0.151155 -1.048901 -0.098742 0.455033 0.236028 -1.042976 -0.197455 0.735026 -0.109058 
-0.731055 -1.176196 1.711870 -0.491081 0.027623 -0.539424 0.436652 -0.212834 0.179289 -0.355624 0.792933 -0.122066 
-0.707479 -1.317052 1.554224 -0.179138 -0.520952 0.364906 -0.173850 0.294114 -0.410354 0.294214 0.371874 -0.230421 
-0.452910 -1.515197 1.817582 0.119585 -1.267444 -0.249448 0.243711 0.530127 0.027438 0.201310 0.325079 -0.091385 
2.489513 0.211644 0.698534 1.327556 1.004004 1.227394 -0.058237 0.587008 0.544901 0.218379 0.191022 -0.059156 
1.125325 0.914908 1.507599 1.198400 0.609231 0.522022 0.782551 0.115121 0.357783 0.064786 -0.140200 -0.080817 
1.677773 1.494917 0.473489 -0.493101 1.018558 0.399389 0.662649 0.266633 0.211587 -0.305500 -0.123942 -0.148618 
1.169239 0.870636 1.545657 -0.227632 0.437567 0.406078 0.973914 0.697438 -0.280142 -0.460068 -0.220563 -0.158177 
1.855659 0.791762 1.000318 -0.137673 0.376200 0.770678 0.780183 0.168250 0.403051 -0.478774 -0.507681 -0.073834 
0.913991 1.702456 1.302390 0.711951 1.114994 0.450476 1.268542 1.051450 0.213004 -0.319798 -0.506773 0.009563 
1.474204 0.375295 1.463294 1.465392 0.685877 0.831619 1.133025 0.918062 0.221685 -0.061661 0.228546 -0.085613 
2.709185 -0.084162 0.887920 0.925951 1.479057 1.255384 0.904753 0.750294 0.317923 0.374947 0.113721 -0.070124 
3.720883 -0.084558 1.127431 1.293077 1.015097 0.875058 1.399200 0.780305 0.145454 0.667276 0.225598 -0.090753 
6.033600 0.089981 1.486107 0.680485 1.267740 1.061754 0.563491 0.033607 -0.189803 0.009034 0.035115 -0.018162 
5.474927 2.067115 0.789435 0.637107 0.648258 0.961646 1.006586 0.579338 0.153187 -0.220676 -0.307370 -0.119814 
3.296705 2.597008 1.734240 1.141930 1.083978 1.126136 0.981283 0.783383 0.672707 0.352468 -0.022696 0.007769 
3.261797 2.663344 2.657805 2.170165 1.959794 1.483519 0.951581 0.731129 0.325414 0.124332 0.057949 0.019702 
4.366334 2.563878 1.126996 0.384660 1.068838 1.649335 1.738036 1.446822 0.784843 -0.022911 -0.200541 -0.064254 
3.712036 2.463523 2.165712 1.530216 1.837152 1.663063 1.754469 1.150194 0.061570 -0.086404 0.007949 0.017967 
2.446107 -0.593869 0.684182 1.185689 2.265481 -0.076938 0.318821 0.114459 0.274529 0.290399 0.117206 -0.008789 
3.802785 -0.227868 1.342848 -0.221025 1.869927 0.606500 1.004111 0.501696 1.680880 0.934035 -0.145745 -0.065030 
4.057187 0.961865 1.273234 0.289021 1.185778 1.164238 0.712524 0.848009 1.157845 0.096002 0.228546 0.068631 
3.444817 0.748294 1.198443 0.501241 1.054181 1.013304 1.072688 1.063845 0.499583 0.216025 0.440038 0.020169 
3.452017 0.775564 1.494086 -0.086492 1.790146 0.667342 -0.080035 0.979236 0.301053 0.595380 0.324671 -0.024781 
3.417192 0.663788 1.819843 -0.803564 0.374790 0.260843 0.776551 1.103296 0.661619 0.202233 0.089020 -0.058076 
3.370990 0.491979 1.889871 -0.593597 -0.187976 0.919528 0.896122 1.258707 0.445374 0.796465 0.135367 -0.087759 
1.557708 0.183242 -0.490481 0.093854 -1.230123 1.111192 1.946690 0.560639 0.521606 -0.340373 -0.130658 -0.078951 
2.353773 0.252703 -0.752267 0.154806 -0.842385 1.796790 0.540412 1.581232 1.203259 -0.076178 -0.169838 -0.031422 
3.622714 -0.756236 -0.140065 -0.071395 1.268297 0.841655 0.463604 0.792920 0.660029 0.033865 -0.375869 -0.130818 
1.399186 1.237862 -0.501607 1.513427 0.492444 0.711471 1.065982 1.040976 1.024382 -0.164814 0.008620 -0.101725 
-1.#IND00 -1.#IND00 -1.#IND00 -1.#IND00 -1.#IND00 -1.#IND00 -1.#IND00 -1.#IND00 -1.#IND00 -1.#IND00 -1.#IND00 -1.#IND00 
-1.#IND00 -1.#IND00 -1.#IND00 -1.#IND00 -1.#IND00 -1.#IND00 -1.#IND00 -1.#IND00 -1.#IND00 -1.#IND00 -1.#IND00 -1.#IND00 
