2.212556 0.822429 0.353983 0.159603 0.636300 0.095826 -0.396354 -0.532910 -0.183324 0.031289 0.799610 0.098512 
1.520588 1.449210 0.695227 -1.272214 0.689702 0.334363 -1.108423 -0.326895 0.033952 0.321945 0.584283 0.133154 
-0.127911 -1.495543 2.975039 0.553971 -0.619816 -0.072615 0.399448 -0.280624 1.490728 0.557559 -0.186539 0.051658 
-1.120076 -1.278867 1.741158 -0.307465 0.084367 -0.166335 0.174610 0.190221 0.887548 -0.137153 -0.150035 -0.107868 
-0.970926 -1.102767 1.946310 -0.051762 -0.530166 -0.436265 -0.096224 -0.052227 -0.016803 0.404153 -0.057147 -0.069012 
-1.218569 -1.084523 1.566581 0.512485 0.145737 -0.642307 0.662734 0.157438 0.420335 -0.262010 -0.167983 -0.097466 
-1.176060 -0.983935 1.833411 -0.050803 -0.165336 0.294441 -0.102670 -0.351569 0.746723 0.006642 -0.118594 -0.115607 
-0.975915 -0.680062 2.226811 -0.377814 0.882460 1.041297 0.575338 -0.895372 0.611958 0.486966 -0.019084 0.007620 
1.281772 1.188326 2.031276 0.565569 0.237360 -0.412329 -0.025331 -0.610590 -0.039328 -0.498548 0.129898 0.086488 
1.055303 0.949390 0.301039 1.860887 1.582374 1.744426 0.950207 1.054285 0.207030 -0.092773 0.033879 0.102306 
1.035459 1.233375 0.348004 1.507290 0.185427 0.572485 1.377523 1.045607 0.676869 0.245434 0.136939 0.012251 
0.671550 1.618895 1.411299 0.869871 0.498346 2.005767 0.480629 1.249969 0.640489 0.422407 0.346069 -0.072447 
1.138201 1.054574 1.303872 1.601821 0.839551 0.195250 -0.099772 0.641568 0.816084 0.729130 0.008331 0.000327 
0.948788 1.094040 1.468135 1.310941 0.770156 1.530442 0.560166 -0.107319 0.831189 0.271763 0.256319 -0.017035 
1.209754 0.525185 1.341615 1.504747 1.428283 1.483775 0.432598 0.934082 0.527760 0.103240 0.159164 -0.022743 
0.817720 1.305418 1.303778 1.672343 1.698523 0.405876 0.507861 0.926584 0.016712 0.640285 0.124725 -0.030445 
0.691413 1.622889 1.084515 1.119492 0.551678 1.977911 0.675392 1.082672 0.475697 0.376852 0.058338 -0.011348 
0.932870 1.026948 1.933589 1.055541 1.565523 0.561281 0.247168 0.858622 0.604341 0.301197 -0.013550 0.049706 
0.095007 -0.180732 1.463397 1.000683 0.375294 0.065898 0.147548 -0.663728 0.707504 0.355629 0.316093 -0.082977 
-0.802131 -1.212493 1.018288 1.493118 0.236585 -0.880084 -0.369947 0.736863 0.334807 -0.138615 -0.118645 -0.063211 
-0.609323 -1.678962 0.743169 1.002240 0.668544 -1.271659 0.484782 0.898103 0.605816 -0.098211 -0.104448 -0.091189 
-0.509822 -1.979600 0.362462 1.473813 -0.106508 -0.680532 0.673028 -0.167849 0.266211 -0.019888 0.246118 -0.102430 
-0.863104 -1.766803 0.385855 0.847642 0.614011 -0.668618 0.570389 0.060802 0.044384 -0.282516 0.119455 -0.042541 
-0.733873 -2.075468 0.715752 0.453876 -0.006601 -1.379747 0.617213 0.874438 0.206155 -0.122881 0.009614 -0.020394 
-0.536213 -1.721680 0.246409 1.853108 -0.010699 -1.292412 -0.211495 0.243093 0.224829 -0.493467 0.067119 -0.114207 
-0.311889 -1.696299 0.684754 2.763718 0.721001 0.126370 0.287570 0.264558 0.260655 -0.071944 0.081580 -0.009967 
-1.#IND00 -1.#IND00 -1.#IND00 -1.#IND00 -1.#IND00 -1.#IND00 -1.#IND00 -1.#IND00 -1.#IND00 -1.#IND00 -1.#IND00 -1.#IND00 
-1.#IND00 -1.#IND00 -1.#IND00 -1.#IND00 -1.#IND00 -1.#IND00 -1.#IND00 -1.#IND00 -1.#IND00 -1.#IND00 -1.#IND00 -1.#IND00 
