3.136821 0.940099 1.278675 -0.787815 1.436445 1.796480 1.424828 0.373837 0.611955 0.025270 0.170531 0.066112 
3.061602 0.174053 0.394292 -0.913453 0.485987 0.789975 0.450732 0.997037 0.099458 0.318952 0.061405 -0.048877 
3.217342 0.410022 0.874324 -0.891946 0.281372 0.348716 0.644718 0.111322 0.469405 0.819704 0.015889 -0.029411 
3.398628 0.292734 0.832354 -0.001007 1.192579 0.823567 1.251719 0.820944 0.893384 -0.176684 0.096840 0.038751 
3.244486 0.402094 1.103605 -0.304607 0.820874 0.450033 0.934365 0.409594 0.052839 0.470067 -0.024800 -0.017143 
2.995259 0.312916 1.071881 -0.247209 1.229444 1.510317 1.052349 1.154878 0.215911 0.078359 0.052767 -0.012687 
2.927370 0.406949 0.697758 -0.177415 1.320161 1.069565 0.453168 0.666250 0.166859 0.329518 0.228589 -0.003516 
2.989463 0.748627 1.079047 0.287273 1.364410 0.715387 0.860662 1.213855 0.474058 0.178337 0.120195 0.007043 
3.554926 0.451739 1.203724 -0.034242 1.162078 1.525416 1.420945 0.658962 -0.038697 0.489588 0.046788 -0.024535 
3.128067 0.620712 1.029044 -0.583628 1.180314 1.581331 0.202926 0.642979 0.608776 0.077437 0.054388 0.012753 
3.098988 -0.326570 0.289235 -0.091580 1.976766 1.170209 0.259980 0.936935 0.977866 0.642204 0.033463 -0.115902 
0.305056 -1.265357 -0.670756 -0.062084 5.735524 0.923431 0.070216 -0.798353 0.777916 0.102078 -0.033112 -0.078511 
0.041440 -0.985552 -0.976729 0.763237 2.632813 -0.081200 -1.662630 -0.607261 0.776329 0.948326 0.051686 -0.039115 
-0.079118 -1.151125 -1.413188 0.281088 2.335078 0.353530 -0.995440 -0.523528 0.186561 0.800035 0.245157 -0.040977 
-0.180421 -1.218823 -1.249256 0.812008 2.038201 -0.066184 -0.771287 -0.612212 0.113102 0.707800 0.142955 -0.101786 
-0.708299 -0.977059 -0.630884 0.616554 2.805945 -0.803026 -0.379666 -0.639132 0.250668 0.669152 -0.034083 -0.123321 
-0.402657 -1.016214 -0.322548 0.242378 2.806951 -0.674927 -0.808641 -1.323341 1.014393 0.593957 -0.172769 -0.038383 
-0.237204 -0.734066 -1.205612 -0.403738 1.846042 -0.130976 -1.311301 -1.090675 0.467533 0.985068 0.138945 -0.033082 
-0.295656 -1.421202 -0.331514 -0.091385 2.309956 -1.506911 -0.405684 -0.442773 -0.244947 0.613114 0.134085 -0.028738 
-0.137304 -1.128749 -0.664798 -0.220892 2.979401 -0.062714 0.134258 -0.705728 0.002361 0.686413 0.082957 0.029393 
0.575390 0.572439 0.171756 2.085411 2.873567 1.131896 0.068766 0.385897 -0.055589 0.796673 0.362465 -0.107624 
0.606083 0.788337 2.072441 1.326139 0.956030 2.752655 0.841470 0.769588 0.868963 0.322788 0.089141 -0.042505 
0.708251 0.560929 1.403991 1.711576 1.955285 1.680651 1.308201 0.721669 0.381011 -0.022271 0.279368 -0.020459 
1.003212 0.774278 1.282513 1.496132 1.102888 1.355961 1.366973 0.727922 0.400461 -0.091678 0.062944 0.027581 
0.655021 1.180127 1.345752 1.351190 1.407609 1.664054 0.722524 1.116209 0.596260 0.270798 0.152490 -0.063366 
0.751352 0.861864 1.257585 2.409710 2.094542 0.172177 0.905513 1.088648 0.376142 0.257207 0.066636 -0.018405 
0.869772 0.862183 1.172086 1.475990 1.499465 2.080880 1.289855 0.753865 -0.031207 0.563219 0.028539 -0.009752 
0.870070 0.585956 1.533276 1.723467 1.731630 1.103376 1.250300 0.935919 0.378619 0.420684 0.186823 -0.095213 
1.046507 0.926997 1.132719 1.387835 0.907055 1.331710 1.580148 0.675981 0.433843 -0.083531 0.309347 -0.127977 
0.542839 1.052650 1.077027 1.582018 1.900644 1.821578 1.116588 0.635801 0.708750 0.386200 -0.023516 -0.053254 
0.914627 0.928388 1.181711 1.494929 1.163133 1.266310 1.194856 0.934591 0.363493 0.237422 0.228890 -0.074884 
0.397436 1.007960 0.903340 1.874979 2.306355 1.670192 1.138171 0.780129 0.399510 0.315955 0.042516 -0.056323 
0.680280 0.889734 1.510504 1.392958 1.620883 1.323389 1.354991 0.770395 0.391178 0.565718 -0.337315 0.020329 
1.268950 0.653323 0.935600 1.890368 0.985284 1.675603 1.698489 1.090844 0.576004 0.164088 0.262244 -0.061720 
1.097901 0.904610 1.099625 1.329590 1.723678 1.302862 1.445835 0.208391 0.687381 0.408183 0.060039 -0.059560 
1.095603 0.513089 1.349764 2.010913 1.915211 0.857563 0.804149 0.845381 0.249631 0.420660 -0.056318 -0.003584 
0.866367 0.263260 0.899715 1.885524 2.161351 1.834725 1.132386 1.124425 0.048184 0.561392 0.006470 -0.046262 
0.537410 0.080182 1.110997 2.027508 2.299532 0.893558 0.260482 0.774223 0.916363 0.650502 0.043422 -0.115672 
0.455656 -0.389859 0.251864 2.896384 1.773097 0.018763 -0.034188 1.175690 0.500736 0.490463 -0.358509 0.045360 
0.391913 -0.298206 -0.134169 2.947478 1.307611 -0.956792 -0.332643 2.285236 0.929384 0.244643 -0.241515 0.015831 
0.237400 -0.566242 0.856562 3.366200 1.794974 -1.071436 -0.296546 0.957310 0.798522 0.017021 -0.137807 0.062908 
0.294621 -0.706756 0.149848 2.420607 1.176875 -0.364448 -0.164700 0.568075 1.491327 0.133561 -0.430589 0.009585 
0.266187 -1.151061 1.335517 3.829278 2.323771 0.068504 -0.301720 0.581206 0.113304 0.321797 0.058113 0.009662 
0.450124 -0.732215 0.947076 4.434438 1.309965 -1.761760 -0.219657 1.481793 0.825993 -0.053666 0.002908 0.041124 
1.459445 -0.469291 1.456268 3.206299 -0.047194 -1.975049 -0.301885 1.954635 1.797013 0.233002 0.418800 0.046918 
3.702257 -0.384803 1.393770 4.579366 1.233874 -1.488441 -0.856863 1.823935 1.440374 0.532922 0.248803 0.093554 
3.646398 -0.438646 0.541906 1.677914 1.313448 -0.672523 0.699058 0.934908 1.548039 0.126268 -0.112186 0.023655 
2.141076 0.206643 1.016915 0.550193 -1.100509 -0.421386 -2.023153 0.168339 0.871345 0.750565 0.644356 0.115939 
-1.#IND00 -1.#IND00 -1.#IND00 -1.#IND00 -1.#IND00 -1.#IND00 -1.#IND00 -1.#IND00 -1.#IND00 -1.#IND00 -1.#IND00 -1.#IND00 
-1.#IND00 -1.#IND00 -1.#IND00 -1.#IND00 -1.#IND00 -1.#IND00 -1.#IND00 -1.#IND00 -1.#IND00 -1.#IND00 -1.#IND00 -1.#IND00 
