3.071009 0.939260 1.600924 -0.312306 1.040487 1.224700 0.582417 0.468875 -0.378764 -0.085685 0.013830 -0.020855 
3.030781 0.846370 1.589565 0.579243 1.046330 0.442859 1.102457 0.276187 0.063906 0.461526 -0.036751 -0.028869 
3.129512 0.439825 1.266758 -0.896731 1.134699 1.398425 0.731937 0.646341 -0.071906 0.284104 -0.087817 -0.084009 
3.230806 1.115406 1.533636 -0.713084 1.146451 1.014039 1.121156 0.914185 0.014846 0.405754 -0.092669 -0.073918 
3.090134 0.417675 0.805622 -0.758068 1.132219 1.017167 0.063577 0.414427 -0.273505 0.291278 0.136437 -0.018743 
3.094267 0.285714 1.136881 -0.779694 1.705913 0.695074 1.195553 0.998126 0.493073 0.449975 -0.145401 -0.068264 
3.132468 0.402627 0.802338 -0.366859 1.522714 1.086113 0.148567 1.367559 0.126745 0.242941 0.338173 -0.014712 
2.903604 0.907220 1.454632 -0.495887 0.658180 0.775780 0.648011 0.650088 0.451010 0.431745 0.168182 -0.018407 
2.836116 0.369527 1.553036 -0.859697 0.879480 0.135523 0.823330 0.566373 0.121445 0.277130 0.154664 0.053605 
3.110647 0.588366 1.239707 -0.102575 1.421135 1.231403 0.491827 0.935917 0.596736 0.210973 -0.147891 -0.041269 
3.056319 0.611498 1.315129 -0.242680 0.992416 1.313643 1.070945 0.925824 0.181571 0.286126 -0.073564 -0.048403 
2.948075 0.510772 1.189924 -0.908221 1.580507 0.872067 0.242920 0.374764 0.342495 0.035624 0.049636 -0.001375 
3.160630 0.719214 0.986516 -0.866212 1.355752 0.818148 0.554637 0.695974 0.322675 0.361480 0.204280 -0.026892 
0.066491 -0.720471 -0.108883 3.966623 4.043625 0.274618 -0.159070 -0.675349 1.214528 -0.100504 0.030275 0.008232 
-0.075730 -0.947961 -0.343874 1.105244 4.651729 -0.503026 0.056240 -0.447940 1.347289 0.752196 -0.088351 -0.072045 
0.251468 -1.484956 -0.772100 0.983574 2.347847 -0.408573 -0.510129 -0.467413 0.743709 0.215306 0.039869 -0.194985 
-0.408631 -1.630170 -0.706691 0.059867 2.258435 0.497628 -0.341390 -0.367709 0.281986 0.503410 0.323278 -0.151948 
-0.200193 -0.955889 -0.705771 -0.257566 1.921796 -0.436548 -0.188856 -0.205680 0.407000 1.254447 -0.059039 -0.199260 
-0.711609 -0.929335 -0.303934 0.209424 1.727049 -0.946383 -1.296752 -0.750038 0.323039 0.919429 -0.346736 -0.094703 
-0.313168 -1.654771 -0.675917 0.727841 2.293714 -0.622889 -0.396037 -0.060815 0.436492 0.837016 -0.388380 -0.033025 
-0.084215 -1.548120 -0.314406 0.482254 3.089526 -0.737746 0.093112 -0.156874 -0.243721 0.802702 0.063053 -0.131661 
-0.186199 -1.174278 -0.339990 0.467889 2.753838 -1.025633 -1.198049 -0.743111 0.106733 0.401962 0.175169 -0.008318 
0.740467 0.376794 0.267652 0.930888 2.675406 0.981587 0.640640 -0.422726 0.075567 0.886803 0.142955 -0.064360 
1.266690 1.084321 1.336800 0.677249 1.788236 0.982872 0.634057 1.297265 0.889008 0.996335 0.252185 -0.170216 
0.750618 1.013167 1.321900 1.056187 1.338094 1.480104 1.523439 0.957951 0.473031 0.449619 0.125213 -0.098046 
0.731133 1.414927 1.585074 0.572034 1.644588 1.888739 0.980854 0.449806 0.488534 0.125089 0.223421 -0.039166 
0.627725 1.074136 1.462222 1.111953 2.662861 0.976932 0.353672 0.916220 0.770696 0.023845 0.104394 -0.067380 
0.619665 1.466096 1.260018 2.108738 1.640492 0.965641 0.681195 1.089920 0.492508 0.236970 0.101230 -0.025086 
0.446675 1.475126 1.129299 1.713350 1.749595 1.195986 1.176919 1.010325 0.345053 0.476363 0.094223 -0.072337 
0.827819 1.202381 1.724198 1.122279 1.101107 1.839077 0.705974 1.138203 0.390428 0.122427 0.112727 -0.011986 
0.683776 1.094994 1.291344 2.538257 1.523043 0.746495 0.957483 1.023731 0.407372 0.664570 0.129279 -0.057011 
0.627409 0.883573 1.628867 1.337432 1.201429 1.528714 1.637504 1.282275 0.237933 0.177817 -0.030474 0.015435 
0.728353 1.048850 1.502692 1.760172 1.163803 1.227881 1.754141 0.638816 0.630937 0.077866 -0.096783 0.048397 
0.693360 1.415305 1.067393 0.898374 1.449893 1.543735 0.796954 0.835976 0.816526 0.266963 0.123119 -0.073917 
0.535152 1.499461 1.621657 0.790194 1.824048 1.597351 1.202915 1.309974 0.134730 0.153794 -0.031155 -0.018764 
0.672297 0.558330 1.298826 2.038184 1.827712 1.917045 1.587156 0.632971 0.239880 0.026794 -0.016022 0.021058 
0.686196 1.274246 0.886576 1.482358 1.838336 1.309594 1.686375 1.044917 0.420303 0.063652 0.241574 -0.102404 
0.761631 1.169016 0.916322 1.173691 1.509865 2.285404 0.968837 0.181954 0.707484 0.515918 -0.099530 -0.008863 
0.964170 0.762634 1.135350 1.792324 1.365426 1.522012 1.157363 1.163025 0.190537 0.339462 0.007063 0.008996 
1.019041 1.193002 0.785285 1.848115 1.556123 0.988961 1.140441 0.406323 0.502035 0.449501 0.032175 -0.086388 
0.903580 0.398508 1.420519 2.132447 1.054120 0.621916 1.003793 1.430996 0.477751 0.520934 -0.212071 -0.053360 
-0.032794 -0.180673 2.001608 2.795857 0.502593 0.549697 1.679271 1.013939 0.275837 0.621826 0.100356 -0.097658 
-0.006106 -0.660297 2.387490 1.886295 0.369075 0.043407 2.197017 0.397024 0.280258 0.482938 0.018830 -0.072995 
0.357750 -1.220905 1.203861 2.972933 0.478895 0.080015 1.486318 0.308112 -0.616534 0.020649 0.293711 0.096666 
0.106447 -1.181780 0.718068 1.718866 -0.244058 -1.146953 0.882995 1.543891 0.293681 -0.141461 0.112323 0.210220 
0.205884 -1.165393 1.205822 2.735734 0.286508 -0.935635 0.284148 1.243272 0.895408 0.025887 -0.107042 0.053286 
0.491413 -1.138747 1.813753 3.079561 0.960779 -0.923883 0.795704 1.378521 0.293447 0.326647 -0.046896 0.011574 
0.926179 -0.797804 1.358384 3.277083 1.114528 -0.894058 0.554432 0.883967 1.019027 0.202146 0.085065 0.000029 
-1.#IND00 -1.#IND00 -1.#IND00 -1.#IND00 -1.#IND00 -1.#IND00 -1.#IND00 -1.#IND00 -1.#IND00 -1.#IND00 -1.#IND00 -1.#IND00 
-1.#IND00 -1.#IND00 -1.#IND00 -1.#IND00 -1.#IND00 -1.#IND00 -1.#IND00 -1.#IND00 -1.#IND00 -1.#IND00 -1.#IND00 -1.#IND00 
