3.976471 1.339047 -0.304479 -0.581428 -0.064644 0.149926 0.706074 -0.617704 1.004626 -0.190278 0.156313 0.039846 
1.378245 0.407701 2.126433 -1.067923 -0.388979 0.456916 -0.259717 -0.083012 1.170127 0.055918 0.076797 0.148903 
-0.633898 -0.601708 3.882679 0.100500 -0.697387 -0.619196 0.517983 0.343443 0.309200 0.575749 -0.028326 -0.041148 
-0.887662 -1.201624 1.839126 0.593101 -0.989953 -0.371547 0.472002 -0.807107 0.022802 0.224298 -0.120563 -0.089578 
-0.629469 -1.753955 1.187837 0.450712 -0.764625 -0.330051 0.528981 0.147507 0.323050 -0.311689 -0.279815 0.011855 
-0.590073 -1.269486 1.712137 0.463366 -0.607099 -0.314318 0.831830 0.121289 -0.183368 -0.003443 0.159024 -0.062595 
-1.095005 -1.162825 1.879294 0.280098 0.204571 -0.127170 0.391922 -0.194925 -0.601315 0.046855 -0.051161 -0.179319 
-1.058382 -1.195995 1.783976 -0.570429 -1.487415 -0.576859 -0.128383 -0.508750 -0.205017 0.205367 -0.085243 -0.054010 
-0.979485 -0.943042 1.991596 -0.201033 -0.053715 0.526973 -0.264872 -0.423879 0.424316 0.177840 0.010650 -0.073212 
0.009688 0.559714 2.402872 0.223799 -0.486586 0.101926 0.591506 0.025766 0.971476 0.050641 0.063730 0.027830 
2.739864 1.981531 2.113747 -0.096213 1.072112 1.121785 0.774798 -0.417602 0.466212 0.360793 0.957407 0.103989 
0.508463 1.329562 0.664768 1.118667 2.331969 1.389178 0.976232 1.383166 0.170657 -0.008958 0.379250 -0.018452 
0.357784 1.237965 1.695104 0.701916 1.508646 2.041523 1.243572 0.812129 0.430759 0.253554 0.291102 -0.030883 
0.901165 0.922828 0.927974 2.490369 0.678690 1.552975 1.478751 0.608518 0.430335 -0.005523 0.267549 0.019728 
0.927206 1.199828 0.722799 1.793395 0.810834 1.577289 0.202085 0.568006 0.479249 0.363567 0.395405 -0.049507 
1.211055 1.482481 0.427773 1.473081 1.411805 0.689020 1.734780 0.992448 0.625667 0.031095 -0.015504 0.031229 
0.803280 1.564372 1.925580 1.143328 1.077654 0.622314 1.252888 0.921491 0.157073 0.081972 0.310015 -0.039674 
0.738904 0.950376 1.734385 1.656412 1.231540 1.217961 1.402224 -0.040343 0.748493 0.329107 -0.023067 -0.000908 
0.927464 0.841091 1.447412 1.415445 1.603285 1.216881 0.224138 1.073781 0.767758 0.385364 -0.121434 -0.009009 
0.971636 0.812008 1.660016 1.973159 1.327090 0.936973 0.373426 0.561058 0.384178 0.358290 -0.122703 0.035878 
0.489049 -0.369101 1.573548 1.111756 0.436772 -0.524074 -0.348151 0.750443 1.472425 0.480450 0.002109 0.076229 
-0.571075 -1.899051 1.257941 0.367424 0.249454 -0.928488 -0.191031 0.853543 0.138154 -0.142394 -0.072936 0.026944 
-0.676094 -1.451163 1.408105 1.137053 -0.530995 -1.023005 0.316550 0.442451 -0.048661 -0.034509 0.173492 0.002871 
-0.563953 -1.795990 1.107407 0.430536 -0.078048 -0.982753 0.082832 -0.345597 -0.504434 0.596120 0.475690 0.025658 
-0.574528 -1.560657 0.816835 0.934865 0.086204 -1.208679 0.576869 -0.194963 -0.491393 0.015653 0.090267 0.063572 
-0.421124 -1.851813 1.060619 0.855562 -0.733415 -0.152813 0.937834 -0.680473 -0.065722 -0.133937 0.323437 0.004648 
-1.#IND00 -1.#IND00 -1.#IND00 -1.#IND00 -1.#IND00 -1.#IND00 -1.#IND00 -1.#IND00 -1.#IND00 -1.#IND00 -1.#IND00 -1.#IND00 
-1.#IND00 -1.#IND00 -1.#IND00 -1.#IND00 -1.#IND00 -1.#IND00 -1.#IND00 -1.#IND00 -1.#IND00 -1.#IND00 -1.#IND00 -1.#IND00 
