3.564958 0.427575 1.356162 -0.232746 1.063506 1.330490 0.516801 0.634918 -0.428578 0.125558 0.053051 -0.070904 
3.427843 0.994966 1.355073 0.313617 0.740399 1.061372 1.042697 0.943311 0.443156 0.364741 0.192205 -0.002475 
3.270938 0.752373 0.918924 0.197274 1.556092 0.488538 0.456236 0.836715 -0.037560 0.198549 0.050501 -0.015996 
3.377494 1.044488 1.283059 -0.637407 1.090944 0.866918 0.457432 0.800962 -0.249065 0.173687 0.056821 -0.032470 
3.314589 0.357506 0.887556 -0.501205 0.798131 0.829240 0.037547 0.202619 0.232974 0.213552 0.068256 -0.022834 
3.373317 0.820787 1.259737 -0.478609 0.700881 1.305241 0.590201 1.178123 0.330939 0.425668 0.181995 -0.018819 
3.479414 0.382750 1.249751 0.047368 0.823315 1.761705 0.625685 0.287658 0.382010 -0.022709 0.330023 0.050085 
3.673003 0.690641 1.795674 -0.358504 1.393081 0.511508 1.160242 0.902652 0.710675 0.084065 0.241940 0.078209 
3.464293 0.447999 1.432058 -0.316584 1.109920 0.501388 0.662638 0.164568 0.230564 0.335892 0.003507 0.007007 
3.413899 0.274052 1.166736 -0.315345 1.123897 0.927660 0.483013 0.976899 0.260979 0.199393 0.277444 0.023203 
3.430560 0.215057 1.478610 -0.596852 1.722495 1.122657 0.312835 0.695680 0.711149 0.214456 -0.090365 -0.030508 
3.559488 0.630735 1.295345 -0.255429 1.944642 1.144032 0.836828 0.338529 -0.128874 0.447330 0.245287 0.021411 
3.406384 0.544717 0.378374 0.616594 2.246664 0.888339 -0.306322 0.553230 0.796104 0.044471 -0.053570 -0.004259 
0.118155 -1.162769 0.021021 2.354398 2.739620 -2.022992 0.157333 -0.996228 2.324549 0.408443 -0.099974 0.003968 
0.223999 -1.426944 -1.016747 1.205837 2.492644 0.462765 -0.833245 -0.174123 1.283553 0.111782 -0.274083 -0.073765 
-0.122641 -1.693632 -0.710923 0.805775 2.473106 -0.338272 -2.048219 -0.501399 -0.372137 0.792787 0.007981 -0.011799 
0.048529 -1.138393 -0.661213 0.983873 1.373924 0.169735 -1.080152 -1.043796 0.241285 1.025393 0.020361 -0.145819 
0.319494 -0.462847 -0.617191 0.585544 1.106216 -0.032863 -1.341671 -0.986719 0.544962 0.972569 0.012912 -0.177488 
0.295481 -0.849991 -0.810921 0.638928 1.597103 -0.212953 -1.397802 -0.896775 0.219356 0.823184 -0.049415 -0.176919 
-0.349597 -0.976650 -0.269932 0.836686 1.559269 -1.163710 -1.945794 -0.967427 0.457973 0.628561 0.044758 -0.072675 
-0.297439 -1.738956 -0.930101 0.511826 1.343214 -1.141587 -1.385329 -0.924972 0.132146 0.591912 -0.078888 -0.087378 
-0.089926 -1.053154 -1.453474 0.419757 1.947236 -0.307445 -0.894938 -1.184206 0.501426 0.476199 0.494180 -0.006718 
1.375874 0.688758 0.671650 1.752564 2.210574 0.590951 1.018380 0.241218 0.091901 0.505340 0.349041 -0.094883 
0.630096 1.524447 0.902805 0.878818 1.495638 1.874525 1.023834 1.088800 0.794649 0.529681 -0.011695 -0.075148 
0.448339 1.043060 1.314264 1.155293 1.901731 2.023974 1.426349 0.426279 0.781115 0.399656 0.082679 -0.042691 
1.114404 0.382831 2.043754 0.744372 1.846234 1.681953 1.553317 -0.097152 1.021876 0.289847 0.075121 -0.014400 
0.478956 1.474357 1.142950 1.134512 2.143096 0.886755 0.979110 1.031235 1.083096 0.429281 0.052370 -0.082882 
0.748968 1.074592 1.639563 1.063625 1.127961 1.814056 1.610838 0.620588 0.627887 0.158883 -0.057583 0.015335 
0.789510 1.316776 0.915742 1.326764 2.084057 1.273923 0.803260 0.775376 0.929186 -0.126037 0.109714 -0.021488 
0.657321 1.359710 1.600131 0.778397 1.563641 1.882045 1.416816 0.257502 0.821904 -0.185169 0.073949 0.027693 
1.122526 0.639662 1.625465 1.235376 1.580483 1.987466 1.494186 0.459028 0.386462 0.149334 0.158614 -0.057531 
1.097669 1.231992 0.956765 1.403670 1.336896 1.487261 1.707263 0.681271 0.114509 0.037122 0.240630 -0.064970 
1.109461 1.171318 1.111792 0.966896 1.499859 2.094596 1.173048 0.432698 0.404028 0.530636 0.105802 -0.058031 
0.535915 0.727896 1.045203 2.089150 2.260242 1.822868 1.331872 0.687509 0.475846 0.312296 -0.116001 0.057056 
0.770440 1.493489 1.328284 1.480532 1.250564 1.230342 1.622733 1.097227 0.396620 0.345696 0.137008 -0.061752 
1.388295 0.587216 1.573086 1.737770 1.193382 0.934445 0.898006 0.516881 0.755669 0.308930 0.170459 -0.066130 
0.810166 0.694454 0.522843 1.856203 1.832637 1.740419 0.930405 1.015965 0.581046 0.348893 0.235469 -0.070104 
1.140296 0.134773 1.114555 1.649156 1.789618 0.793642 0.479073 0.862545 1.589088 0.417855 -0.132508 -0.110707 
0.254095 0.111418 1.367652 2.839894 2.690555 0.699945 0.336050 1.517594 0.640743 0.420868 -0.199759 -0.018667 
0.360043 -0.903943 0.485737 2.396782 1.596312 -1.102182 0.656534 1.033054 0.939575 0.060545 0.045027 0.103916 
0.082230 -0.574574 1.339881 3.218788 0.982872 -0.885947 1.442163 1.005249 0.543113 -0.291884 0.093546 0.133164 
0.171470 -1.143320 0.647833 2.247635 0.061935 -0.832439 0.699451 1.824240 0.300617 -0.047484 -0.024770 0.193920 
0.127239 -1.349838 0.440746 1.834572 0.955433 -0.497841 -0.269375 1.488335 0.951384 0.161400 -0.139126 0.050856 
0.391158 -0.640648 -0.272747 2.939087 2.013401 -1.161316 -0.592770 1.044465 0.241290 0.760251 0.180070 -0.028840 
0.597800 0.019806 1.934558 2.721208 1.012018 0.059172 1.465427 1.334108 0.517229 0.252553 0.161057 0.041363 
1.786099 -0.231684 0.652180 3.074820 0.431540 0.220074 0.764493 2.564038 0.514079 0.461829 0.326851 -0.025844 
2.691060 0.179393 1.322328 5.390852 1.594473 -1.465799 0.290767 3.347072 0.276390 0.187426 0.052000 0.231844 
3.381282 -0.430896 2.034179 3.107909 1.418554 -0.591051 0.906316 2.669090 0.258625 -0.133037 0.194973 0.123087 
-1.#IND00 -1.#IND00 -1.#IND00 -1.#IND00 -1.#IND00 -1.#IND00 -1.#IND00 -1.#IND00 -1.#IND00 -1.#IND00 -1.#IND00 -1.#IND00 
-1.#IND00 -1.#IND00 -1.#IND00 -1.#IND00 -1.#IND00 -1.#IND00 -1.#IND00 -1.#IND00 -1.#IND00 -1.#IND00 -1.#IND00 -1.#IND00 
