-0.051942 0.554475 3.640038 -0.386335 0.915193 -0.102708 -0.222160 -0.977288 1.062734 0.196654 0.112295 0.102110 
-0.582415 -0.567316 2.422304 -1.685965 -0.872370 -0.041750 -0.284057 -0.537934 0.263364 0.206716 -0.281736 0.110748 
-0.679968 -0.736322 1.106229 -1.013054 -2.064749 -0.000777 -0.203615 -1.841680 -0.393306 0.028656 -0.159838 0.082771 
-0.670620 -0.962070 1.634632 -0.483113 -1.165094 -0.700518 0.770686 -1.704468 -0.415730 0.229505 0.065456 0.000056 
-0.695876 -1.249100 1.425025 0.049921 -0.416701 -0.242254 0.999480 -0.886792 -0.443054 0.133814 0.026594 -0.080386 
-0.852279 -1.354088 1.411253 -0.063818 -1.191860 -0.265162 0.851466 -1.093360 -0.032066 -0.238856 -0.096536 0.000825 
-1.007872 -0.839332 1.363202 -0.022045 -1.024061 -0.405636 1.368659 -0.752019 0.309922 -0.039551 0.088993 -0.030333 
-0.941372 -0.604157 2.875276 -0.590881 -0.802856 0.504676 0.734636 -0.027144 0.996267 0.231386 0.072505 -0.079019 
0.600727 0.847021 1.984607 -0.292950 0.242136 0.683900 0.865735 -0.020716 0.796838 0.202464 0.207000 -0.091711 
0.818721 1.834675 1.248527 -0.103693 0.634716 1.298913 0.003906 -0.105286 1.521697 -0.282201 0.357769 0.062284 
0.292409 0.829915 1.298436 3.079625 1.272524 1.970656 1.639884 0.875593 0.765876 -0.143353 0.074374 0.102730 
0.388146 1.654563 1.419136 0.527588 2.560829 1.477738 0.754811 1.232579 0.766993 0.295107 0.315633 -0.088799 
0.543285 1.431990 1.103088 1.775630 2.344444 0.961290 0.153860 0.876830 0.745171 0.271167 0.263025 -0.079283 
0.969727 0.943121 2.396292 1.056920 1.667883 0.989582 1.037375 -0.429955 1.271862 0.119693 0.224991 -0.032662 
0.953178 1.304697 1.817892 0.333438 1.409340 1.280614 1.484447 0.366167 -0.034081 -0.107063 0.269223 -0.014384 
1.013076 1.473492 1.175718 2.501991 1.247882 0.653069 0.399540 0.394706 0.441984 0.172819 0.222079 -0.032436 
0.852621 1.088846 1.209294 2.075706 1.228133 0.615484 1.274576 0.291109 0.532565 -0.009190 0.062448 0.018239 
1.212052 0.691190 0.887288 1.519040 1.198966 2.213795 0.756156 1.702198 0.205374 -0.012523 0.178150 -0.014191 
0.868271 1.040076 1.330270 1.949182 1.127776 0.218125 1.399183 0.726289 0.622877 0.119488 -0.046417 0.045008 
-0.209289 -0.931831 1.605731 1.308325 0.492108 -0.511201 0.638229 0.220278 0.805791 -0.035857 0.045780 0.112835 
-0.481192 -1.322194 1.884239 0.552890 0.308980 -0.331858 0.199468 0.298507 0.324518 -0.379949 -0.237963 0.111066 
-0.642249 -1.443187 1.068744 1.143142 0.410376 -1.496258 0.454366 0.573482 -0.352045 -0.116458 -0.018776 0.053481 
-0.751850 -1.665288 1.515359 0.652643 -0.305376 -0.995700 1.628432 0.178270 0.098699 0.163221 -0.047384 0.057546 
-0.684635 -1.392082 1.644208 0.694917 -0.422432 -0.574605 1.324493 -0.460627 -0.344572 0.493626 -0.044668 0.106874 
-1.036110 -1.483668 1.475997 0.389816 -0.323240 -0.501336 0.460037 -0.797487 -0.150850 0.117895 -0.037533 0.067122 
-1.230964 -1.020493 0.817836 1.310825 -0.871183 -1.099741 1.322720 0.272374 -0.136942 0.133424 -0.025066 -0.072813 
-1.#IND00 -1.#IND00 -1.#IND00 -1.#IND00 -1.#IND00 -1.#IND00 -1.#IND00 -1.#IND00 -1.#IND00 -1.#IND00 -1.#IND00 -1.#IND00 
-1.#IND00 -1.#IND00 -1.#IND00 -1.#IND00 -1.#IND00 -1.#IND00 -1.#IND00 -1.#IND00 -1.#IND00 -1.#IND00 -1.#IND00 -1.#IND00 
