3.966043 1.721080 1.094886 0.287596 0.857059 0.361031 1.005809 -0.159341 1.203388 0.294619 -0.078945 -0.021360 
3.527770 2.297363 0.634918 -0.275154 0.567120 -0.300030 0.490550 0.673644 0.033368 -0.529130 0.173190 0.038801 
0.299956 -0.873390 1.683283 1.834650 0.415765 -0.732747 -0.501806 2.556442 0.119958 -0.114272 -0.090787 0.200785 
-0.622219 -0.996048 2.520752 -0.361713 -1.021056 1.080285 0.201899 -0.719119 0.513993 -0.047586 -0.236341 0.007569 
-1.030431 -1.334437 2.150609 -0.422332 -0.569320 -0.370812 -0.142644 0.386202 0.091544 0.323018 -0.533454 -0.110374 
-1.064924 -1.140030 1.648092 -0.499237 0.061202 0.937609 -0.113474 -1.152441 0.223417 0.231283 -0.482042 0.038677 
-0.496292 -1.191742 1.497104 -0.288911 -0.476585 0.863478 0.365670 -0.652763 0.826643 0.297633 -0.488854 0.072705 
-0.829887 -0.710139 1.193849 -1.220602 -0.423931 0.404543 -0.179858 -0.736675 0.239585 0.156904 0.067456 -0.020674 
0.030108 0.409343 2.762806 0.099757 0.141185 0.258467 0.162899 -0.173683 0.421790 0.441677 0.194491 -0.031184 
0.876794 1.535880 2.474806 0.252288 -0.208638 0.484493 0.030552 -0.714394 0.706348 0.004993 -0.089994 0.072777 
1.179877 -0.731914 2.425573 -0.274577 2.869523 1.349153 1.574173 1.444472 0.801266 0.337100 0.098168 -0.034565 
0.662433 0.996777 1.258023 1.020276 2.054198 1.361747 2.005232 0.884908 -0.036010 -0.142157 0.341367 0.041515 
0.842844 1.157935 1.266728 0.612309 1.068325 1.846436 0.873557 0.288833 0.344604 0.243362 0.233057 0.027523 
0.909961 1.546509 0.935090 1.311107 1.805511 0.590134 0.631996 0.320924 0.490507 0.255810 0.133497 -0.001421 
1.111021 1.217543 1.408345 1.103748 1.414893 0.792431 0.800628 0.749310 0.350013 0.486261 0.112853 -0.042518 
1.062070 1.211878 1.424765 1.358176 1.156984 0.609200 0.715624 0.955565 0.446853 0.128426 0.213795 -0.032634 
0.712970 1.647156 1.539812 0.319745 1.216705 1.886733 0.821969 0.459478 0.568047 0.337769 0.085885 -0.026018 
0.893762 0.856431 1.352392 1.961730 0.495713 1.540846 1.354878 0.908538 0.762438 0.204449 0.020378 -0.033626 
1.216279 1.064167 1.832257 0.899126 0.931848 0.478721 0.858777 0.435289 0.081003 0.537628 0.094107 -0.045527 
-0.160133 -1.388319 1.534727 1.188226 1.102362 -1.334941 -0.270638 0.264216 0.138679 0.525537 -0.127358 0.001712 
-0.521743 -1.096889 1.432487 1.750660 0.177949 -1.675648 0.098965 0.788470 0.549459 -0.067604 0.097945 0.052260 
-0.558527 -1.572629 1.050976 1.387826 -0.449876 -0.995713 0.280239 0.453318 -0.639440 0.286858 -0.224655 -0.063230 
-0.532869 -1.724833 0.414748 1.546033 -0.020109 -2.398876 0.232948 0.901329 -0.863119 -0.061115 -0.103265 -0.021540 
-0.977590 -1.849843 0.976722 1.038244 -0.149705 -1.471739 0.240815 0.268365 -0.275616 0.198868 0.153284 0.011424 
-0.811134 -2.022316 0.713458 1.199184 -0.473917 -1.280590 0.676918 0.772193 -0.081577 -0.169750 -0.041726 0.029821 
-0.222368 -2.047400 1.054305 1.822816 0.062783 -1.556658 0.855391 0.234647 -0.075141 0.356309 0.130480 0.011332 
-1.#IND00 -1.#IND00 -1.#IND00 -1.#IND00 -1.#IND00 -1.#IND00 -1.#IND00 -1.#IND00 -1.#IND00 -1.#IND00 -1.#IND00 -1.#IND00 
-1.#IND00 -1.#IND00 -1.#IND00 -1.#IND00 -1.#IND00 -1.#IND00 -1.#IND00 -1.#IND00 -1.#IND00 -1.#IND00 -1.#IND00 -1.#IND00 
