2.092710 -0.383225 1.764474 0.678964 -0.250827 -0.629075 2.718387 -0.268243 -0.356111 0.552088 -0.055672 -0.014842 
-0.575301 -1.352918 2.269806 2.565028 -0.741960 -0.823782 1.046267 0.579037 -0.274609 0.412692 0.041654 0.059827 
-0.836297 -1.690085 1.569556 1.159266 -0.683000 -1.002483 0.835598 -0.250665 0.596468 0.430212 -0.045599 -0.011543 
-0.714392 -1.282170 1.018176 1.556431 -0.562544 -0.066576 0.583324 -0.101756 0.451266 -0.293532 -0.185164 -0.028800 
-0.943442 -1.404565 1.433194 0.568850 -0.938313 0.223227 0.221277 -0.423924 -0.113362 0.419882 0.046320 -0.040939 
-0.997808 -0.623550 1.492618 0.005196 -0.235028 0.348089 -0.328159 -0.718221 0.523926 0.287035 -0.361167 0.063801 
-0.936048 -0.337519 2.228521 -0.087004 0.668069 1.363488 0.302006 -0.419021 0.394450 1.210027 -0.187833 0.135500 
1.160826 0.669619 2.220199 -0.255769 0.771808 0.870257 -0.195698 -1.018009 1.204537 0.474608 0.114791 0.077337 
0.845985 1.344642 0.617748 1.928790 -0.131986 0.965925 0.291179 1.010021 1.486091 1.059484 -0.013781 -0.045123 
0.897202 0.760125 1.339362 0.706875 1.860198 0.465394 1.832354 1.452284 0.135437 0.567435 -0.015523 -0.005909 
0.729642 0.882653 1.349298 1.101122 1.895236 0.764618 1.615684 1.050679 0.310675 0.073592 0.070475 0.054388 
0.709897 1.240073 1.522193 0.944820 1.588807 1.321360 0.523501 0.319373 0.541614 -0.049771 0.131074 0.050669 
1.532703 1.008484 0.974827 0.848606 1.435968 0.303869 -0.185076 0.305091 0.137827 0.484805 0.296423 0.013099 
1.219971 1.079836 0.971478 0.923466 0.866685 2.033079 1.123357 1.007851 0.373147 0.113737 0.182053 -0.040267 
0.810963 1.226357 1.644594 1.691541 0.779258 0.806497 0.834445 0.826349 1.001355 0.304128 0.005930 -0.015514 
0.573914 1.339720 1.324261 1.233803 1.261630 1.354993 0.962684 0.932120 1.031272 0.345300 -0.095890 -0.029643 
0.673601 0.359625 1.913220 1.547587 0.476811 1.869271 0.974998 0.675444 1.230281 0.171405 0.279994 -0.089887 
-0.559735 -0.852605 2.033526 1.882069 0.736123 -1.047340 0.918148 0.957237 -0.348208 0.418753 0.150449 -0.015531 
-0.805534 -1.232661 0.924968 1.211555 1.719605 -0.673071 0.115476 0.476781 0.348122 -0.168318 -0.291682 -0.032865 
-0.743117 -1.053222 0.259178 1.693634 0.104673 -1.336862 -0.388618 0.747155 0.642588 -0.432337 -0.165443 -0.034200 
-0.444902 -1.577301 0.683981 0.649380 -0.472570 -1.556339 0.452196 0.184618 -0.499602 -0.340593 0.271293 0.031918 
-0.330343 -1.711703 0.329989 1.937706 -0.913618 -1.604948 0.720088 0.162864 -0.021425 -0.087488 0.209038 0.039518 
-0.597419 -1.092196 0.465610 1.823794 0.244848 -1.289987 0.840821 0.749038 -0.154850 -0.321552 0.243958 -0.005083 
-0.527418 -1.632267 0.189485 1.614134 0.703908 -1.723524 0.436313 1.446451 0.215727 -0.261270 0.003465 -0.057083 
-0.264726 -2.059209 0.404291 1.033243 0.829979 -0.983741 -0.255082 0.557044 -0.010370 -0.367207 -0.000148 -0.000703 
-0.001208 -1.279257 0.548811 1.902553 0.544215 -0.849567 -0.356113 0.946716 0.135853 -0.284172 -0.210621 0.077162 
-1.#IND00 -1.#IND00 -1.#IND00 -1.#IND00 -1.#IND00 -1.#IND00 -1.#IND00 -1.#IND00 -1.#IND00 -1.#IND00 -1.#IND00 -1.#IND00 
-1.#IND00 -1.#IND00 -1.#IND00 -1.#IND00 -1.#IND00 -1.#IND00 -1.#IND00 -1.#IND00 -1.#IND00 -1.#IND00 -1.#IND00 -1.#IND00 
