3.439089 0.010947 0.955068 -0.589955 1.687514 0.595867 1.181172 1.066980 -0.273080 0.320777 0.140734 -0.002098 
2.992867 -0.044644 0.571097 -1.334509 1.754582 0.835421 0.120235 1.029834 0.189841 0.207509 0.014883 -0.041699 
3.095743 0.562529 0.774590 0.326923 1.201599 1.773563 1.201522 0.836886 0.524103 0.272723 0.233822 0.010818 
3.176402 0.527297 1.049031 0.462682 1.772340 0.947015 0.948038 1.170172 0.425692 0.327525 -0.052586 -0.009552 
2.904699 0.610478 1.488577 0.348736 1.089337 0.801231 0.150226 0.313980 0.348465 0.245231 0.177286 0.008556 
2.951870 0.811342 0.906463 -0.601639 1.652954 0.559644 0.700108 1.175612 0.827167 0.358499 0.186813 -0.023599 
3.139809 0.582432 0.454376 0.635034 1.292094 1.179706 0.842817 1.126237 0.501643 0.001360 0.136608 0.007142 
3.183271 0.209858 0.473051 -0.261542 1.654419 1.026484 0.882310 1.109884 0.189100 0.317693 -0.086197 -0.067115 
3.039945 0.453739 0.913241 -0.296225 0.926846 0.227225 0.748598 -0.111180 0.202865 0.052621 -0.254358 -0.008780 
3.037012 0.436779 1.134657 -0.288518 0.545766 0.480527 1.140381 1.331195 0.055091 -0.154983 -0.043316 -0.095939 
3.361612 0.305436 0.994072 -0.317988 0.761249 0.516255 1.367898 0.675396 0.364916 0.213882 0.108914 0.003618 
3.124398 0.554648 1.140252 -0.502576 1.748284 1.499618 0.850418 0.908428 0.397884 0.281913 0.072699 -0.028238 
3.270217 0.605897 1.386304 -0.428821 0.900982 1.111445 0.595747 0.524388 0.375664 0.008478 0.158564 0.013875 
3.404390 0.156276 0.801814 -0.255889 1.879117 0.578571 0.327103 0.240408 0.170185 0.600683 -0.009618 -0.060879 
3.303526 -0.990986 0.327482 0.901360 1.783718 0.281712 -0.396066 -0.311109 0.906108 1.035047 0.118078 -0.095008 
0.708049 -2.161966 -1.348961 1.069653 2.526176 0.829316 -0.030426 1.105305 0.679201 0.369129 -0.006257 -0.129070 
0.429373 -1.031573 -1.313910 1.492196 1.095156 0.256333 -0.812739 -0.814925 0.353594 0.638803 -0.066678 -0.205767 
0.140319 -1.386466 -0.760535 0.048875 2.504918 -0.323565 -1.173427 -0.643729 -0.159583 0.369292 0.385737 0.007275 
0.129402 -0.990107 -1.134391 0.017648 1.135217 0.293602 -1.497938 -0.980333 -0.158511 0.877362 0.279900 0.001756 
0.277297 -1.194190 -0.852127 0.764824 2.015207 0.419145 0.031716 -0.689052 -0.054575 0.387360 0.628684 -0.099162 
-0.067618 -1.400132 -0.988816 0.531577 1.986549 -0.045049 -1.211433 -0.980196 -0.467725 1.021349 0.101054 -0.015588 
-0.025028 -1.529293 -0.808054 0.207261 2.084322 0.216508 -0.306840 -0.651343 -0.204355 0.619707 0.356412 0.011541 
0.018825 -1.525449 -1.171406 -0.024106 1.838681 0.195147 -1.051675 -0.872508 -0.137504 0.088334 0.063404 0.001159 
-0.166305 0.051652 0.636984 -0.068928 3.032339 -0.337481 0.271414 -0.879495 0.628312 0.282124 0.291094 -0.006820 
0.592749 1.356931 2.229422 0.969952 1.429507 0.959332 1.094175 1.485545 0.283051 0.410410 -0.137572 0.026510 
0.677141 1.042302 1.455469 1.864441 1.664532 0.553221 1.746522 0.889005 0.674174 0.072173 0.072415 -0.000682 
0.509444 0.947667 1.656345 1.665690 1.637694 1.596911 1.059665 1.060063 0.715326 0.129651 -0.080785 0.030835 
0.756319 0.360473 2.235347 1.475806 2.241629 1.264784 1.193202 0.651699 0.453385 0.313053 0.196722 -0.060983 
0.733392 1.692088 1.395270 0.925448 0.560315 1.381673 1.246681 0.920248 0.891637 0.208428 0.187478 -0.064258 
0.649140 0.961019 1.947832 1.335316 0.978761 1.516579 1.375837 1.231627 0.361607 0.202099 0.109028 -0.034101 
0.713132 1.271300 1.099583 1.407368 2.041146 1.812245 1.141098 0.663722 -0.163628 0.588728 0.132049 -0.022838 
0.757442 1.194526 1.114532 2.134597 1.442264 1.024357 1.468172 0.755421 0.417620 0.484991 -0.039331 -0.016168 
0.679927 1.018746 1.237146 1.713395 1.921788 1.095406 1.395610 0.790895 0.243008 0.108858 0.222888 -0.104335 
0.276239 1.120212 1.387721 1.666761 1.842791 2.462675 0.049804 1.040261 0.506551 0.381688 -0.029168 -0.068462 
0.460022 1.571633 1.876855 1.628992 1.272120 0.954921 0.829370 0.598796 0.797697 0.126986 0.029534 -0.037277 
0.792332 0.901802 1.175739 1.569397 1.144755 1.686024 0.921979 0.701611 0.713009 0.160145 -0.027460 -0.058969 
1.083134 0.891131 0.938552 1.394443 2.131025 1.045379 0.726597 1.165018 1.027623 0.067976 0.440151 -0.137472 
1.099515 0.462481 1.782470 0.976448 1.238299 1.674918 1.382429 0.578625 0.560026 0.101164 0.220865 -0.051504 
1.102058 0.345147 0.663131 2.032058 2.664034 1.485856 0.503532 0.626552 0.593380 0.679268 -0.117391 -0.061966 
0.411805 0.163700 0.574449 2.561846 2.818399 2.500864 -0.144122 0.549612 0.434690 0.908993 0.050589 -0.125269 
0.830052 -0.311824 0.097187 2.512719 2.368132 0.891561 0.435321 0.645433 0.146492 0.620956 -0.046617 -0.037931 
0.259675 -1.111567 0.195825 1.373060 2.725663 -0.310691 -0.947863 0.941936 0.819519 0.033503 -0.002701 0.113507 
0.193807 -1.497162 0.411708 2.483100 1.833051 -0.420034 0.228396 0.549856 0.693964 0.339624 -0.070055 0.001140 
0.064564 -0.926251 0.828918 2.194896 0.947320 -0.829478 0.212077 0.916371 1.246516 0.305658 -0.053430 -0.040246 
0.074781 -1.204237 0.942103 1.763877 1.521003 -0.282238 0.174945 0.511619 0.714902 0.401874 0.051711 -0.062474 
0.239444 -1.605325 1.356487 2.171997 1.109558 -0.916955 0.896791 0.885091 0.655055 0.365942 -0.040174 -0.065038 
0.011188 -1.798317 0.562991 2.727461 0.842327 -0.400971 -0.015629 1.433791 0.455106 0.052477 0.122792 0.093025 
0.204285 -1.576793 0.497484 2.179794 0.897728 -2.342315 -0.895827 0.755299 0.541882 0.428550 -0.166943 0.026233 
-1.#IND00 -1.#IND00 -1.#IND00 -1.#IND00 -1.#IND00 -1.#IND00 -1.#IND00 -1.#IND00 -1.#IND00 -1.#IND00 -1.#IND00 -1.#IND00 
-1.#IND00 -1.#IND00 -1.#IND00 -1.#IND00 -1.#IND00 -1.#IND00 -1.#IND00 -1.#IND00 -1.#IND00 -1.#IND00 -1.#IND00 -1.#IND00 
