3.445141 0.366813 0.601035 -0.867336 1.305902 0.866378 0.942923 1.688850 0.262050 0.076759 0.320586 0.018518 
3.335298 -0.039502 0.723207 -0.438904 1.390234 0.183932 0.218776 0.347788 0.187472 0.571200 -0.022843 -0.057273 
3.143622 -0.003922 0.264882 -1.178700 0.943224 0.497396 0.551930 0.764639 0.653779 0.258596 0.077091 -0.044900 
3.248979 0.342966 0.452762 -0.554233 0.961362 0.667517 1.428187 1.261807 0.013787 0.392993 0.180654 -0.031930 
3.215425 -0.102960 0.827302 -0.677414 1.369846 0.844482 0.569027 1.209351 0.541339 0.616379 0.066318 -0.071813 
3.155040 0.067470 0.835168 -1.308836 0.996043 0.180203 0.369539 0.694885 0.555802 0.167904 -0.019859 0.008615 
3.297611 0.501705 0.414192 -0.752953 0.798932 0.699319 1.143163 0.816988 0.209654 0.541312 0.035509 -0.014188 
3.157962 0.403876 0.726722 -0.680830 0.410000 0.618548 0.769363 0.964042 0.146961 0.499231 0.009227 -0.051295 
3.419868 0.347924 0.493981 -1.180418 1.292220 0.896836 1.339336 0.505414 0.259420 0.180708 0.003570 0.015718 
3.090094 0.552210 0.945434 -0.402549 1.557455 1.066095 0.972279 0.636349 0.142264 0.082931 0.270891 0.034845 
3.347753 0.147771 0.675207 -0.357684 1.375560 1.037731 0.642549 0.838167 0.577593 0.194175 0.082962 -0.030724 
3.204397 0.081078 0.841639 -1.092111 1.516576 1.041404 1.037605 0.514760 0.062930 0.723492 0.048078 -0.039916 
3.386656 -0.249060 0.305773 -0.385343 1.641679 -0.072421 -0.377531 0.394017 0.993300 0.495458 -0.224115 -0.079305 
-0.103846 -1.229041 -0.628504 0.465582 3.016409 -0.487859 0.363035 0.125006 2.686374 0.316550 0.013807 -0.083851 
0.042976 -1.152414 -1.572818 0.464853 2.808468 0.074572 -1.567979 -0.151121 0.584281 0.804373 0.059501 -0.093125 
0.060247 -0.844631 -0.252308 0.033067 1.750071 -0.199731 -1.518664 -0.811368 0.625836 0.579173 -0.026655 -0.216296 
0.055212 -1.052704 -1.451433 0.347590 2.848435 0.284858 -1.029061 -1.168421 0.484991 0.193938 -0.043644 -0.077170 
-0.279615 -1.289176 -0.193445 -0.647387 2.260315 0.590665 -0.439730 -0.509618 -0.695939 0.421972 0.524326 -0.010157 
-0.202749 -1.417579 -0.825341 -0.915075 2.207406 -1.237890 -0.867926 -0.423345 -0.345902 0.327233 0.314889 -0.010223 
-0.325661 -0.872191 -0.116252 -0.992946 3.289213 0.400537 -0.904887 -0.638157 0.106365 0.616357 -0.225642 -0.109254 
-0.547527 -1.013348 0.003292 -1.069829 2.648410 -0.187697 -1.066332 -0.371189 0.197423 0.559424 -0.014546 0.006092 
-0.505513 -0.375355 -0.258674 -1.736242 2.680228 0.234085 -0.216530 0.177893 -0.207286 0.541735 0.196760 0.063724 
0.750495 0.915378 0.377871 -0.143967 2.417540 2.211679 0.675145 1.411184 -0.349875 0.488485 -0.062359 -0.010383 
0.526636 1.333414 0.971588 1.308538 1.485981 0.979834 0.857271 1.822673 0.299263 0.374210 0.219739 -0.122959 
0.862253 0.624097 0.980295 1.675150 2.247370 1.034574 1.339671 1.261216 0.378831 0.245629 0.021349 -0.010968 
0.519217 1.203211 1.939321 1.612206 1.043506 1.153063 0.724855 1.063169 0.558423 0.139994 0.121557 -0.015657 
0.715278 1.071049 1.631724 1.515914 1.697122 0.475131 1.487848 1.324689 0.650249 0.420077 -0.006271 -0.048684 
0.505215 1.475525 1.449602 1.073992 2.357367 1.317741 1.158982 0.844216 0.085753 0.569239 -0.081020 -0.039180 
0.569116 1.303364 1.291107 1.777807 1.203979 0.904672 1.177024 0.672720 0.611580 0.486016 0.005060 -0.104097 
0.613887 1.516263 0.946705 1.551173 1.595068 1.221835 0.978743 0.730419 0.630681 0.130850 0.230927 -0.112263 
0.667690 0.894857 1.769760 1.392936 1.717695 0.875492 1.294071 0.876011 0.551496 0.333240 0.002548 -0.059148 
0.306694 1.235443 1.162331 0.975155 2.241369 2.071410 1.248440 0.675570 0.907582 0.109087 -0.020525 -0.032178 
0.861924 0.428195 1.828976 1.477412 1.028338 1.757340 1.375458 0.914092 0.894309 0.211379 0.202186 -0.059525 
0.604697 1.162730 1.471084 1.513233 1.296460 1.560809 1.414141 0.610257 1.075968 0.238244 0.176598 -0.064348 
0.835684 1.007426 1.384172 1.246462 1.428756 1.169880 1.353448 1.110836 0.430657 0.415404 -0.037014 -0.032933 
0.532762 0.679974 1.912868 1.477236 1.809194 2.013474 0.693702 0.816046 0.586636 0.141728 0.130273 -0.047312 
1.087230 1.235267 0.348601 1.323041 1.640487 1.219293 1.176349 0.381296 0.044620 0.421600 0.067239 -0.024178 
0.641180 1.003671 1.652747 1.435772 2.279982 0.594913 0.465483 0.171185 1.382074 0.404922 0.039669 -0.085688 
0.693633 0.143189 1.482392 2.430517 2.194314 0.694021 0.347062 1.172863 0.782185 0.403664 -0.023546 -0.094189 
0.428938 -0.618960 1.104800 3.018148 2.019060 -0.030731 0.853311 0.578151 0.633626 0.182424 -0.067290 0.019135 
0.262750 -0.841404 1.376416 1.927954 1.408819 -0.100110 0.616358 0.872263 0.565073 0.077768 0.255715 0.022693 
0.488070 -0.499660 1.071510 2.241769 1.430298 -0.621821 1.127152 1.403597 0.292559 -0.213047 0.134394 0.119965 
0.086263 -0.954650 0.924872 2.972352 0.173998 -1.184665 1.312859 1.400796 0.608545 -0.003398 -0.066740 0.068169 
0.201355 -1.203675 1.482088 3.105666 0.788132 -0.926737 1.139988 1.486345 0.059132 0.334770 0.076023 -0.057912 
0.275846 -1.060899 1.060908 2.694656 1.269862 -0.548644 1.197213 1.192668 0.265043 0.008287 0.111189 0.029652 
1.025647 -1.116806 1.850918 3.100718 0.595457 -0.911377 0.770214 1.184360 0.413558 0.493289 0.149239 -0.002498 
2.488664 -0.404001 2.813719 3.693672 -0.108742 -1.557333 0.518241 2.322934 1.199419 0.416979 0.504471 0.116206 
2.910933 -1.377055 2.614183 3.491656 1.512041 0.126531 1.541478 2.055976 0.626047 0.408877 0.361131 0.029292 
-1.#IND00 -1.#IND00 -1.#IND00 -1.#IND00 -1.#IND00 -1.#IND00 -1.#IND00 -1.#IND00 -1.#IND00 -1.#IND00 -1.#IND00 -1.#IND00 
-1.#IND00 -1.#IND00 -1.#IND00 -1.#IND00 -1.#IND00 -1.#IND00 -1.#IND00 -1.#IND00 -1.#IND00 -1.#IND00 -1.#IND00 -1.#IND00 
