3.830444 0.483019 1.236534 -0.238723 -0.712505 -0.703449 -0.875106 -0.443741 -0.135854 0.046845 -0.090533 0.035230 
5.152342 0.558808 0.390900 0.363081 -0.935047 -0.479076 0.426430 -0.846712 -0.389187 0.239722 0.199894 0.060244 
0.406212 -0.736630 1.865854 2.184179 -2.783510 0.273485 1.005671 -0.508237 0.271458 0.499590 0.268018 0.110496 
-0.259878 -0.958636 1.780644 0.154766 -1.519046 1.180184 0.710583 -1.356679 0.548472 0.237189 -0.094936 0.079068 
-0.877620 -1.264431 1.695527 0.506492 -1.468093 0.774000 0.896630 -0.501611 0.230067 0.136167 -0.118222 -0.160486 
-1.214656 -1.331647 1.634615 0.593059 -1.351726 0.365178 0.520480 -0.500910 0.570854 0.041026 -0.310078 -0.024264 
-1.113329 -0.984869 2.149013 0.712011 -0.532526 -0.199748 0.298357 -0.956302 0.500876 0.209510 0.039046 -0.129438 
-1.086667 -1.431600 1.389974 1.154914 -0.520723 -0.187822 0.789424 -0.303470 0.727328 0.037855 0.007776 -0.119022 
-0.858016 -2.077867 1.754544 0.923828 -0.226035 -0.295788 1.052095 -0.783309 -0.194845 0.331104 -0.121364 -0.042036 
-0.097068 0.155252 2.115153 1.884045 -0.205603 0.331594 0.508986 -0.201590 1.305536 0.279784 0.173977 -0.053453 
2.580252 1.428422 0.911815 0.439522 1.465922 0.753121 1.539777 -0.242309 0.080335 -0.162179 -0.156041 0.098594 
1.614549 0.793336 1.365083 0.759533 1.965565 0.744496 0.298929 0.667125 0.812731 0.493366 0.186535 -0.035175 
0.483312 1.856416 1.340169 1.706061 1.429370 0.567065 1.314678 0.781700 0.580977 0.583586 -0.016715 -0.003783 
0.256942 1.384704 1.749829 1.196667 1.779586 0.915387 1.296928 0.582462 1.241784 0.399921 -0.003082 -0.014454 
0.347702 1.532924 1.237416 1.219980 1.973556 1.567292 1.385491 0.518969 0.566016 0.319439 0.055946 0.001236 
1.455318 0.689063 1.607467 1.529428 0.143814 1.158969 0.776764 1.320255 0.154975 0.074540 -0.072860 0.062975 
0.863594 1.286690 1.481953 1.133648 0.896293 1.347055 0.814041 0.993485 0.519871 -0.078239 0.009823 0.030441 
1.077465 0.448073 1.872483 1.723264 1.786959 0.600400 0.057867 0.724114 0.777114 0.137585 0.178583 -0.045361 
1.229782 0.805596 1.174488 2.738952 1.445927 -0.519618 0.361812 1.517821 0.086212 0.237985 0.185963 0.014825 
0.211389 -0.874053 2.198565 2.430208 0.478049 -1.289458 0.810289 1.082345 0.516876 0.175054 0.091957 0.087137 
-0.417236 -1.190355 1.592685 1.446105 -0.816371 -1.404591 0.484263 0.146751 0.265042 -0.000401 0.258088 0.028706 
-0.898866 -1.154146 1.012425 1.243921 -0.027457 -1.083594 0.197329 0.223965 0.343846 -0.077746 0.055986 -0.060572 
-0.553718 -1.631360 1.054525 1.056762 0.132586 -1.403830 0.059208 0.102991 0.047716 -0.257902 0.102810 -0.011005 
-0.655825 -1.229398 0.263425 1.970789 0.077967 -1.353119 0.747193 0.130359 0.009274 -0.264995 0.317198 -0.086671 
-0.672653 -1.428393 1.097902 1.515978 -0.378709 -1.087960 0.329796 0.013191 0.152403 0.019346 0.115061 -0.064530 
-0.608192 -1.820549 0.803294 1.541350 -0.236615 -0.788057 0.114566 -0.410400 0.348902 -0.095735 -0.013995 -0.069782 
-1.#IND00 -1.#IND00 -1.#IND00 -1.#IND00 -1.#IND00 -1.#IND00 -1.#IND00 -1.#IND00 -1.#IND00 -1.#IND00 -1.#IND00 -1.#IND00 
-1.#IND00 -1.#IND00 -1.#IND00 -1.#IND00 -1.#IND00 -1.#IND00 -1.#IND00 -1.#IND00 -1.#IND00 -1.#IND00 -1.#IND00 -1.#IND00 
