3.520377 -0.186826 0.962347 -0.610583 1.423062 0.870235 1.100835 0.808564 0.319557 0.483006 0.024558 -0.044275 
3.417147 0.091459 0.079953 -0.859959 0.897943 1.063941 -0.200841 0.735396 0.567387 0.266909 0.277881 -0.018151 
3.250967 0.584859 0.659032 -1.132580 0.757085 1.298358 1.101457 0.705252 0.641821 0.176490 0.327981 0.058231 
3.369283 0.416939 1.093239 -0.142822 1.836548 0.911004 1.110785 0.936087 0.740029 0.418862 0.441553 0.032693 
3.242294 0.243477 1.044976 -1.195676 1.480005 1.137300 0.809768 0.561271 0.048376 0.386121 0.127164 -0.049700 
3.388981 0.571091 0.282123 -0.054115 1.889182 0.836202 1.297459 1.141493 0.163955 0.618012 -0.012267 -0.051866 
3.412399 0.228789 0.520434 -1.288239 1.258227 1.067612 0.599019 0.360790 0.318191 0.231158 -0.149193 -0.065578 
3.444745 0.175532 0.680991 -1.054576 1.761772 0.992892 0.525607 0.355611 -0.075368 0.421480 0.046368 -0.039553 
3.303905 0.284231 1.566839 -0.395476 1.184451 1.186015 1.313749 1.191259 0.556707 0.549086 0.015438 -0.062440 
2.990578 -0.438524 0.940767 -0.490389 1.674380 0.692602 0.890807 0.822888 0.427188 0.344497 -0.031526 -0.052469 
3.404985 0.300429 1.139231 -0.493713 1.148819 1.131276 0.689076 0.969486 0.474493 0.323464 0.111486 -0.019627 
3.463542 1.026040 0.765038 -0.123220 1.202930 0.853807 0.843764 1.294747 0.744463 -0.002926 0.087646 0.002963 
2.978677 -1.054491 0.866893 0.641643 2.751838 -0.028497 -0.046363 0.668892 1.388008 0.743240 -0.187001 -0.086644 
0.293855 -1.091243 -1.104228 1.938333 1.517316 -0.870316 0.087525 0.992083 2.878062 0.102963 0.096717 -0.070381 
0.164748 -1.086622 -0.413447 1.261332 1.736810 -0.778821 -0.692841 -0.129738 0.645571 0.637579 -0.476460 -0.095957 
-0.175440 -1.385259 -0.467481 1.346010 0.600943 -1.525109 -0.581270 0.795193 0.284857 -0.359677 -0.692380 -0.070037 
-0.270803 -1.669789 0.012258 1.446382 2.051823 -0.857979 -1.297355 1.012330 0.223198 0.087042 -0.172410 0.049201 
-0.297519 -1.808958 -0.141264 1.603238 1.313734 -1.748336 -1.488822 0.227118 0.408104 0.190013 0.019392 -0.023725 
-0.270180 -1.632015 0.140040 1.446650 2.452393 -1.018095 -1.392081 -0.601075 0.232209 0.337899 -0.060833 -0.054898 
-0.102609 -2.538488 0.047453 0.931835 1.348258 -1.843053 -0.361953 0.331216 0.384022 0.467688 -0.146119 -0.003413 
-0.412550 -1.855210 0.427606 1.184285 1.361130 -1.895007 -0.799908 0.056997 -0.531619 0.471753 -0.133361 -0.095641 
-0.057016 -0.783151 0.472257 0.565287 2.536044 -0.776319 -0.723499 -0.325605 0.119153 1.123729 -0.178461 -0.044662 
0.654116 0.078843 -1.947972 -1.838675 0.991020 1.448965 2.033972 0.171775 -1.060833 -0.689600 -0.041812 -0.053172 
0.658834 0.595142 1.593174 0.818698 1.819856 1.059203 1.566089 1.096901 0.601130 0.345550 -0.030144 -0.060763 
0.735878 1.255436 1.348561 1.558330 0.908755 0.892757 1.078851 1.302151 0.589563 0.440318 0.020448 -0.028341 
0.671765 0.950198 1.701960 1.740373 2.131573 0.655858 1.297614 1.037926 0.459072 0.193814 0.161495 -0.014740 
0.629801 1.478422 1.334393 1.624831 1.013645 1.069190 1.448358 0.749201 0.555377 0.302990 0.041969 -0.010819 
0.387224 0.956499 1.805563 1.941110 1.744812 0.590152 1.500506 1.029987 0.678133 0.486275 0.005916 -0.039310 
1.087072 1.205904 1.013331 1.109445 1.005186 1.713635 1.485119 0.662646 0.434455 0.277487 0.136998 -0.056154 
1.055697 1.110966 0.770323 1.520750 1.941676 1.281755 1.083182 0.854962 0.179882 -0.051783 -0.094074 0.050097 
0.549124 1.746609 1.588679 1.602903 1.253738 0.892599 1.622716 0.827998 0.302840 0.181670 -0.185710 0.054442 
0.661480 1.172057 1.635078 1.277554 1.535107 1.105605 1.308320 0.984928 0.653633 0.248050 0.080035 -0.090303 
0.584637 0.948036 1.487150 1.769042 1.929017 1.460028 1.096016 0.716142 0.358356 0.392086 0.144739 -0.077064 
0.558831 1.016985 1.470913 1.377475 1.147583 1.369938 1.325182 1.072261 0.434933 0.397939 0.040665 -0.122953 
0.916087 1.415621 1.232766 1.168164 1.097559 1.777466 0.494579 1.052427 0.857446 0.292111 0.144591 -0.056383 
1.752583 -0.012360 1.756404 1.259348 1.492599 1.271582 1.453284 0.956585 0.339456 0.237286 -0.002379 0.005257 
0.699996 0.802783 2.008715 1.745951 1.183592 1.015869 1.304219 1.458213 0.691998 -0.086731 0.275456 -0.075692 
1.565348 0.819931 0.413274 1.798739 1.189239 1.383745 -0.076414 0.906584 1.072281 0.437489 0.224570 -0.105821 
0.841617 0.457111 0.721523 1.878169 2.060768 1.916178 0.342411 0.061308 0.663507 0.586472 0.169071 -0.150403 
0.464320 0.241692 1.421817 1.875240 2.385908 0.518010 0.446438 1.122633 1.155504 0.245096 -0.187301 -0.011993 
0.285654 -0.770768 1.113807 2.860626 2.071660 -1.077627 0.455882 0.700189 1.145805 -0.203176 -0.085630 0.112105 
0.102741 -0.480653 1.796128 2.230046 1.648450 -0.197460 0.537402 1.350379 0.975804 -0.227317 0.036237 0.044409 
0.121507 -0.235711 1.268520 3.200831 1.550617 -0.046539 1.506383 1.192131 0.460002 0.056080 -0.064275 0.083402 
-0.032481 -1.239351 1.349710 2.303649 0.682512 0.003791 1.093093 1.926802 0.528896 0.079705 -0.299848 -0.034367 
0.185259 -1.374225 1.668955 2.893165 -0.200972 -0.605447 0.822614 1.742620 0.274886 -0.113914 0.306896 -0.047216 
0.011135 -0.603623 0.601559 3.008096 -0.244518 -0.756311 1.224090 1.311151 -0.349206 -0.347507 0.247637 0.127545 
0.015284 -0.796220 1.020642 3.701703 0.923508 -0.596707 0.353094 1.766891 0.487194 -0.116089 -0.205825 0.062253 
-0.006141 -1.273417 1.840815 4.347028 0.781692 -0.724246 0.757639 1.560957 0.391845 0.001697 0.302113 0.032329 
-1.#IND00 -1.#IND00 -1.#IND00 -1.#IND00 -1.#IND00 -1.#IND00 -1.#IND00 -1.#IND00 -1.#IND00 -1.#IND00 -1.#IND00 -1.#IND00 
-1.#IND00 -1.#IND00 -1.#IND00 -1.#IND00 -1.#IND00 -1.#IND00 -1.#IND00 -1.#IND00 -1.#IND00 -1.#IND00 -1.#IND00 -1.#IND00 
