3.611487 0.548841 1.171019 -0.438692 1.341659 0.582067 0.575411 0.737325 0.658491 0.186021 0.389658 0.078947 
3.289545 0.468763 1.112542 -0.306147 1.113381 0.532469 0.843601 0.846493 0.207215 0.017840 0.155137 0.045328 
3.071200 -0.539292 0.757042 0.035523 2.257939 0.072277 0.406442 0.576934 0.880305 0.601897 0.105124 -0.018282 
3.168581 0.510219 0.763221 -0.783609 1.045374 0.852896 0.534555 0.612613 -0.249260 -0.079665 0.090542 0.013616 
3.235031 0.151898 1.273484 -0.402091 1.108278 0.449495 0.696607 1.151777 0.602271 0.090137 0.095565 0.006332 
3.557224 0.266612 0.833794 -0.458015 0.625941 0.164980 0.780889 0.715818 0.025640 0.173753 -0.354638 -0.070387 
3.394281 0.111548 0.724157 -0.100228 0.612377 1.251736 0.296275 0.927903 0.453207 -0.024688 0.077946 -0.003038 
3.163375 0.092095 1.137665 -0.348717 0.805714 1.328411 0.853067 0.774021 -0.024633 0.289872 0.024766 -0.043480 
3.430805 0.202995 0.782902 -0.220443 1.232306 1.062690 0.334588 0.875750 0.166174 -0.035481 -0.144037 -0.026060 
3.403302 0.333654 1.301424 -0.211068 1.171751 1.156399 1.154233 0.283889 0.162458 0.625577 0.397239 0.031033 
3.291873 0.015285 0.518199 -0.403193 1.901938 0.294232 1.075181 0.886537 0.127072 -0.037245 -0.053818 -0.007678 
3.065638 0.219318 0.788714 -0.451435 1.447616 1.327366 0.814841 0.479711 0.065255 0.111271 0.012037 0.016925 
3.240006 0.148958 0.530421 -0.187829 0.765794 0.959916 0.820914 0.662170 0.439125 0.254267 0.149271 -0.002721 
2.693075 -0.724831 0.365800 -0.455536 2.377013 -1.034502 0.321300 0.388691 0.890223 0.901199 -0.216857 -0.046933 
0.034863 -1.131883 -0.350830 1.700424 1.704700 -0.474282 -0.703454 0.090073 1.453577 0.328905 0.002288 -0.135144 
-0.050456 -1.576620 -0.218564 1.692670 1.100352 -1.429593 -1.495280 -0.242058 0.489557 0.519096 -0.212443 -0.079994 
-0.008311 -1.480834 -0.281580 1.030670 1.456240 -0.779244 -1.290988 0.053372 1.083041 -0.237425 -0.429188 0.035174 
0.005391 -1.756108 -0.958524 1.996869 0.866432 -1.094686 -0.145201 0.450728 0.971695 -0.006381 -0.214560 0.070923 
-0.008079 -1.599590 -1.104999 0.562304 2.382532 -0.552495 -1.730873 0.523317 0.408333 -0.234619 -0.113582 -0.001534 
0.057796 -0.737592 -0.383509 0.901228 0.837261 -1.187497 -1.179015 0.615206 1.508113 -0.233589 -0.421239 0.023513 
-0.128112 -1.897292 -0.513177 1.773410 1.558249 -1.246883 -0.443686 -0.116181 0.839064 0.240778 -0.273590 0.015859 
0.270798 -1.316175 -0.830203 0.380161 2.835568 -0.287957 -1.082062 -0.726798 0.763551 0.916196 0.184450 0.048520 
0.980777 -0.583649 -0.724157 1.162850 3.192165 1.308359 -0.500770 0.042585 0.161281 0.301142 0.178324 0.002100 
0.847649 1.048804 0.004098 0.533481 2.035913 2.355952 1.161217 1.363506 0.811978 -0.424427 -0.231688 0.012355 
0.615699 0.839584 1.104687 1.784472 1.706662 1.365331 1.006964 1.556560 0.650811 0.155320 -0.132585 0.020805 
0.442939 1.203835 1.589096 1.718873 0.939845 1.188734 1.244646 0.789195 1.013983 0.299150 0.058718 -0.047397 
0.609310 1.735137 1.088967 1.784272 1.118557 1.493803 0.571816 0.973445 0.787124 0.081147 0.070223 -0.045152 
0.737734 1.559485 1.393417 1.080915 1.829028 1.013051 1.069372 0.431494 0.343768 0.416175 -0.001843 -0.065713 
0.710861 1.722013 0.989796 0.919478 2.173713 0.926559 1.429863 0.925535 0.561846 0.256866 0.014502 -0.069043 
0.866069 1.546767 1.504635 0.671776 1.208043 1.779675 1.157749 0.347466 0.921830 0.194328 0.195202 -0.089632 
1.152633 0.749733 1.462676 0.962705 1.300347 1.489994 1.444046 0.653465 0.697040 0.672449 -0.015929 -0.065581 
0.398381 0.511008 1.314299 1.633430 2.223018 2.746435 1.097676 0.694827 0.956370 0.195806 0.049582 0.016642 
0.268104 1.481530 1.593415 0.975170 1.321617 1.544502 0.860057 1.203366 1.016651 0.224686 0.102366 -0.079536 
0.467940 1.205594 1.234305 1.445887 1.805395 1.452733 0.730468 1.201392 0.720227 0.238699 0.050850 -0.069573 
0.681306 1.048016 1.259598 1.771345 1.803857 0.854625 1.794780 0.331515 0.308530 0.513232 0.043004 -0.050600 
0.644294 0.576668 1.426292 1.532080 2.040553 1.904588 1.428779 1.007112 0.352739 -0.025062 0.087402 -0.008599 
1.140308 1.181852 1.282118 1.905493 0.018375 0.816802 1.205490 0.704724 0.787795 0.102187 0.035749 -0.000285 
0.711289 0.623901 1.118124 1.795706 2.220327 1.243941 0.641554 0.856031 0.936788 0.551338 -0.216796 -0.066676 
0.770142 0.197606 0.397000 2.155682 1.890785 0.936634 1.063773 0.579585 0.530237 0.974817 0.010504 -0.122478 
0.628824 -0.676427 0.912367 2.049576 1.867166 0.121818 0.469273 0.597198 1.090842 0.609915 -0.078324 -0.149817 
0.323237 -0.095731 1.303879 2.433686 1.747328 0.626950 1.370876 1.451575 0.563502 0.169474 0.118603 -0.032012 
0.213266 -0.571866 1.461564 2.625875 1.671144 -0.910200 0.677672 1.794091 1.026417 -0.187752 -0.015564 0.005326 
0.406218 -0.643435 1.529120 2.594542 1.362495 -0.634141 0.251202 1.266208 1.191644 -0.243063 0.122048 -0.049852 
0.371379 -0.266560 1.563650 2.559656 1.213370 0.372249 0.808702 1.373227 0.577561 -0.095890 0.217366 -0.026858 
0.265618 -1.253473 1.533302 2.916250 1.108419 -0.879492 -0.530204 0.868230 0.813428 0.161877 0.043373 -0.020770 
0.995879 -1.318401 0.453336 3.579238 3.800741 0.183340 0.589670 0.638550 -0.146743 0.872227 0.197830 0.004173 
2.546750 0.133945 1.263895 2.769618 0.370615 -0.113212 -0.404612 1.367171 1.931971 0.517859 0.017315 -0.001868 
3.290688 -0.425831 1.657327 0.229672 0.798152 0.497311 0.444484 1.182770 0.678857 0.399503 0.163988 -0.030332 
-1.#IND00 -1.#IND00 -1.#IND00 -1.#IND00 -1.#IND00 -1.#IND00 -1.#IND00 -1.#IND00 -1.#IND00 -1.#IND00 -1.#IND00 -1.#IND00 
-1.#IND00 -1.#IND00 -1.#IND00 -1.#IND00 -1.#IND00 -1.#IND00 -1.#IND00 -1.#IND00 -1.#IND00 -1.#IND00 -1.#IND00 -1.#IND00 
