-0.867775 -0.897474 1.928733 -1.118298 0.107984 1.003442 -0.407067 -0.636174 -0.034009 -0.077693 -0.119773 -0.139621 
-0.909819 -0.971565 1.941658 -0.610194 -0.306011 0.573902 -0.309355 0.101270 0.137599 -0.397344 -0.052875 -0.044713 
-1.352899 -0.628227 1.746100 -0.652487 0.003104 0.643892 -0.348292 0.077796 -0.137459 0.213574 0.400527 -0.102772 
-1.172972 -0.463237 1.960536 -0.865489 -0.088179 0.398909 0.197819 -0.208584 0.242764 0.214187 0.107243 -0.124077 
-0.758055 0.409200 2.663400 -0.675670 0.808982 -0.088272 -0.270299 0.439509 0.625219 0.356106 0.217445 -0.024546 
0.366900 1.690692 1.523290 -0.156066 -0.067857 -0.296283 0.018563 -0.230056 0.979917 0.691197 0.476429 -0.037511 
2.194310 1.008741 1.000862 -0.775162 0.045689 -0.693814 0.041262 0.507423 0.535118 0.150158 0.333001 0.003560 
2.033061 0.965090 1.112114 -0.503698 0.666229 -0.023503 0.785178 -0.039508 0.514007 0.855677 0.371704 -0.001759 
2.299994 0.413360 0.858393 0.808539 0.894421 1.373982 1.338280 0.166621 -0.738462 0.790863 -0.118726 0.012288 
1.554742 0.292949 0.876384 1.735201 0.397904 1.208432 1.550324 0.720149 0.371878 0.370396 0.227315 -0.003214 
0.713332 1.125682 0.519261 1.727756 1.690130 0.795009 0.901907 0.976112 0.510973 0.519361 0.130929 -0.012488 
0.790434 0.970496 0.435414 2.063176 1.365742 1.643222 0.708900 1.344610 0.831280 0.326297 0.000162 -0.002768 
0.734693 1.133903 1.013586 1.424246 1.291360 2.161890 0.880444 0.075217 0.539511 0.291647 0.202782 0.008613 
0.971566 1.133507 1.593701 1.238788 0.151308 0.764402 1.406589 -0.113454 1.003154 0.403028 0.136059 -0.041532 
0.908789 1.502291 1.683678 0.970067 0.714710 1.553439 0.444811 -0.167150 1.136572 0.189750 0.022203 0.039770 
1.012719 1.723488 1.244474 0.738587 0.850158 0.942230 0.810058 0.349154 0.792042 0.348795 0.081149 -0.038467 
0.914875 1.301202 1.266993 1.269499 0.840219 1.880694 0.952731 0.531334 0.160654 0.482535 0.034728 -0.018647 
1.181182 1.583770 1.514738 0.664302 1.624597 0.918012 0.596606 -0.429447 -0.054348 0.504293 0.101965 0.006586 
0.924000 1.363547 0.970141 1.674673 1.583031 1.116327 0.467368 0.710947 0.781936 0.347864 0.000153 -0.016095 
0.757260 1.413493 1.015493 0.776871 0.632790 1.416341 1.401389 0.389522 0.089672 0.466523 0.016462 0.015529 
-0.040357 -1.682062 2.044279 0.835041 -0.515736 -0.765037 0.446983 0.476523 0.002665 0.308966 0.581012 0.078998 
-0.535724 -2.165321 1.673005 0.462343 -0.832372 -1.399220 0.204462 0.935473 -0.792078 0.493004 -0.195845 0.011050 
-0.796311 -1.288575 2.301424 0.296694 -0.417158 -1.552329 -0.378548 0.355951 -0.696259 -0.121597 -0.073495 -0.006563 
-0.861301 -1.588746 1.852149 0.032980 -0.213738 -0.468256 0.187076 -0.204792 -0.017396 0.254027 0.003563 -0.042133 
-0.880826 -1.299490 1.517968 0.640183 -0.123276 -1.433350 0.345263 0.300221 0.009091 0.365401 0.053285 0.009659 
-0.887675 -1.293825 1.683944 -0.100195 -0.449159 -0.847845 0.368680 -0.260555 -0.179003 0.158278 -0.115414 -0.032069 
-1.#IND00 -1.#IND00 -1.#IND00 -1.#IND00 -1.#IND00 -1.#IND00 -1.#IND00 -1.#IND00 -1.#IND00 -1.#IND00 -1.#IND00 -1.#IND00 
-1.#IND00 -1.#IND00 -1.#IND00 -1.#IND00 -1.#IND00 -1.#IND00 -1.#IND00 -1.#IND00 -1.#IND00 -1.#IND00 -1.#IND00 -1.#IND00 
