3.377730 0.648947 0.906244 -0.588460 1.275335 1.004462 1.619540 1.222677 0.541689 0.366582 0.208489 0.000472 
3.461668 0.550623 0.560255 -0.606876 1.155347 0.066826 0.191930 0.215267 0.460838 0.231360 0.099648 0.040590 
3.231452 0.390335 0.975646 -0.731067 0.713149 0.003564 0.644671 0.617709 -0.194856 0.088880 0.120201 -0.004988 
2.930115 0.256539 0.785124 -0.274074 1.100149 0.908957 0.547959 0.114376 0.035508 0.074602 0.024372 0.017841 
3.068469 0.210792 0.804507 -0.909794 1.584912 1.246266 0.540476 0.760330 0.166402 0.283330 -0.005180 -0.011818 
3.053541 1.088190 1.314953 0.112091 1.481254 0.605096 0.680289 0.515619 0.710500 0.461123 0.163168 -0.008329 
3.341839 0.495839 0.881807 -1.133407 1.249570 1.302244 0.459295 1.176124 0.586319 -0.082801 0.231992 0.007423 
2.974003 0.294590 1.060053 -0.321364 1.099750 -0.139692 -0.203656 0.447687 0.038095 0.152702 0.034780 0.012273 
3.323127 0.197977 1.487615 -0.351480 1.500895 1.081041 0.874741 1.346963 0.450375 0.218894 -0.097872 -0.047660 
3.264021 0.474392 0.505566 0.001146 2.265312 2.150039 1.489100 1.458167 0.559556 0.344928 0.280703 -0.015210 
3.124904 0.127703 0.924904 -0.014996 1.173342 1.173765 0.927547 0.957344 0.576896 0.166940 0.236717 0.020723 
3.180909 -0.410399 0.608796 1.060501 2.836535 -0.274450 0.256550 1.163978 0.908697 0.589666 -0.014744 -0.030365 
0.401324 -1.211631 -0.175954 1.232614 3.757720 -0.782489 -0.456927 0.584244 1.475098 0.590033 -0.167039 -0.058936 
0.499831 -1.057610 -1.349725 1.200390 1.530336 -0.439873 -0.703147 -0.756797 0.659802 0.072036 -0.232764 -0.207126 
0.001782 -1.561723 -0.892336 1.119765 2.265025 -0.686628 -1.070504 -0.181027 0.036588 0.156702 -0.312772 -0.059796 
-0.264663 -1.188254 -0.299215 -0.632394 2.925435 0.117328 -0.925579 -0.760449 0.213386 0.640949 0.027704 -0.045175 
-0.310650 -1.147403 -0.650025 -0.290328 2.774641 0.978088 -0.951234 -0.526467 -0.309246 0.732475 -0.103033 -0.061479 
0.512250 -1.566528 0.179778 0.202529 3.108634 -0.173891 -0.612865 0.392100 0.324581 0.625833 0.372328 0.059414 
-0.063358 -1.085961 0.087110 0.539925 3.448184 1.240979 0.300923 0.537831 0.074360 0.147662 0.049232 0.120216 
0.316444 -2.820404 0.387232 -1.106880 4.164385 1.506102 -0.011596 0.241630 -0.158737 0.512886 -0.033289 0.058226 
1.789704 1.013822 0.590179 -0.579127 -0.146174 -1.112137 -0.342704 0.041811 -0.904766 0.167060 0.444140 -0.041329 
1.511492 1.045109 1.087638 1.545540 0.638188 1.276977 -0.023451 0.416518 -0.011542 0.805674 0.064440 -0.101717 
1.188442 0.982543 1.738442 0.756497 0.922329 0.711639 0.159791 -0.199293 0.177281 -0.142668 -0.173915 -0.031830 
1.271697 2.012326 0.885780 1.538345 0.751708 0.039799 0.123016 -0.618524 -0.529322 -0.200382 -0.151268 -0.060248 
1.281509 0.738637 1.849449 1.926832 0.578104 0.244211 -1.263269 -0.830269 -0.137411 -0.296987 -0.444986 -0.100123 
1.078238 1.441318 1.348182 0.592612 0.643175 0.013545 -0.805092 -0.225450 -1.044748 -0.354020 -0.280499 -0.124675 
0.938998 1.278228 0.877543 0.857450 0.875522 -0.316176 -1.006177 -0.988469 -0.470053 -0.565529 -0.319287 -0.110388 
0.911185 1.441008 0.896766 1.180313 0.971686 -0.289246 -0.488475 -0.559590 -0.915537 -0.671236 -0.244919 -0.090339 
1.029123 1.957280 1.693024 0.525679 0.765609 0.007444 -0.477057 -0.565633 -0.784687 -0.220414 -0.404815 -0.038397 
0.864750 2.271503 1.241145 2.090934 1.049049 0.777801 -0.996281 -0.494751 -1.035693 0.127105 -0.291699 -0.048909 
2.513531 0.776772 1.618767 1.658848 -0.231281 0.343902 0.574651 -0.946541 -0.276765 -0.117067 -0.166594 -0.037527 
4.650507 -0.366472 1.856856 0.052137 1.021585 1.083491 0.844416 -0.562028 -0.346664 0.087060 -0.094791 -0.008067 
4.957157 0.842858 1.018507 1.036900 -0.199943 -0.028207 0.381766 0.221594 -0.026972 0.195119 0.120758 -0.003900 
4.628074 1.503583 1.066352 1.329846 0.657170 0.438796 0.473105 0.475148 0.050216 -0.419233 -0.166853 -0.004934 
7.404274 3.675480 0.972771 0.749380 1.000841 0.806079 1.011059 0.989727 -0.010610 -0.156549 -0.147931 -0.027118 
6.116814 4.616077 3.516482 1.256483 0.909704 0.417003 0.095295 0.262859 -0.006315 -0.046732 0.017965 0.006144 
4.461496 2.960417 2.339804 0.447643 1.009008 0.590769 -0.519786 0.135520 -0.313575 -0.571517 -0.127469 -0.043850 
4.638913 2.539499 2.273396 0.921503 1.583805 0.169366 0.131307 0.797825 0.012534 0.157154 -0.134034 -0.051651 
3.543411 1.212610 0.951716 -0.066849 1.590342 0.802082 0.066721 0.367114 -0.085771 0.402874 -0.076429 -0.005790 
3.716208 1.129222 1.734630 0.453001 0.963396 1.700337 0.705541 1.098897 0.454065 0.047390 0.318865 0.052519 
3.574537 0.231687 1.506345 -0.447177 1.105830 0.535403 1.001837 0.367112 -0.242431 0.046314 -0.148613 0.010637 
3.405501 0.937026 1.296145 -0.274860 0.540078 0.728959 1.037177 1.254584 0.454205 0.102862 0.259126 0.012254 
3.354351 0.292274 1.053805 -0.992120 1.671656 0.598278 0.658389 0.896366 -0.014493 0.397567 0.243329 -0.010174 
3.439039 0.643852 0.820939 -0.297092 0.650445 0.986207 1.832427 0.916113 0.112440 0.315833 0.096999 -0.011373 
3.367788 0.993615 0.898615 -0.779108 1.289714 1.702428 0.544731 1.128695 0.237113 0.289151 0.242492 0.007177 
3.217822 0.693567 1.062934 0.049061 1.377492 0.766413 0.806827 1.065302 0.303007 0.757835 0.158441 -0.035099 
3.270574 0.466890 0.878605 -0.466191 1.380227 0.254502 0.377843 0.475821 0.286153 -0.026236 0.328559 0.089492 
3.190525 -0.336738 0.989535 -0.141619 1.308794 0.227092 1.542785 0.694687 0.202878 0.416413 -0.134907 -0.028854 
-1.#IND00 -1.#IND00 -1.#IND00 -1.#IND00 -1.#IND00 -1.#IND00 -1.#IND00 -1.#IND00 -1.#IND00 -1.#IND00 -1.#IND00 -1.#IND00 
-1.#IND00 -1.#IND00 -1.#IND00 -1.#IND00 -1.#IND00 -1.#IND00 -1.#IND00 -1.#IND00 -1.#IND00 -1.#IND00 -1.#IND00 -1.#IND00 
