4.049379 1.371888 1.305016 -0.873735 0.429896 1.296338 0.593758 -0.159456 0.131083 0.434395 0.281528 0.083199 
3.984309 1.035254 0.853339 0.379379 -0.109585 0.461575 0.231310 -1.128675 -0.009847 -0.097232 0.052691 0.025091 
4.068239 0.959736 0.623615 -0.098468 -0.647608 -0.061353 -0.494973 -0.892194 -0.397109 -0.537419 0.321168 0.130227 
2.268860 -0.045615 2.721310 -0.309517 -0.935947 0.651812 1.353316 -0.633267 0.361057 0.475746 0.291397 0.055768 
-0.578304 -0.364067 3.156558 0.982344 -1.343911 0.680068 1.203348 -0.550013 0.799719 0.510620 0.344764 -0.017863 
-0.611708 -0.966915 2.635172 0.599071 -0.580333 0.271160 0.793939 -0.409671 0.441032 0.639815 0.058905 -0.091229 
-0.677371 -0.996306 2.433726 0.691095 -0.610030 -0.251098 0.360199 -0.155498 1.195902 0.052966 -0.096083 -0.153929 
-0.856795 -0.799209 2.284862 0.487449 -0.267514 -0.118988 0.767334 -0.685445 1.273206 0.579712 -0.153811 0.007298 
0.131001 -0.358105 1.937616 -0.617841 -0.082456 0.437646 0.175513 -0.658037 0.188110 0.922831 0.272898 0.158586 
1.294375 0.938273 3.340259 1.225862 -0.284096 -0.032763 0.612363 -1.224243 0.675121 -0.069938 -0.067912 0.041745 
1.599600 0.824254 2.832649 0.648389 -0.191158 -0.217420 1.608816 -0.979820 0.875478 -0.013101 -0.032755 0.032501 
1.548893 2.023607 2.783753 0.918628 -0.480373 -0.084619 1.798811 -0.759895 0.317959 0.057958 0.405802 -0.081780 
-0.320666 1.100406 1.435626 0.333629 2.169636 -0.559898 0.779317 0.987457 -0.031339 0.239337 0.121977 -0.051213 
1.533074 1.528357 3.087332 0.248126 1.501985 -0.666535 -0.634515 -1.114356 0.057176 -0.106056 -0.054751 -0.008775 
1.596888 1.467334 1.830392 1.130572 0.172030 0.029406 0.048377 -0.481082 -0.454011 -0.412344 -0.115273 -0.028658 
1.241991 1.483366 1.810790 1.175110 0.680545 0.356543 -0.777856 -0.682403 -0.353061 -0.329266 -0.359905 0.008248 
0.939230 1.620769 2.133934 1.809348 0.657307 -0.209900 -0.146280 -0.699284 -0.576946 -0.267600 -0.140208 -0.073735 
1.573665 0.824139 1.793127 0.652360 1.002203 0.354650 0.926753 -0.108362 -0.189596 -0.309041 -0.108165 -0.062143 
2.198389 0.816974 0.777941 2.012331 -0.292218 0.469010 1.039152 -0.049113 0.131859 0.119140 -0.133748 -0.112020 
3.855500 2.974261 1.870125 0.846252 0.911013 1.011615 1.077157 0.242605 -0.214460 -0.391724 -0.214415 -0.060615 
4.084012 3.827263 2.415426 0.922698 0.587310 0.582178 0.271361 -0.093054 -0.222022 -0.242421 0.074497 0.014802 
3.631130 2.947953 2.727676 1.067623 0.360610 0.145438 0.168435 -0.097595 0.044774 0.228583 0.089571 0.032021 
3.783534 2.972006 1.984733 1.783937 0.099879 0.261364 0.741186 -0.307965 -0.236515 -0.001322 0.033624 -0.010395 
3.597333 2.141539 2.059690 0.869194 0.364341 0.346836 0.511318 0.377407 0.025416 -0.019290 -0.089955 -0.010915 
3.764502 2.332822 1.761563 0.680519 0.619797 0.394511 0.614624 0.115792 0.441794 0.580817 0.292913 0.071932 
3.078321 1.941547 1.574348 -0.430492 0.442143 0.447734 -0.143359 -0.127762 0.836545 0.357585 0.063524 0.002215 
-1.#IND00 -1.#IND00 -1.#IND00 -1.#IND00 -1.#IND00 -1.#IND00 -1.#IND00 -1.#IND00 -1.#IND00 -1.#IND00 -1.#IND00 -1.#IND00 
-1.#IND00 -1.#IND00 -1.#IND00 -1.#IND00 -1.#IND00 -1.#IND00 -1.#IND00 -1.#IND00 -1.#IND00 -1.#IND00 -1.#IND00 -1.#IND00 
