3.360181 -0.092676 0.564477 -0.879855 0.772456 0.672589 0.686976 0.525968 -0.180159 0.136964 0.096790 -0.007373 
3.166243 0.136542 1.208605 -0.181241 1.512601 0.131118 0.857054 1.148717 0.477954 0.270670 0.145996 -0.010480 
3.584719 0.379385 0.986688 -0.272755 1.412226 0.966730 0.439773 1.454649 0.140539 0.424217 0.049902 -0.105769 
2.858525 0.410212 1.130571 -0.579375 1.666226 0.704373 0.029508 -0.396074 0.167143 0.360272 -0.020206 -0.020778 
3.428576 0.505097 1.012490 -0.592529 1.338243 0.534366 0.317120 1.365527 0.466525 0.326263 0.048981 -0.060128 
3.056648 -0.126921 0.465414 -0.636249 1.806468 0.277780 0.848475 0.710398 0.421126 0.225199 0.035214 0.003104 
3.413253 0.771102 0.241796 -0.922716 1.572047 1.231440 0.594288 1.135394 0.294395 0.514416 0.063396 -0.028447 
3.440918 0.435528 0.622060 0.036636 1.419031 1.070630 0.107856 0.944130 0.198799 0.516346 0.263602 -0.012025 
3.444679 0.602294 0.613617 -0.899809 1.113057 0.125935 0.340043 0.604515 0.108610 0.163486 0.084084 0.023518 
3.630195 0.325100 0.148489 -0.684087 0.692957 0.743005 0.807467 0.438314 0.237355 0.319987 0.222238 0.038903 
3.624429 0.743913 0.793896 -0.493696 0.438217 0.652818 0.306975 0.557016 0.093280 0.390489 0.277812 0.023210 
3.356885 -0.531304 -0.246071 -0.664015 0.373790 -0.620857 -0.880200 0.084104 0.334230 0.853697 -0.003109 -0.047111 
0.150746 -1.469912 -0.253580 0.130861 3.448743 -0.257952 0.594472 -0.643054 1.877718 0.397927 -0.266992 -0.043769 
0.092537 -1.736570 -0.745667 0.682929 2.181640 -0.798020 -1.199550 -0.345174 1.189891 0.517464 -0.121479 -0.062633 
-0.132364 -1.120444 -1.086934 0.546828 1.851769 -0.972320 -1.656775 -0.541445 0.480682 0.145415 -0.314005 -0.157796 
-0.214991 -1.407644 -1.281092 0.452604 2.759570 -0.535248 -0.855382 -0.847252 0.008279 0.322891 0.128845 -0.006344 
-0.330625 -1.446408 -0.630335 0.051285 1.860655 -0.845467 -1.109717 -0.288593 0.378441 0.537472 -0.109541 -0.014975 
-0.496807 -1.938818 0.235860 -0.270459 2.876822 -0.536006 -1.218736 0.330033 -0.261176 0.469770 -0.033007 -0.057463 
-0.272990 -2.248362 -0.371410 -0.279239 3.005148 0.533636 -0.889694 -0.186141 -0.335847 0.437394 0.453269 -0.040347 
0.130784 -1.143310 -0.653837 -0.149872 3.413159 1.359605 -0.767531 0.963441 -0.156229 0.394439 0.381094 0.033290 
0.108988 -0.884297 -0.407660 -0.217984 3.546476 0.653526 -0.122423 1.658695 0.175527 0.207335 0.211155 -0.014532 
0.758453 -0.772576 0.238594 -1.296327 1.354475 -0.348828 -1.168673 2.378931 0.279205 0.280320 0.194033 -0.014042 
1.272431 1.362790 1.286091 1.496518 1.011845 -0.352173 -0.390166 1.168728 0.418033 0.711679 -0.508605 0.041180 
0.931419 1.967661 1.070714 2.256253 1.055822 0.369839 0.241563 -0.091381 0.656436 -0.321337 -0.121458 -0.000098 
0.590310 1.956009 1.334679 1.790092 0.728449 0.767132 -0.289183 -0.414691 -0.405408 0.009593 -0.249903 -0.033984 
1.078684 1.226213 1.383609 1.588002 0.070663 0.211480 -0.147138 -0.311493 -0.531220 -0.298141 -0.265260 -0.114763 
1.214441 1.402109 0.837697 1.384681 0.635901 0.570465 0.246566 -1.039001 -1.110171 -0.600802 -0.161990 -0.075466 
0.997449 1.088566 1.690593 0.580352 0.664343 -0.539408 0.081059 -0.643834 -0.548916 -0.834893 -0.153029 -0.121081 
0.925636 1.244478 1.704356 0.901153 0.124557 0.286312 -0.052953 -0.545024 -1.096464 -0.634769 -0.292465 -0.085664 
0.870566 1.185110 1.698300 1.350491 -0.205852 0.027797 -0.112154 -0.437030 -0.772005 -0.663205 -0.516083 -0.027122 
1.207517 1.536814 0.912627 0.138147 0.713063 -0.508750 -0.001021 -0.430931 -0.718513 -0.628183 0.030990 -0.212385 
2.073094 1.194332 0.780523 1.076840 1.360614 0.412618 0.304599 0.541609 -0.100644 0.269942 -0.043788 -0.007846 
3.389958 0.613567 1.235235 1.111781 0.607848 1.265077 0.463894 -0.935055 0.023738 0.106347 0.066183 0.028350 
3.348812 0.212699 1.339007 0.597051 1.397846 0.564697 -0.564161 -0.777949 0.411532 -0.345018 -0.205156 -0.061329 
6.599524 -0.898235 1.568634 1.155110 0.484509 0.426939 0.574357 -0.073103 -0.134250 0.046344 0.030166 0.027506 
7.116029 -1.099018 2.534430 0.516004 0.866438 1.198992 0.670772 0.472338 -0.413307 -0.188739 0.068167 -0.080322 
5.504333 3.866303 3.060298 1.519122 0.828017 -0.261021 0.232380 0.203065 0.046293 0.214331 0.116932 0.046191 
4.441829 3.203119 3.068466 1.591636 0.556900 -0.088834 -0.809314 0.051813 -0.289704 0.036032 -0.133325 -0.030540 
5.468303 2.594907 2.325636 0.244856 0.360675 0.392573 -0.637200 0.233873 -0.432822 0.148859 0.009079 -0.058251 
4.067766 2.119884 1.576243 0.829832 1.341755 0.452274 0.358180 0.907178 0.265757 0.125506 -0.116105 -0.033714 
4.000402 1.751402 1.550754 0.413765 1.938707 0.865272 0.655031 0.151668 0.385515 0.404795 0.100612 0.029024 
3.735350 0.568195 1.204893 -0.395950 0.925182 0.983645 0.006706 0.634296 0.515287 0.212404 -0.039446 -0.027728 
3.560446 0.694493 0.973809 -0.471427 0.913704 1.031993 0.520254 0.824376 0.265932 0.212656 0.145472 -0.043526 
3.488679 0.549793 1.335700 -0.274022 1.306263 -0.069521 0.075846 1.195199 0.340858 0.030626 0.186582 -0.021812 
3.734022 1.034363 1.235294 -0.503476 1.322533 0.414346 0.334407 0.495819 0.045652 0.326913 0.273846 -0.010363 
3.534063 0.731072 0.893185 -0.628164 0.656756 0.303603 -0.244631 0.581824 -0.393292 -0.176857 0.196401 -0.026067 
3.413696 1.286946 0.464492 -0.454640 1.149667 0.525450 -0.059573 -0.149329 -0.020496 0.415642 0.135796 0.027442 
3.124219 0.920174 1.035946 -0.602287 1.213392 0.440744 0.480333 0.215582 -0.186928 0.672854 0.163469 -0.011378 
-1.#IND00 -1.#IND00 -1.#IND00 -1.#IND00 -1.#IND00 -1.#IND00 -1.#IND00 -1.#IND00 -1.#IND00 -1.#IND00 -1.#IND00 -1.#IND00 
-1.#IND00 -1.#IND00 -1.#IND00 -1.#IND00 -1.#IND00 -1.#IND00 -1.#IND00 -1.#IND00 -1.#IND00 -1.#IND00 -1.#IND00 -1.#IND00 
