3.134273 -0.220173 0.494008 0.345492 0.177778 0.009113 -1.180072 0.539241 -0.198060 0.404197 -0.166661 -0.042143 
2.021247 -0.727793 -0.344657 -0.612134 1.917437 0.349397 -0.796754 -0.178757 0.548392 0.633434 0.044260 0.112931 
1.971032 -0.690147 -0.175072 -0.636248 0.860555 1.002564 -0.225663 -0.411952 0.207961 0.033706 0.232396 0.336847 
2.434902 -0.823077 0.148015 -0.247898 0.754160 0.386027 -0.394088 -0.404750 -0.239646 -0.129779 0.053013 0.236758 
-0.236426 -1.761165 1.785852 1.398966 -0.148505 0.158706 0.952778 0.930405 0.199802 0.423439 0.271204 0.087773 
-0.847378 -1.392246 1.951231 0.473188 -1.082882 -0.180644 -0.097265 -0.584256 0.736923 0.188204 -0.366653 -0.108606 
-1.000515 -1.069690 1.542437 0.126343 -0.647401 -0.608684 -0.088298 -0.356760 0.214404 -0.157556 0.014822 -0.186046 
-0.966247 -0.421570 2.100394 -0.709110 -0.463443 -0.535761 0.443884 -0.541609 0.220930 -0.051664 0.103505 -0.138600 
-0.910512 -0.314047 2.064682 -0.353185 1.153567 0.614711 0.653805 -0.156156 0.383495 0.161196 0.299259 -0.107589 
1.521491 0.394899 2.218105 0.131905 -0.429756 -1.221805 -0.239387 -0.445369 0.751303 -0.138709 -0.077201 0.152282 
1.917208 0.439960 1.543712 0.550505 0.413662 -0.798983 -0.319374 -0.453660 1.183722 -0.586485 -0.221830 0.078713 
2.098294 0.948887 1.820350 1.298135 0.339667 -1.497444 0.327790 0.083001 0.765261 -0.339286 0.182465 0.065220 
-0.520350 0.636957 1.884855 -0.514562 0.632637 0.391384 0.901333 -0.432795 0.510557 0.123185 0.445231 -0.032658 
1.124979 1.881204 1.333174 0.838580 0.670576 0.392809 0.278917 0.035663 -0.375384 0.656210 -0.192745 -0.047690 
1.288429 1.495574 1.282478 0.668415 0.986045 0.271330 0.090938 -0.347819 -0.636405 -0.375731 -0.025220 -0.002392 
0.825017 2.384324 2.314320 0.839120 -0.128189 0.187824 -0.423434 -0.570397 -0.359174 -0.689521 -0.083585 -0.013994 
0.911463 1.800404 1.302490 1.854453 0.785198 0.284754 -0.070714 -0.484429 -0.483241 -0.363592 -0.271157 -0.013944 
0.992328 1.102026 2.174047 1.439304 0.379908 1.041694 0.215258 0.130930 -0.104852 -0.539574 -0.110116 -0.040493 
1.184935 1.782055 0.305770 1.853927 2.146313 0.302313 1.038991 -0.771877 0.641407 0.040363 0.058299 -0.065220 
3.549016 2.621447 1.812582 1.379908 0.949882 0.660166 0.513628 0.359330 0.098265 -0.309376 -0.234968 -0.046439 
2.973544 2.422245 1.930291 1.539728 1.438638 0.589714 -0.092071 -0.588053 -0.202862 -0.012014 0.015535 -0.021496 
5.108612 3.085912 2.175330 0.986215 0.482686 -0.117425 -0.560847 -0.470222 0.391115 0.113301 0.039772 0.014258 
4.363369 2.121871 1.536526 1.346226 0.776324 0.580133 0.423104 -0.675202 0.125184 -0.106037 0.170598 0.038560 
3.823948 0.973566 1.777622 1.229894 0.667998 0.111011 -0.089272 -1.238358 0.762633 -0.105625 0.075104 0.062968 
3.970612 0.469321 0.381296 1.428729 0.605449 -0.212673 -0.349566 -0.661213 1.214035 -0.195897 0.099829 0.044628 
4.045004 0.372898 0.706977 1.399980 1.818972 -0.590851 0.050905 0.231082 0.647202 -0.188222 -0.152187 0.042174 
-1.#IND00 -1.#IND00 -1.#IND00 -1.#IND00 -1.#IND00 -1.#IND00 -1.#IND00 -1.#IND00 -1.#IND00 -1.#IND00 -1.#IND00 -1.#IND00 
-1.#IND00 -1.#IND00 -1.#IND00 -1.#IND00 -1.#IND00 -1.#IND00 -1.#IND00 -1.#IND00 -1.#IND00 -1.#IND00 -1.#IND00 -1.#IND00 
