3.897822 2.452114 0.900038 0.026609 0.499844 -0.647562 -0.041618 -0.681925 0.533935 -0.203792 0.197631 0.045213 
3.515504 2.474949 0.780588 0.218873 0.112151 -0.289549 0.677995 -1.038162 0.901280 -0.552244 0.186050 -0.025199 
4.007362 1.615025 0.354300 -0.529683 0.528470 -0.607122 -0.360270 0.010579 0.169023 0.057375 0.215717 0.050446 
3.433989 1.886832 0.077216 -0.763424 1.139331 0.411831 0.136466 0.220300 0.514532 -0.063402 0.050115 -0.043798 
-0.999071 -0.267103 2.733941 -1.017156 -0.402502 0.100970 1.117959 -0.431210 0.460065 1.087415 -0.029153 0.062000 
-0.654265 -0.140245 2.622141 -0.592025 -1.619288 1.004351 1.411848 -1.312731 0.793401 0.095640 -0.230674 -0.007575 
-0.960524 -0.577474 1.863240 -0.769220 -0.312012 0.598756 0.378080 -1.179590 0.592633 0.061659 -0.095365 -0.019584 
-1.028622 -0.540130 1.506165 -0.502000 -1.125085 -0.283466 0.835795 -0.526136 0.331287 0.104603 -0.222953 -0.127501 
-1.190740 -0.555285 1.876761 -0.920937 -1.414257 0.796241 0.628704 -1.163735 0.648280 0.112567 -0.029327 -0.057063 
-0.660732 -1.093569 2.252506 -0.425573 -0.651516 0.908270 0.837345 -1.022386 0.678756 -0.199313 -0.377091 -0.069990 
-0.706620 -0.451676 3.039924 0.523156 -0.334000 1.145507 1.988967 -0.380714 0.363762 0.184325 0.178343 0.015045 
0.639780 1.427049 3.470269 0.540174 -0.601021 -0.302344 1.115996 -1.359226 0.841603 0.158827 0.148850 -0.036007 
0.587821 0.062059 1.475631 0.842023 -0.975950 0.198054 -0.050367 -0.011334 0.739136 -0.124413 0.086124 0.195890 
2.031913 0.318118 1.953554 1.100742 -0.404708 1.492748 0.276180 -0.498139 0.436223 0.442759 0.074862 0.024930 
1.221287 1.557322 2.065908 0.540751 0.669483 0.606774 -0.482147 -0.661937 -0.331788 0.157437 0.066628 -0.086484 
1.059546 1.135279 1.438628 1.910451 0.970806 0.316806 0.268028 -0.302455 -0.161011 -0.411006 -0.104267 -0.038597 
1.040319 1.243491 1.477533 2.381198 1.394801 0.738334 -0.454714 -0.221953 -0.013999 -0.289535 0.091646 -0.092535 
1.351463 1.332252 1.091907 1.509717 0.471405 1.061670 0.305890 0.336216 -0.182335 0.026755 -0.042144 -0.098244 
1.383260 0.583447 2.394978 1.782812 -0.849552 1.523667 0.234886 0.484334 0.215366 0.135205 0.005678 -0.068723 
6.196303 2.090841 2.506440 2.131259 0.600659 0.553812 0.061931 0.504297 -0.154522 0.203568 0.127148 -0.008063 
5.233936 2.923454 2.457490 1.760334 1.281723 1.164807 0.634541 -1.156538 -0.297583 -0.031907 -0.025962 -0.010817 
4.387099 3.109224 2.154954 0.318798 0.337306 0.130234 0.463686 -0.060758 0.202385 -0.158866 0.000664 0.005334 
4.436868 3.262744 2.053685 0.530339 0.579838 0.078508 0.398283 0.221784 0.518110 0.289357 0.018251 0.005126 
3.697271 1.943960 1.798675 0.384254 0.551227 0.036838 -0.215951 -0.414557 -0.090692 0.011928 -0.040688 -0.034521 
3.944631 1.971248 1.005630 -0.080632 0.448807 -0.626543 0.546838 0.271706 0.313460 0.490255 -0.053942 0.005629 
2.992354 2.198673 2.528129 -0.909378 1.366786 0.772848 -0.025859 -0.321687 0.010062 -0.302902 -0.020807 0.028629 
-1.#IND00 -1.#IND00 -1.#IND00 -1.#IND00 -1.#IND00 -1.#IND00 -1.#IND00 -1.#IND00 -1.#IND00 -1.#IND00 -1.#IND00 -1.#IND00 
-1.#IND00 -1.#IND00 -1.#IND00 -1.#IND00 -1.#IND00 -1.#IND00 -1.#IND00 -1.#IND00 -1.#IND00 -1.#IND00 -1.#IND00 -1.#IND00 
