3.125507 0.009598 0.697215 -1.181927 0.902381 1.107268 0.529554 0.328967 -0.123765 0.069784 0.171505 -0.002996 
3.230008 0.026970 0.917127 -0.943602 0.574686 0.673686 0.478602 0.247025 -0.275105 0.033496 -0.093968 -0.028038 
3.340384 0.444394 0.986278 -1.303180 0.653080 0.752651 0.600755 1.060951 -0.218331 0.300410 -0.029565 -0.075078 
3.014758 0.016144 0.612202 -1.147327 0.785831 0.411379 0.662832 0.721004 -0.468489 0.020532 -0.080500 -0.094978 
2.856327 0.199653 0.740626 -0.891957 0.759700 0.827452 0.465638 0.736773 0.260260 0.531238 -0.039706 -0.078470 
3.266413 0.719096 0.939697 -0.980065 0.810864 0.791905 0.556268 0.990167 0.548845 0.381742 -0.056918 -0.063273 
3.253261 0.817593 0.883654 -0.517278 1.004149 0.867523 1.117669 1.023759 0.164964 0.440698 0.137821 -0.011632 
3.636426 0.739159 0.451921 -0.271106 1.394668 0.316422 -0.191971 1.318122 0.261565 0.282490 0.149396 -0.013375 
3.322370 -0.124392 0.034888 -0.431495 0.738138 -0.101896 -0.238299 1.087437 0.484159 0.354691 -0.185363 -0.046046 
2.658534 -0.758563 0.899279 0.315942 1.825314 -0.463065 0.884779 0.552240 1.199587 0.228718 -0.355789 0.018401 
0.230262 -0.589613 -1.629637 1.708378 1.810090 -1.407329 -0.908424 0.865588 1.597658 -0.187048 -0.065525 -0.053779 
-0.127150 -1.306838 -0.350975 1.224436 1.180075 -0.255095 -0.437276 -0.147231 1.085331 1.236955 -0.210065 -0.130052 
-0.076775 -2.100824 -1.061280 0.124829 1.695827 -1.037159 -0.623305 0.134511 0.122580 0.199681 -0.302215 0.122068 
-0.235219 -1.943660 -0.522612 0.195298 2.420158 -0.121681 -1.304957 -0.675792 0.148384 -0.001053 -0.100093 0.014187 
-0.298566 -1.658591 -0.328656 -0.087494 2.221750 -0.229121 -1.730725 -1.198785 0.173947 0.044263 -0.083113 0.004833 
-0.355873 -1.411456 -0.146557 -0.515583 1.725177 0.656033 -2.460953 -0.712068 0.093012 0.524733 0.378180 -0.038709 
0.257205 -1.948909 -0.006058 -0.277807 2.673032 1.445906 -1.231984 0.202576 1.067457 0.281586 0.168308 0.090812 
-0.129409 -1.663864 0.411338 -0.870401 4.044555 2.145101 -0.478190 0.275636 0.821891 0.282468 0.300548 0.042241 
0.263186 -1.249371 0.397448 -0.989854 6.389885 1.909514 -0.506166 -0.024163 0.105806 1.066879 0.374159 0.000987 
1.775280 0.824603 0.641171 -0.751625 1.335192 0.009471 0.356899 -1.225181 0.911581 0.889054 -0.164579 0.067137 
0.982716 1.550673 1.377773 1.725902 0.759447 0.554870 0.211945 0.609305 0.376347 -0.127736 -0.068116 0.020772 
1.072367 0.886808 1.582201 2.409583 0.897299 0.476726 0.472306 0.051104 -0.144693 0.006065 -0.105055 -0.054781 
1.210483 1.011066 1.877174 1.994248 0.636644 0.328446 -0.264731 0.133099 -0.400798 -0.505713 -0.194438 -0.044947 
1.063406 1.186362 1.558716 1.206967 0.750460 -0.249980 -0.199517 -0.137601 -0.338888 -0.834456 -0.380432 -0.050617 
1.304663 1.065741 1.346165 1.350234 0.419760 -0.524702 -0.001233 -0.726084 -0.956009 -0.324548 -0.251496 -0.067931 
1.433752 1.119926 1.826851 0.351111 1.068436 -0.673810 -0.239005 0.191567 -1.221809 -0.860541 -0.311041 0.007503 
0.804525 1.483148 1.677472 1.530565 0.318612 -0.469376 -0.425696 -0.787045 -0.837529 -0.429882 -0.185883 -0.145464 
1.447134 1.356738 1.135578 2.433804 0.968090 0.419238 0.344016 -0.400448 -0.170587 -0.121098 0.008514 -0.024266 
1.772235 1.164948 1.937779 1.027746 0.290001 1.170320 -0.537817 0.508834 -0.539110 0.328053 -0.081664 -0.027608 
2.190109 0.417130 1.578880 2.160201 1.285995 0.011724 -0.196110 -0.258248 -0.686434 -0.166673 -0.211629 -0.091117 
3.723175 0.148606 1.246114 0.591980 1.378254 0.449732 -0.090668 0.517563 -0.188583 0.046445 -0.080470 -0.056093 
5.199035 0.578796 0.861149 1.769717 0.802054 -0.324795 -0.458398 -0.010141 -0.150900 -0.084405 -0.102257 -0.055859 
5.084041 1.970477 0.604470 1.224088 1.065719 0.408718 0.024621 -0.233155 -0.044842 0.412548 0.142886 0.010278 
4.950661 3.645062 2.596314 1.400702 0.449237 -0.213463 -0.028006 0.398116 0.191609 -0.016884 -0.019718 -0.011623 
6.042498 3.337302 2.832546 0.604169 0.712523 -0.106884 0.158433 1.057490 0.413144 -0.138205 -0.116044 -0.064862 
4.557859 2.177915 2.947270 0.698890 1.907842 0.235189 0.854929 0.071223 -0.439022 0.040493 -0.245373 -0.051781 
4.565749 1.906294 2.070733 0.021404 2.061638 1.247122 0.500304 1.238843 0.441462 0.106323 0.010424 -0.025688 
3.452596 1.554882 1.729297 0.271230 1.006566 1.450354 1.356147 0.601476 0.225006 0.136040 -0.049248 -0.003425 
3.461552 1.542809 0.816132 -0.001981 1.744716 1.163596 1.037238 1.621160 0.727910 0.269829 0.076797 -0.004868 
3.260130 0.843572 1.390719 -0.050549 1.557153 1.453627 0.581588 0.421456 -0.131032 -0.024507 0.165030 0.025219 
3.249852 0.458286 0.824014 -0.954905 0.927772 0.993248 0.751151 0.835022 -0.433313 0.235518 -0.063572 -0.058118 
3.435941 0.511285 0.254654 -0.692584 1.435512 0.378054 0.504672 0.328718 -0.025544 0.582882 -0.034465 -0.065909 
3.357473 0.373168 0.713890 -0.275593 1.685680 0.620661 0.664930 0.636068 0.081166 0.142715 0.285268 0.082793 
3.170207 0.150232 0.200352 -1.059384 0.553413 0.817643 1.227486 0.523997 0.557373 0.572024 0.097210 0.021479 
3.106598 0.491388 0.500804 -1.052724 1.700560 1.275507 0.338314 0.635804 0.146388 0.561873 0.217960 -0.019633 
3.172704 0.389250 0.745896 -0.006185 1.436838 0.977650 0.853615 1.072230 0.629142 0.153905 0.259047 0.022866 
3.094453 0.441500 0.715619 -0.177176 1.207457 0.674289 0.312444 0.262958 0.247128 0.385182 0.171399 -0.000214 
3.523717 0.449283 0.940460 -0.570438 1.390019 0.971763 1.059127 0.996824 -0.179507 0.389212 0.262990 0.009386 
-1.#IND00 -1.#IND00 -1.#IND00 -1.#IND00 -1.#IND00 -1.#IND00 -1.#IND00 -1.#IND00 -1.#IND00 -1.#IND00 -1.#IND00 -1.#IND00 
-1.#IND00 -1.#IND00 -1.#IND00 -1.#IND00 -1.#IND00 -1.#IND00 -1.#IND00 -1.#IND00 -1.#IND00 -1.#IND00 -1.#IND00 -1.#IND00 
