3.702814 1.711148 1.174764 0.428531 0.376596 -0.369115 0.771151 -0.184384 -0.239757 0.352715 0.081879 0.017530 
4.269743 1.116305 1.719190 -0.714653 0.100381 -0.578015 -0.695023 0.403457 -0.039052 0.023911 0.513625 0.161087 
0.023520 0.165930 3.102982 0.338076 -0.102875 -0.673751 -0.760121 -0.462580 1.097985 0.860112 0.039506 0.027252 
-0.876431 -1.009830 2.438064 0.554820 -0.364788 -0.635723 0.019345 0.255222 1.152441 0.544865 -0.125534 -0.033724 
-0.859796 -0.960044 1.546899 -0.502878 -0.887267 0.082718 -0.086271 -0.403513 0.832842 0.348583 -0.009711 -0.090193 
-1.187762 -0.851252 1.814923 -0.426957 -0.684534 -0.937232 -0.401341 -0.688337 0.684692 0.415225 0.014743 -0.045230 
-0.954313 -0.967768 0.735358 -0.315648 -0.568850 0.220786 -0.346466 -0.561715 0.466509 -0.166017 0.113997 -0.108951 
-1.339854 -0.317629 1.551331 -0.839293 -0.687059 -0.146505 0.039555 -0.290381 0.946708 0.136844 -0.245067 -0.112419 
-1.001850 -1.125817 2.167957 -0.201712 -0.442671 -0.007843 0.455752 0.193550 0.494469 0.268115 0.114724 -0.057543 
-0.271120 -0.055533 3.186752 0.437847 -0.584609 0.846683 0.355210 -0.684964 0.961829 0.395190 0.277204 0.028558 
0.659691 1.010841 2.838244 1.233151 -0.849925 -0.190019 -0.142587 -1.041526 1.293699 -0.506754 0.305961 0.018329 
1.622170 0.496245 3.049666 0.248351 -0.268348 -0.166491 0.767347 -0.105441 0.472874 -0.257782 0.190528 0.045386 
-0.390780 0.313061 0.811143 1.154566 -1.064847 -0.500852 1.184177 -1.123368 0.600743 0.313951 0.323762 0.008315 
1.752364 1.775137 0.778108 0.287967 0.921334 -0.230396 -0.216901 0.243098 0.069083 -0.075992 0.363552 0.087614 
1.182806 2.021338 1.080914 1.585457 0.700537 0.421732 0.242249 -0.263112 -0.201159 0.119967 -0.031427 -0.042822 
1.091573 1.466668 1.870163 0.801410 1.229891 0.987606 -0.126024 -0.523346 -0.174203 0.012544 -0.237355 0.003313 
0.965992 1.325981 2.537711 1.636721 0.772351 -0.411131 0.603740 0.362236 0.178272 0.074181 -0.238856 -0.009091 
1.270234 1.852657 0.689123 1.718189 1.782632 0.214499 0.839409 0.106768 0.389317 -0.204465 -0.091624 -0.054450 
2.856168 -0.423030 3.602037 -1.421141 0.802617 1.375275 2.413545 -0.586995 0.419048 0.929302 -0.218673 0.064671 
5.289903 3.066216 1.599731 0.933845 0.945051 0.496232 0.639348 -0.231500 -0.284019 -0.275184 0.031631 0.031089 
5.320551 2.978241 2.505955 0.939340 0.513382 0.096536 0.705021 -0.330568 -0.209120 -0.194027 -0.033835 0.008642 
4.898270 2.610492 1.335964 0.129801 0.026256 -0.139339 -0.066752 0.115815 0.064941 -0.138215 -0.150072 -0.039569 
4.104327 2.728556 0.784221 -0.294302 0.420574 -0.085794 -0.225042 -0.457460 -0.103060 -0.056098 -0.062708 -0.006130 
3.367027 1.677601 0.530910 -0.564249 -0.799331 0.056768 0.978353 0.564818 0.672316 0.494313 0.080717 -0.000690 
3.760709 1.652786 0.796016 0.170863 0.738363 -0.085746 0.415954 0.636706 0.287194 0.162616 0.091080 0.016763 
3.943383 1.592863 1.383242 -0.325075 -0.152847 0.118740 -0.085466 -0.107693 0.070658 0.040653 -0.116127 -0.024444 
-1.#IND00 -1.#IND00 -1.#IND00 -1.#IND00 -1.#IND00 -1.#IND00 -1.#IND00 -1.#IND00 -1.#IND00 -1.#IND00 -1.#IND00 -1.#IND00 
-1.#IND00 -1.#IND00 -1.#IND00 -1.#IND00 -1.#IND00 -1.#IND00 -1.#IND00 -1.#IND00 -1.#IND00 -1.#IND00 -1.#IND00 -1.#IND00 
