3.004593 -0.099287 0.984065 -0.224374 1.814603 0.729269 0.246493 0.945046 0.534536 0.329111 0.264374 0.000688 
3.434520 0.127464 0.579460 0.282793 0.940095 0.685108 0.659171 1.342075 0.195603 0.046279 0.040902 0.020604 
3.223863 0.412971 0.530865 -0.718846 1.333256 0.769793 0.812750 -0.015955 0.263960 0.199208 -0.023054 0.040364 
3.374663 0.343114 1.665856 -0.418842 1.052037 0.855128 0.811335 0.236664 0.338569 0.629248 0.255804 0.012128 
2.991483 0.355054 0.303002 -1.178257 0.607778 0.811393 0.393128 0.414680 -0.110743 0.012976 0.107254 -0.026647 
3.187652 0.292395 0.228491 -0.715545 0.331532 0.806898 0.799537 0.813521 0.106276 0.316964 0.197208 -0.010491 
3.280959 0.483041 0.970315 0.362897 0.907978 1.468659 0.634717 0.407061 0.401551 0.123669 0.157235 0.038768 
3.401286 0.860170 1.000811 -0.608175 1.386291 1.056229 0.845189 1.143559 0.639281 0.581179 0.166819 -0.015216 
3.166687 0.459676 1.060410 -0.346499 1.017549 0.022726 0.517605 1.026271 0.342356 0.186303 0.016835 0.033042 
3.321698 -0.444479 0.607587 -0.169868 1.263027 0.842369 0.321405 0.690390 0.449144 0.487115 0.064287 -0.050528 
0.389642 -0.645329 -0.299995 2.417905 6.175636 -1.248326 0.238305 -0.242874 1.093200 1.000898 -0.115917 0.037465 
0.455983 -1.218105 -0.539054 1.815797 3.886115 -1.015457 0.153119 -0.233909 0.661699 0.477773 0.073800 -0.128116 
-0.125687 -1.554670 -1.335896 0.154165 1.785442 0.047577 -1.487357 -0.585178 0.485666 0.252841 -0.232233 -0.189891 
-0.122669 -1.551865 -0.650805 0.337724 2.313349 0.200526 -1.530276 -0.677207 -0.211342 0.369229 -0.041227 0.095593 
-0.333697 -1.660004 -0.554464 -0.270829 2.376535 -0.847119 0.303001 -0.478211 0.558086 0.415950 -0.142442 0.018852 
-0.135160 -1.409597 -0.140908 0.101164 2.316857 -0.237371 -0.911710 -0.658465 -0.471971 0.769307 0.232438 -0.023489 
-0.113657 -1.239837 -0.573763 -0.416970 2.701176 -0.988216 -1.430472 -0.820128 0.017173 0.760157 0.216130 -0.015433 
0.292378 -1.843446 -0.005200 0.794099 3.298106 0.640562 0.222640 0.013302 0.199712 0.805288 0.310009 0.026328 
0.336768 -0.836947 -0.040382 1.070845 5.065890 -0.405819 -0.346443 0.130840 0.174213 0.592494 0.151432 0.059152 
0.537117 -0.583177 -0.466234 -0.170195 6.290606 0.460139 -0.577595 -0.117840 0.257908 1.039067 0.273787 -0.012279 
1.495184 1.948331 0.212735 0.301788 0.973616 0.004876 1.058734 0.314734 0.230780 0.803615 -0.013410 -0.038361 
0.807486 1.478514 1.429092 1.552164 1.253447 1.196033 0.986271 -0.219343 -0.031045 -0.093902 -0.124130 0.003029 
1.327797 1.537503 1.262168 0.740436 0.728303 1.350479 0.196775 0.014911 0.213620 -0.546727 -0.245861 -0.033143 
1.115294 1.618022 1.459395 0.900666 1.067018 -0.420736 0.006926 -0.084829 -1.051230 -0.701434 -0.109553 -0.072100 
1.282645 1.407304 1.371813 0.356259 1.239706 -0.960898 -0.254826 -0.513348 -0.635596 -0.536975 -0.389677 -0.061957 
0.896003 1.041355 1.804999 1.055761 -0.335947 -0.332457 -0.295121 -0.630139 -0.714669 -0.905202 -0.180890 -0.122292 
1.097919 0.962825 1.520378 1.473685 0.698871 0.017001 -1.047833 -0.615270 -1.023953 -0.565925 -0.085634 -0.117253 
0.697921 1.803524 1.634675 0.968925 0.815308 0.096793 -0.898581 -0.343396 -0.605176 -0.305422 -0.480264 -0.030256 
1.112070 2.495545 -0.071220 2.643466 0.671847 -0.013841 0.002182 -0.382561 -0.513259 -0.291580 -0.092386 0.036649 
1.778046 1.087826 1.562234 1.719083 0.003433 1.312505 -0.294454 0.009381 0.208141 -0.421719 -0.303313 0.001508 
2.281679 0.683052 1.336531 1.176332 0.422118 1.058516 -0.655201 -0.279241 -0.056159 -0.498584 -0.282685 -0.030287 
3.195708 0.661384 0.910233 1.757619 1.607166 -0.353202 0.194272 0.676319 -0.463618 0.060839 -0.251124 -0.014926 
4.256651 1.410956 0.393753 1.135000 1.174588 0.917209 0.720084 -0.089015 -0.512503 -0.071670 -0.063519 -0.015799 
3.733530 2.082220 1.050622 0.840510 0.512819 0.502988 0.577252 0.048893 -0.316885 -0.037799 -0.003381 0.012194 
4.149900 2.497307 1.029993 0.790317 0.935822 0.650783 0.218768 -0.037565 -0.238074 -0.348074 -0.238434 -0.051765 
3.849403 2.698309 1.302698 0.919664 1.022715 0.427453 -0.590070 -0.765715 -0.350354 -0.043451 -0.146196 -0.048563 
5.550473 3.740027 3.225864 1.572083 1.011661 -0.341000 0.058902 0.740422 0.013291 -0.274826 0.001683 0.008962 
4.585825 3.151903 3.046069 1.469184 1.896536 0.873254 -0.057748 -0.091528 0.209091 0.282920 0.145356 0.047414 
3.735863 1.372634 1.013013 0.187970 1.919470 0.407296 -0.286845 0.743239 -0.153604 0.130613 0.133713 0.009089 
3.803412 1.308174 1.923291 0.264411 2.010175 1.514460 0.378658 0.255849 0.383653 0.065132 -0.058626 -0.004519 
3.720263 1.441199 1.640048 0.313115 1.468300 0.645556 1.110642 0.567547 0.385791 0.254507 0.175870 0.044900 
3.483148 0.192182 0.814858 0.188807 1.118980 1.612295 1.030447 1.358188 0.376992 -0.162583 -0.057486 -0.019416 
3.123966 0.679443 1.227562 -0.674520 1.567873 0.896642 1.030979 1.066634 0.145737 0.310403 -0.062813 -0.081218 
3.298305 0.913008 0.847952 -0.249641 1.893816 0.939545 1.214510 0.232311 -0.069948 0.173346 0.083550 0.002150 
3.198612 0.621311 1.011462 -0.180170 0.742425 1.190100 0.715180 1.074606 0.446056 0.268904 0.158855 -0.073800 
3.256355 0.488732 0.921994 -0.024478 1.551272 1.119309 0.881705 1.263893 0.484599 0.351263 0.136783 -0.067665 
3.213603 0.651115 0.384026 -0.527912 1.180755 0.673712 0.386665 0.676481 0.329997 0.403395 -0.026448 -0.065599 
3.456148 0.648365 1.154445 -0.647928 0.673868 0.669069 1.187678 1.488035 0.443580 -0.021754 -0.037423 -0.033590 
-1.#IND00 -1.#IND00 -1.#IND00 -1.#IND00 -1.#IND00 -1.#IND00 -1.#IND00 -1.#IND00 -1.#IND00 -1.#IND00 -1.#IND00 -1.#IND00 
-1.#IND00 -1.#IND00 -1.#IND00 -1.#IND00 -1.#IND00 -1.#IND00 -1.#IND00 -1.#IND00 -1.#IND00 -1.#IND00 -1.#IND00 -1.#IND00 
