3.515095 2.168397 0.986154 -0.180569 0.442305 -0.971829 0.796547 0.469123 0.725560 -0.342309 0.055961 0.038500 
3.278397 2.343702 1.503572 -0.522648 0.651351 -0.372123 0.383503 -0.918493 0.713486 -0.218303 0.262557 0.088041 
3.401087 2.098945 1.265683 -0.516165 0.774040 -0.891260 0.613214 -0.572071 0.929064 -0.202928 0.367307 0.119299 
1.743331 0.779268 1.950462 -0.743961 -0.397302 0.150693 -0.234833 -0.231470 0.276992 0.206134 0.381985 0.061812 
-0.575085 0.487219 2.674731 -0.203451 -0.047354 0.809567 -0.454736 -0.291505 1.352074 0.628220 0.254312 -0.026353 
-0.458834 -0.744086 3.884863 -0.825407 -0.300314 0.257202 -1.095027 0.324820 1.342148 0.921719 0.071719 0.086874 
-0.849536 -0.727823 2.973096 -1.078002 -0.353597 0.281005 -1.162283 0.018731 1.172010 0.388121 -0.068561 0.069774 
-0.837173 -0.709630 2.625065 -1.046404 0.130629 0.414845 -0.176378 -0.035517 0.891304 -0.037824 -0.089010 -0.008733 
-1.074107 -0.504137 2.220061 -1.303600 0.438565 0.516376 -0.069815 -0.245738 0.220409 -0.329297 -0.193755 -0.128213 
-1.380281 0.014566 2.327148 -1.247478 1.506202 0.420845 1.028202 0.598861 1.447806 0.291990 0.162083 -0.063732 
-0.513594 0.656280 2.092083 -0.312935 2.957271 -0.368675 -0.295493 0.104867 0.368989 0.082209 0.584024 -0.049043 
0.980338 1.111941 2.577235 -0.957346 0.335039 -0.543063 0.110044 -0.316289 0.548353 -0.374702 0.068348 0.052758 
-0.261823 1.685458 2.084680 -0.662224 0.187782 0.401940 1.117587 -1.348492 0.632591 0.236477 0.110895 0.048371 
2.423423 1.072391 2.262019 0.331567 1.543315 -0.721139 -0.237372 -0.240046 0.769662 0.845642 0.632954 0.055705 
1.191109 1.309252 1.736440 1.201860 0.718242 0.104170 1.144792 0.317866 -0.110273 0.027760 -0.038137 -0.075743 
1.020418 1.980631 2.409394 1.249985 0.999226 0.767632 0.283930 -0.328373 -0.552820 -0.019786 -0.097683 -0.075949 
1.222185 1.167890 0.777718 1.602250 1.003881 0.986080 0.204533 0.254549 -0.516706 -0.203744 -0.063806 -0.061092 
1.321979 0.722370 1.519981 1.527422 0.638230 0.884386 0.944936 0.374629 0.351134 -0.466288 -0.153685 -0.035963 
1.479496 1.006191 2.109065 0.776862 0.603731 2.015808 0.999115 -1.187353 0.991146 -0.032241 0.039379 -0.062509 
5.835876 1.667833 1.007373 0.192507 0.934150 0.232112 0.274402 -0.484780 -0.208044 -0.326384 0.013474 0.085881 
5.402309 2.310992 1.625955 0.231702 0.783055 -0.269950 -0.271109 -0.413340 0.234417 -0.006555 -0.084686 -0.011379 
4.749680 3.237249 1.001238 0.147515 0.271322 -0.771764 0.090322 0.233997 0.135767 -0.042023 -0.055795 -0.010121 
3.749499 2.398147 1.232353 -0.194064 -0.425796 -0.324355 0.253748 -0.195940 -0.276544 -0.347786 -0.142537 -0.021336 
3.355814 2.033005 1.220155 -0.537161 -0.376421 -0.417987 0.581379 -0.141142 0.379958 -0.787016 0.167405 0.058461 
3.378389 1.976809 1.324322 -0.534960 -0.180489 -0.087795 -0.043397 -0.756861 0.427078 -0.422882 0.095043 0.048966 
3.286277 1.450660 1.231092 -0.042628 0.933447 -0.400885 0.438942 -0.339463 0.155058 -0.612198 -0.039529 0.045692 
-1.#IND00 -1.#IND00 -1.#IND00 -1.#IND00 -1.#IND00 -1.#IND00 -1.#IND00 -1.#IND00 -1.#IND00 -1.#IND00 -1.#IND00 -1.#IND00 
-1.#IND00 -1.#IND00 -1.#IND00 -1.#IND00 -1.#IND00 -1.#IND00 -1.#IND00 -1.#IND00 -1.#IND00 -1.#IND00 -1.#IND00 -1.#IND00 
