2.995875 -0.015565 0.770419 -0.850621 1.274564 1.140933 1.088620 0.952585 0.280345 0.206958 0.162901 -0.028275 
3.308986 0.734618 0.393794 -0.543946 0.929538 0.815747 0.179364 0.796069 0.739380 0.156889 0.253403 0.027757 
2.841224 0.479440 0.393536 -0.071716 1.625430 0.690284 1.036867 1.108443 0.457607 0.685517 0.389464 -0.035371 
3.132822 -0.081051 0.648499 -0.333249 1.208142 0.499425 0.024207 0.468350 -0.009293 0.482357 0.317603 0.026338 
2.938891 -0.167067 0.456084 -0.576632 1.858025 0.581134 0.387921 0.770266 0.098249 0.077895 0.032420 -0.037635 
3.113309 0.363262 0.781669 0.240363 1.763458 0.414410 1.696429 0.631189 0.715614 0.272713 0.139812 0.024374 
3.219150 0.127577 0.441576 -0.249045 1.595087 1.235271 0.964408 1.059618 0.582502 0.133220 0.098003 -0.011721 
3.176251 -0.087020 0.232423 -0.217001 1.286096 1.010052 0.448561 0.725819 0.869122 0.195968 0.000384 -0.032450 
2.583130 -1.231591 -0.422312 0.277187 2.964172 -0.392023 -0.273635 -0.061550 2.247742 0.282679 -0.261866 -0.068059 
0.239738 -0.811393 -0.816739 2.406756 3.101074 -1.095906 -1.696649 0.171721 0.446680 0.914620 0.156197 -0.011171 
0.217681 -1.302340 -1.439373 0.763878 2.424008 -0.444334 0.008900 -0.497532 1.421342 0.370304 -0.264737 -0.092542 
-0.221694 -1.322970 -1.874503 -0.009736 1.544126 0.307532 -0.799959 -1.480605 0.454869 0.401584 0.360254 -0.041862 
-0.126005 -1.295283 -1.012415 0.641583 1.415034 0.095031 -0.778799 -1.465385 0.260290 0.472111 0.442183 -0.033738 
0.018162 -0.997069 -0.857249 0.072794 2.055027 -0.068445 -0.440585 -1.155480 0.140337 0.913232 0.135379 -0.070775 
-0.059073 -1.154963 -1.126552 0.274340 2.314782 -1.096492 -0.433087 -0.559009 0.150931 0.852397 0.169513 -0.055014 
0.595987 -1.507617 -0.716344 -1.064311 4.367268 1.255206 -0.862268 -0.507805 0.075809 0.498765 0.235454 -0.024306 
0.199483 -0.850949 -0.130472 0.232510 3.935948 1.229691 0.382219 0.255382 0.309838 0.528683 -0.077611 0.005449 
0.366583 -1.721775 -0.419430 -0.857114 6.145499 1.187174 -0.031730 -0.091728 0.190802 0.940660 0.426661 -0.002227 
1.824660 -1.237891 -1.649171 0.029081 5.907028 -0.940904 -0.112350 -0.297533 0.376477 1.524200 -0.023316 0.051681 
1.861044 0.827642 0.055873 -0.080583 -0.468896 0.519542 -0.700692 -0.035577 0.376678 0.352408 0.126064 0.108952 
0.880716 1.615512 1.973243 1.199048 1.112448 0.085826 0.868842 0.166603 -0.080885 0.086966 -0.099039 -0.019876 
1.220654 1.586470 1.002531 0.877701 1.651484 1.456747 -0.049277 -0.580789 0.292487 -0.396374 -0.107750 -0.033747 
0.922574 1.343877 1.628134 1.351476 1.135436 0.281371 -0.019618 -0.622239 -0.449746 -0.785416 -0.289984 -0.016095 
1.079477 0.833938 1.004426 1.329669 1.179371 0.500441 -0.980284 -0.324230 -0.719064 -0.933260 -0.001351 -0.121435 
0.975556 1.279030 1.901748 1.347357 -0.080137 0.190398 -0.512777 -0.823626 -0.963702 -0.631380 -0.098505 -0.124438 
0.738270 1.059553 1.439771 1.200333 0.825916 0.051559 -0.173871 -0.866038 -0.936530 -0.576882 -0.392498 -0.070498 
0.744206 1.451989 1.173967 0.846703 0.398694 0.218790 -0.377316 -0.478630 -0.469206 -0.916460 -0.266309 -0.125898 
1.594320 1.070550 2.080880 0.689371 1.628477 0.794372 0.226280 0.181443 0.134935 0.006735 -0.033659 -0.000795 
2.258297 1.209131 1.939867 1.373577 0.176551 1.051800 0.296131 -0.227200 -0.004635 -0.044229 0.084027 -0.044959 
2.690307 -0.140516 1.657935 1.381247 1.660174 -0.503704 -0.228418 0.325633 -0.612270 0.161281 -0.311546 -0.140559 
4.778320 0.626504 1.080150 1.269141 0.046393 0.076185 0.229748 -0.346577 -0.392387 -0.113939 -0.170384 -0.071511 
4.848351 1.606969 0.414264 1.336835 1.006624 -0.042706 -0.394233 -0.315143 -0.246498 0.059469 -0.125970 -0.069556 
3.511915 2.711184 2.075555 1.518288 1.256241 1.098616 0.852008 0.575573 0.312082 0.213982 0.163883 0.033638 
7.274361 4.199277 1.265379 0.122367 0.605585 0.425782 -0.025731 0.195991 0.137076 0.281935 0.112169 0.002689 
7.745821 3.928710 1.414370 -0.522526 1.304033 0.779250 0.742418 0.426432 -0.469601 -0.160892 -0.070540 -0.005533 
4.580496 3.071277 2.450125 0.685855 1.310536 0.672791 0.215637 0.285210 -0.054056 -0.122887 -0.080706 -0.034066 
4.484422 2.745135 2.615503 1.678329 1.715693 1.161334 0.171958 0.296016 -0.327075 -0.080587 -0.036596 -0.021745 
3.426272 1.542461 1.540481 0.788888 1.436367 1.614228 0.497593 0.359674 0.000135 0.023454 0.031029 0.010570 
3.792394 0.790245 1.084368 -0.497770 1.136074 1.059124 0.811079 0.339474 0.212360 0.378095 0.045234 -0.028255 
3.229142 0.507062 1.040185 -0.411953 0.808133 1.621593 0.572760 0.372260 0.058132 -0.122579 0.054133 0.044643 
2.957199 0.584628 0.649874 -1.202076 0.593835 0.976022 0.580854 1.497352 0.429165 0.017792 0.186229 -0.003153 
3.432916 0.480021 0.984942 -0.808342 0.894727 0.915225 0.479274 0.216207 0.514349 0.378854 -0.023039 -0.020851 
3.208369 0.406632 0.687579 -1.122642 1.115860 0.255645 0.067756 0.504688 0.324587 0.615420 0.057979 -0.024786 
3.392986 0.623001 1.221445 -1.114651 1.023796 1.735753 0.707817 0.908602 0.634304 0.220401 0.135576 0.001587 
2.948806 0.495513 1.024211 -0.474205 2.015877 0.824520 0.855700 0.761089 -0.036763 0.542028 0.328095 0.015313 
3.297823 0.545524 0.986435 -0.263211 1.485194 0.887804 0.343260 0.975261 0.678464 0.397431 0.471617 0.022667 
3.152169 0.288279 0.743845 -0.584201 1.927678 1.389010 0.220960 0.515973 0.157450 0.034314 0.228916 0.057175 
3.464606 0.296148 0.723764 -0.693425 1.304937 0.930655 0.121322 0.867944 0.210528 0.052384 0.122581 -0.006596 
-1.#IND00 -1.#IND00 -1.#IND00 -1.#IND00 -1.#IND00 -1.#IND00 -1.#IND00 -1.#IND00 -1.#IND00 -1.#IND00 -1.#IND00 -1.#IND00 
-1.#IND00 -1.#IND00 -1.#IND00 -1.#IND00 -1.#IND00 -1.#IND00 -1.#IND00 -1.#IND00 -1.#IND00 -1.#IND00 -1.#IND00 -1.#IND00 
