4.059893 1.368838 0.543249 0.230548 1.223438 -0.649044 -0.818640 -0.718020 -0.671706 -0.058245 -0.128978 -0.037701 
4.204158 1.308900 0.713591 -0.511064 0.252090 -0.767866 0.284795 -0.297648 -0.242268 0.280446 -0.004292 -0.013836 
4.299809 1.541174 0.458076 -0.358896 0.777314 -0.346920 -0.251725 -0.421318 -0.059462 0.213817 0.001256 -0.026219 
4.349034 2.160961 0.874928 -0.265953 0.321259 -1.102881 -0.118394 -0.422244 0.329737 0.048850 -0.143623 -0.033035 
3.052400 1.336785 1.271379 -1.145979 -0.567730 -0.387135 -1.152932 -0.065636 -0.073243 0.158639 0.027719 -0.032338 
0.065636 -0.916338 3.627503 0.999649 -0.620187 0.787919 0.076947 0.075848 -0.008964 0.241149 0.116805 -0.010757 
-0.423741 -0.656924 3.050848 -0.121471 -1.107286 0.942105 0.231000 -0.065836 -0.320689 0.899534 -0.245215 0.088128 
-0.789773 -1.199020 1.745610 -0.453898 -0.688488 0.642062 0.304940 -0.500805 -0.618955 0.296401 -0.356541 -0.063166 
-0.674541 -0.907353 1.533948 -0.334426 -0.738831 1.164742 0.070739 -0.384965 0.227389 0.547482 -0.317945 -0.001526 
-0.933921 -0.848470 2.388813 -0.759371 -0.439000 -0.029142 -0.198410 -0.001186 0.893660 0.595046 0.004855 -0.040428 
0.559583 -0.026438 1.727344 -0.984228 -0.668419 0.519229 -0.221579 -0.884607 0.010561 0.370337 0.240612 0.006026 
2.322055 0.237851 -0.507155 -0.195105 0.314826 -0.432558 -0.656192 -1.651547 -0.648803 0.154222 0.043635 0.016010 
2.783268 0.048890 0.035606 0.250926 0.354866 0.336162 -0.100813 -1.636134 -0.581166 -0.150987 0.256069 0.094930 
0.786627 0.332160 1.933330 -0.005310 0.169438 0.067206 -0.555395 -0.398130 -0.234739 0.418658 0.761845 0.039756 
1.122971 1.700025 2.215209 2.168005 0.154879 -0.349258 0.140323 -0.173080 0.155308 0.222416 -0.002947 -0.046203 
0.812992 1.849851 1.596092 1.888606 1.695935 -0.559868 -0.860482 -0.172375 0.083327 -0.323006 -0.005058 -0.081197 
0.997073 2.036271 1.546229 1.298794 1.661056 -0.035596 0.617875 0.750990 0.077564 -0.256648 -0.105744 -0.005966 
1.541729 1.402964 1.806476 1.281131 0.285183 1.812629 -0.016033 0.304713 -0.034735 0.007200 -0.067329 -0.015298 
1.914762 1.492822 1.361575 1.449979 0.719776 0.985155 0.746889 0.322433 1.211185 -0.550594 0.151368 -0.035928 
3.820248 3.044594 2.275718 1.652911 1.100706 0.579922 0.649841 0.471582 0.424489 0.259959 0.106870 0.025169 
6.085875 1.999817 1.804782 1.512190 1.267027 -0.224940 0.062351 -0.598920 0.049748 -0.094023 -0.060652 0.023467 
4.678285 1.044904 1.730602 1.579094 1.839971 0.529831 0.096582 -0.735509 -0.325901 -0.041068 0.040030 0.026462 
4.343959 0.819183 0.738287 0.167524 1.121069 0.216791 0.343839 -0.374924 -0.029359 0.297265 0.278200 0.067575 
4.203723 1.104915 0.950952 0.154300 0.987465 -0.327835 -0.022727 -0.128139 -0.041702 -0.119397 0.057011 0.019847 
3.788645 1.242368 0.414711 0.713417 0.763549 -0.379346 -0.279687 -0.824446 0.206713 -0.006055 0.134831 0.014550 
4.155702 1.243214 0.623345 0.389467 0.121157 -0.205793 0.163938 -0.814846 0.563924 0.150925 0.286199 0.087563 
-1.#IND00 -1.#IND00 -1.#IND00 -1.#IND00 -1.#IND00 -1.#IND00 -1.#IND00 -1.#IND00 -1.#IND00 -1.#IND00 -1.#IND00 -1.#IND00 
-1.#IND00 -1.#IND00 -1.#IND00 -1.#IND00 -1.#IND00 -1.#IND00 -1.#IND00 -1.#IND00 -1.#IND00 -1.#IND00 -1.#IND00 -1.#IND00 
