3.732039 0.188334 1.006503 -0.649549 1.191420 0.274801 0.302049 0.087512 -0.211566 0.202714 0.028075 -0.056840 
3.737269 0.340189 1.124495 -0.599048 0.978167 0.301936 -0.272365 0.479026 -0.250031 -0.172700 -0.115699 -0.072311 
3.883451 0.816708 1.005971 -0.038356 2.048504 0.885155 0.248637 0.918592 0.255520 0.243479 0.298495 0.034656 
3.693278 1.160154 1.102382 0.096027 1.188909 0.728796 0.582544 0.805746 0.012461 0.251115 0.253326 0.004765 
3.429227 1.122847 1.376529 -0.126811 1.347094 1.455558 0.994885 0.836172 0.412856 0.570079 0.135272 -0.016013 
3.538828 1.187376 0.972411 -0.683227 1.369196 1.812456 0.696904 0.653258 0.556780 0.608645 0.111638 -0.040269 
3.599418 0.773820 0.496773 -0.931551 1.338173 0.263500 0.468669 0.465462 0.530297 -0.119620 0.101623 0.015723 
3.565336 0.315912 1.178509 0.033968 1.493897 1.104893 0.308716 1.058615 0.134353 0.146894 0.060830 -0.028617 
3.517094 0.446921 0.519117 -0.625987 0.378332 1.121268 0.142293 0.530320 -0.398339 0.369482 0.140136 -0.004982 
1.165802 -0.385182 -1.172996 2.223084 4.310736 -1.076105 0.387172 0.019696 0.166534 0.279619 -0.137793 0.021368 
0.056858 -1.514641 -0.350565 3.387511 2.685959 -1.098913 -0.642078 0.760910 1.615073 0.218646 -0.057605 0.061202 
-0.138922 -1.723338 -0.181429 1.356165 2.869267 -0.744721 -0.540308 0.560756 0.776874 0.027583 -0.104131 -0.095224 
0.183192 -1.645838 -0.864114 0.144578 1.996915 -0.979013 -1.108265 -0.299258 0.973625 0.238074 -0.015247 -0.124835 
-0.305696 -1.493785 -0.521874 0.548930 2.443773 -1.189928 -0.424620 0.075003 0.178436 0.526075 -0.356091 -0.021498 
-0.132070 -1.252790 -0.971532 -0.174913 2.348252 -0.730803 -0.930920 -0.415691 0.092284 0.559747 -0.235570 -0.036132 
0.238181 -1.509151 -0.380916 -0.118357 2.608036 0.256410 -1.199254 -0.418750 -0.008907 0.640228 0.103893 -0.005067 
0.316335 -1.740685 -0.387591 0.421488 2.247988 0.392774 -0.725096 0.466157 -0.169125 0.520851 0.162388 0.027219 
0.249521 -1.544617 0.085450 1.217169 4.074379 1.366422 0.474316 0.150506 0.164928 0.679754 0.009563 0.032833 
-0.183820 -0.861977 0.033549 1.665341 5.634855 -0.065941 -0.713806 0.421960 0.409407 0.527467 0.355309 0.010702 
1.187192 0.375995 -0.385075 0.093350 0.034294 0.501187 -0.224923 0.001243 0.552819 0.430335 0.297739 -0.050714 
1.109631 1.085277 1.457280 1.477779 1.944633 0.073429 0.853215 0.786992 -0.015721 -0.101619 0.038820 -0.038498 
1.081390 1.231754 0.976250 2.272444 0.927752 -0.019515 0.917545 0.091347 0.189714 -0.077261 0.202457 -0.049414 
1.281690 1.572918 1.731507 1.823408 0.410903 -0.352117 -1.080598 -1.121832 0.089507 -0.244759 -0.259988 -0.057825 
1.164312 1.229125 1.923351 0.929567 0.541772 0.543940 -1.047043 -0.951348 -0.257084 -0.650048 0.045975 -0.103838 
1.194932 0.991805 1.607134 0.706991 0.672038 -0.054618 -0.967173 -0.606036 -0.518741 -0.296983 -0.697753 -0.018909 
0.898135 1.931917 0.943510 1.772881 0.612887 -1.005068 -0.492084 -0.480343 -1.428441 -0.443930 -0.285953 -0.051209 
1.179696 1.495187 1.637913 1.455486 1.059901 -0.338824 -0.046900 -0.912199 -0.562551 -0.585602 -0.087808 -0.092966 
1.412451 1.424979 1.333633 1.569441 0.717978 1.076343 -0.395997 0.075010 0.074281 -0.399147 -0.111401 0.021261 
1.145645 1.203522 1.766709 1.118818 2.111500 0.397811 -0.180860 -0.208263 -0.693787 -0.592146 -0.036202 -0.047362 
2.323294 0.356346 1.627377 1.065419 1.071733 -0.006903 0.765092 -0.258772 -0.423998 -0.420866 -0.537357 -0.050699 
3.907567 0.540884 1.672052 1.375821 0.094370 -0.599011 1.002461 0.261922 -0.955545 0.070437 0.223689 0.022193 
7.141543 1.747923 0.966228 1.345891 0.856796 0.800717 0.955427 -0.586349 -0.064632 0.562154 0.260925 -0.030853 
5.803516 4.072751 1.343619 0.335508 0.880711 0.479379 -0.548135 -0.891847 0.352756 0.328590 0.155097 -0.000352 
5.132688 4.249162 3.129763 1.628336 1.102685 0.725314 -0.165891 0.001898 -0.382296 -0.147073 -0.060279 -0.015413 
2.983305 2.076509 1.986792 1.338829 1.278721 0.689676 0.138705 0.130700 -0.076604 -0.175602 -0.099393 -0.005052 
4.512270 2.512216 2.734877 2.172014 1.437429 0.678933 0.717287 1.198358 -0.348783 -0.107261 0.104623 0.026055 
2.978975 2.360210 1.869198 1.428340 1.167228 1.142547 0.926948 0.780074 0.623024 0.271785 0.080386 0.030293 
2.741779 1.957318 1.710291 1.485642 1.113363 1.137495 0.375732 0.310883 0.362355 0.125991 0.062458 0.003115 
3.924952 1.919835 1.436216 1.105273 2.120132 2.523591 2.097474 0.983840 0.258273 0.422964 0.027999 0.037774 
3.724317 0.604396 1.340650 -0.351970 1.966866 0.978875 0.767692 0.996731 0.415153 0.151086 0.194240 0.031750 
3.453711 0.549078 0.929813 -0.497154 2.218321 1.010945 0.484321 0.298217 0.326779 0.265648 0.107834 -0.014187 
3.392827 0.661302 1.329291 -0.083918 1.577812 1.676904 1.477918 1.272354 0.529591 0.073627 0.068008 -0.023466 
3.794747 1.518816 1.436302 0.556837 1.349363 0.722346 1.338853 1.619223 0.294588 0.073827 0.268221 0.026610 
3.754927 1.054902 1.068391 0.168065 2.556797 0.929383 0.714949 1.119357 1.115088 0.640089 0.403692 0.005967 
3.944909 0.572110 1.146433 -0.350860 2.146464 1.112983 0.869202 1.518568 0.500942 0.366318 0.283068 -0.009618 
3.757133 1.899327 0.937451 -0.412323 1.920957 0.945752 0.626742 0.576745 0.239725 0.285817 -0.135842 -0.069083 
3.650696 1.132607 1.242739 0.015325 1.319729 1.582951 0.817804 0.826583 0.705860 0.122207 0.046908 -0.015506 
3.650001 0.913127 0.763382 -0.423790 0.968555 1.309090 1.037181 1.034196 0.166751 0.202191 0.057728 -0.057872 
-1.#IND00 -1.#IND00 -1.#IND00 -1.#IND00 -1.#IND00 -1.#IND00 -1.#IND00 -1.#IND00 -1.#IND00 -1.#IND00 -1.#IND00 -1.#IND00 
-1.#IND00 -1.#IND00 -1.#IND00 -1.#IND00 -1.#IND00 -1.#IND00 -1.#IND00 -1.#IND00 -1.#IND00 -1.#IND00 -1.#IND00 -1.#IND00 
