3.895229 1.915455 0.969077 0.232281 0.475048 0.045506 0.084524 0.182096 0.562087 -0.001996 0.204187 0.053272 
3.869720 1.899529 1.151732 -0.007607 1.141223 -0.840203 0.205948 -0.004676 0.468842 -0.315439 0.123114 0.066186 
3.706347 1.838909 1.560292 -0.471529 0.466747 -0.161012 0.419727 0.337449 0.314386 0.065624 0.278048 0.062782 
1.412417 -0.006880 2.271720 0.098061 -0.779036 -0.037099 0.592722 0.001440 -0.416878 0.596945 0.425477 -0.005886 
-0.680325 -1.015947 2.232443 1.541809 -0.893911 0.279000 0.596552 -0.244984 1.485980 0.741454 0.273757 -0.130742 
-0.553274 -1.371050 0.762593 0.200168 -0.701100 -0.249879 0.502143 -0.890298 0.802424 0.233955 -0.147257 -0.037733 
-0.923961 -0.932841 1.363047 -1.049281 -0.716824 -0.192775 0.004659 -0.420452 0.583519 0.141020 -0.150947 -0.186114 
-1.116250 -0.405280 1.640808 -1.290587 0.200296 -0.395069 0.039456 -0.914736 -0.008488 -0.073787 0.221830 -0.214064 
-0.898389 -0.227633 1.824461 -0.067659 0.878617 0.097212 0.400988 0.551992 1.395847 -0.201489 0.352008 -0.100264 
-0.520345 0.426881 1.679408 0.123372 1.593373 -0.182283 -0.485789 0.183695 0.570292 -0.006553 0.467528 -0.052771 
0.212483 1.186857 2.805425 0.851369 0.659076 0.385085 0.154794 -0.267744 0.788826 0.222885 0.267870 -0.087116 
-0.224942 2.640640 1.145113 -0.753494 2.002202 -0.242829 0.612034 -0.047727 0.483881 -0.194648 0.549476 -0.099532 
-0.261946 1.091341 0.914877 0.351602 -0.312879 -0.211699 -0.519825 -1.333437 1.043472 -0.443579 0.187068 0.037193 
0.385659 1.636442 1.511512 0.041205 1.685996 0.893943 1.006395 0.044397 0.593689 0.210686 0.190409 0.020900 
1.133744 1.116228 2.291248 1.486147 1.098914 -0.812569 0.002907 0.032833 -0.141176 -0.220192 -0.078602 0.019124 
1.219882 1.281223 1.171532 0.562889 0.910585 1.313015 0.448838 -0.514524 -0.466729 -0.113575 -0.077396 0.000148 
1.450341 1.277790 1.671131 1.473081 0.094058 1.280331 0.394136 -0.380525 -0.512228 -0.132123 0.050442 -0.062196 
1.772190 0.863505 0.890871 1.702323 0.609379 0.850224 0.505904 0.054807 -0.197261 0.012637 -0.114332 -0.059017 
1.444649 2.212856 0.125627 1.919918 1.207923 0.107947 1.091900 0.230089 0.457028 -0.351708 0.181459 -0.035649 
4.400141 2.901171 1.516239 0.909413 0.734322 0.775366 0.734028 0.261245 0.485234 0.244253 -0.050693 -0.029097 
3.379942 2.532362 1.980572 0.976316 0.794819 0.164731 0.168203 0.163902 0.172882 0.029974 0.015866 -0.015482 
4.374778 3.160421 2.034573 1.409417 0.450357 0.526976 0.250800 -0.800400 0.750268 0.140401 0.119044 0.022253 
3.191526 2.325855 2.067278 0.095533 0.001486 0.246275 0.105362 0.506527 0.331913 0.081326 0.069063 0.028430 
3.203868 1.903810 1.893712 -0.116954 0.767730 -0.154854 -0.295940 0.072583 1.110067 0.118711 0.068502 0.044203 
3.894315 1.928176 1.235959 0.500342 0.756795 -0.182552 -0.742160 -0.399039 0.493242 0.038451 0.134596 0.029127 
3.766699 1.743136 1.097542 0.102986 0.319727 -0.080454 0.234858 -0.368440 0.857064 0.244090 -0.114919 -0.023330 
-1.#IND00 -1.#IND00 -1.#IND00 -1.#IND00 -1.#IND00 -1.#IND00 -1.#IND00 -1.#IND00 -1.#IND00 -1.#IND00 -1.#IND00 -1.#IND00 
-1.#IND00 -1.#IND00 -1.#IND00 -1.#IND00 -1.#IND00 -1.#IND00 -1.#IND00 -1.#IND00 -1.#IND00 -1.#IND00 -1.#IND00 -1.#IND00 
