3.252054 0.673396 1.073381 0.161892 0.724584 0.656132 0.581423 1.550591 0.405854 0.215554 0.038444 -0.022433 
2.871079 -0.017963 1.539869 -0.985964 0.866718 0.794152 1.131588 1.003515 0.081542 0.331272 -0.026747 -0.015822 
2.855136 0.595307 0.850925 -0.578672 0.252963 0.145040 1.393571 0.784407 0.140015 -0.234153 0.036304 0.008109 
3.117008 0.852126 0.432574 -0.176811 1.016969 0.242028 0.558096 0.892869 0.333712 0.529723 0.140265 0.014791 
2.750947 0.786028 0.625606 -0.556252 0.859909 0.267050 0.660843 0.851257 0.041667 0.152239 0.198254 0.013429 
3.279875 0.747831 1.602536 -1.087180 0.875661 0.931162 1.528033 0.969394 0.109155 0.263000 0.110592 0.003335 
2.964048 0.384332 1.189118 -0.892490 0.499549 1.255497 0.996554 1.451679 0.546548 0.340229 0.227298 -0.051051 
2.847411 0.544014 0.632529 -0.641324 0.595003 1.156744 0.790115 0.813193 0.685222 0.256598 0.169911 -0.015601 
3.084072 0.740412 1.116915 -0.330297 0.952241 0.257087 -0.146144 1.325949 0.197253 0.049324 0.128229 -0.041565 
3.408442 0.536258 1.611659 -0.590328 0.560839 0.849558 0.248561 1.459551 0.774343 0.346816 0.256766 -0.020296 
3.141129 0.566448 0.601546 -0.251625 0.410431 1.207307 1.305692 1.184186 0.594844 0.090331 -0.005182 -0.040323 
3.355562 0.270339 0.927438 -0.431961 0.972211 1.078971 0.687667 0.475141 0.534039 0.408491 0.398554 0.037476 
3.273038 0.591021 1.357223 -0.868578 1.151378 0.868593 1.070483 1.410160 0.149219 -0.116045 0.178046 -0.041661 
3.351548 0.962298 1.327615 -0.375050 1.502584 0.579047 1.582660 1.649182 0.286400 0.269354 0.138239 -0.053413 
1.300560 -0.706340 4.441972 -0.439711 0.493706 1.981165 1.719681 1.000111 1.538775 -0.059133 -0.026033 0.038721 
0.458152 0.511120 3.541626 1.534648 0.261512 -0.014383 0.117606 0.644983 1.498852 0.189620 -0.046904 0.039730 
1.028145 1.013411 2.031164 0.779397 0.747487 1.521348 0.823879 0.220580 0.433954 -0.165605 0.315269 -0.057372 
0.914920 0.611891 1.696065 1.335490 1.457514 0.853448 0.704841 0.497756 1.041083 0.374522 0.000580 -0.084234 
0.436084 0.434468 1.615390 1.764165 1.833829 1.330344 1.798230 0.376861 0.755299 0.118771 -0.108190 -0.005612 
0.783857 0.737204 1.500357 1.524318 1.324487 0.654790 1.894034 0.912270 0.746380 0.232618 0.161142 -0.120397 
0.825379 0.818763 0.741037 1.898433 0.903961 1.314412 1.382864 1.125634 0.503241 0.007921 -0.020995 -0.055073 
0.735895 1.134665 1.217181 1.791223 1.379408 0.476543 0.667607 1.343655 0.846493 0.298109 -0.137400 -0.052656 
0.855306 0.913947 1.715439 0.342513 1.881471 1.980846 1.348038 0.547498 0.544603 -0.130141 0.043363 -0.007389 
1.036626 1.055198 0.875300 1.633339 1.379038 1.264388 1.258683 1.514276 0.713396 -0.201890 -0.020356 -0.009529 
0.914407 0.593925 1.295272 2.245986 1.686713 0.377350 1.366704 1.268775 0.380863 0.156503 -0.060101 -0.021718 
0.611672 0.694352 1.187827 1.506912 1.458161 1.889995 1.665973 1.062989 0.364385 0.151634 -0.043132 -0.075647 
1.412471 0.678882 0.513407 2.063491 1.313386 1.539114 1.082652 0.805423 0.056951 0.297692 -0.168337 -0.019523 
1.195125 0.711788 1.419825 1.041257 0.501528 0.936875 1.209192 1.344385 0.605245 0.204046 -0.004231 -0.076870 
0.937952 1.518246 0.980069 1.822245 0.913651 0.142465 0.810331 0.304093 0.391037 1.066901 -0.020506 -0.103036 
0.931383 1.300540 2.202055 1.344919 0.922839 1.117524 1.296549 0.497768 0.304398 0.125812 -0.035821 -0.007210 
0.823852 1.041360 1.879457 1.234199 2.207917 0.811069 0.694731 0.511747 0.517557 0.039636 0.010660 -0.046579 
0.926290 1.126286 1.950873 1.106497 1.585384 0.064988 0.728134 0.651812 0.263147 0.206042 0.267219 -0.164939 
1.405933 1.150621 1.247317 1.019852 1.109051 0.839921 0.429253 0.761667 0.055105 0.125561 0.056483 -0.052567 
2.970889 0.136201 1.571956 1.299861 0.991417 1.029871 0.646278 0.427615 -0.271958 0.167060 0.271589 0.005637 
3.818737 0.752732 1.108761 1.029208 0.881171 1.098802 0.220854 0.325354 0.586442 0.207047 0.369300 0.059819 
4.611252 3.434073 2.988113 2.489665 0.725648 0.319331 0.850928 0.622342 0.004375 -0.148515 0.264877 0.065417 
6.481256 1.941849 1.654653 -0.425645 1.301877 1.517894 0.772706 0.662996 0.131070 -0.103286 -0.075932 -0.028892 
4.415079 2.469353 3.420942 2.100886 2.174629 1.862350 0.856288 1.033647 0.267550 0.459129 0.102534 -0.000859 
3.598761 1.522270 2.844752 0.557600 1.952870 1.949695 0.383085 1.701284 0.708395 0.238828 0.051190 -0.021612 
3.328478 0.770701 1.661630 -0.277936 1.281935 0.860222 0.773972 1.722062 0.524671 -0.089782 0.152837 -0.001314 
3.127138 1.233333 1.786655 0.080941 1.905727 1.170830 0.778888 1.317543 0.599661 0.528625 0.020389 -0.039373 
3.068484 1.180419 1.909147 -0.335386 1.868529 1.506973 1.282488 0.929393 0.613835 0.458538 0.269653 0.031115 
3.001066 1.179444 1.505582 0.390804 1.061516 0.680723 1.128914 1.512080 0.746606 0.144482 0.291778 0.006145 
2.808731 0.589131 1.891266 -0.381764 0.880646 0.362724 0.202035 0.603338 0.125379 0.317411 0.179793 -0.029786 
3.054162 0.914049 1.069431 0.020980 0.916571 0.529370 0.963758 0.659382 -0.378843 0.421539 0.005144 0.026694 
2.946136 0.895102 1.239633 -0.380039 0.847038 0.982703 0.594401 0.999661 0.006328 0.060575 -0.019965 0.007973 
2.956466 0.890455 0.985831 -0.277416 0.501018 0.960318 0.555822 0.253734 -0.234363 0.073382 -0.044619 -0.000150 
3.032499 0.668548 1.429306 -0.619254 1.007338 1.078189 0.696422 0.531853 0.648085 -0.039622 -0.181099 -0.009370 
-1.#IND00 -1.#IND00 -1.#IND00 -1.#IND00 -1.#IND00 -1.#IND00 -1.#IND00 -1.#IND00 -1.#IND00 -1.#IND00 -1.#IND00 -1.#IND00 
-1.#IND00 -1.#IND00 -1.#IND00 -1.#IND00 -1.#IND00 -1.#IND00 -1.#IND00 -1.#IND00 -1.#IND00 -1.#IND00 -1.#IND00 -1.#IND00 
