3.160294 0.263432 1.113745 -0.672439 0.948934 1.234782 0.278056 1.254858 0.252976 0.167889 0.135724 -0.008011 
2.972564 0.789784 0.804157 -0.578709 1.351091 0.720520 0.502972 0.837813 -0.084175 0.196387 0.007361 -0.018597 
2.714295 1.064594 1.057362 -0.385685 0.706029 1.156430 0.987670 0.812429 0.168479 0.176837 0.216638 -0.014189 
2.995201 0.160290 1.131388 -0.637176 1.141245 0.485687 -0.130603 0.756599 0.570588 0.101957 0.199782 -0.005935 
3.193117 0.659677 1.534171 -0.095781 0.500869 0.916818 0.611290 1.082132 -0.009511 0.427134 0.289807 -0.014944 
2.899123 0.394393 1.342399 -1.036382 0.729033 0.205953 0.438548 0.979745 0.001595 0.178502 0.157876 0.015531 
3.286622 0.752055 0.868421 -0.373813 1.154128 1.089574 0.236520 1.109071 0.121994 0.195435 0.298801 0.018020 
3.255978 0.290237 1.045924 0.144394 1.068300 0.517596 1.758325 1.259095 -0.148058 0.246230 -0.015090 0.004050 
2.839431 0.355042 1.123085 -1.339495 0.646476 0.444694 1.066127 0.594207 0.009211 0.215412 0.148522 0.009340 
3.175054 0.231245 1.609807 -1.103586 0.278706 0.913054 0.420154 1.027259 0.404352 0.307386 0.091286 -0.015567 
2.740708 0.500236 1.137923 -0.433759 1.976040 1.259521 0.646090 1.188508 0.728930 0.017863 0.156983 0.002307 
2.843872 -0.150663 0.976653 -0.673581 1.057305 0.888770 0.441534 0.253093 0.406029 0.048640 -0.147117 0.011091 
4.887135 -0.747086 -0.208924 1.614877 1.508904 0.497293 2.001671 0.660724 0.260865 0.229924 0.187404 0.009372 
0.954513 1.105720 1.480303 1.571116 1.533725 0.886384 1.563413 0.934956 0.461121 -0.162307 0.280500 -0.042742 
1.195501 0.702315 2.106222 1.279045 1.628709 0.759135 0.964221 0.828428 1.082867 -0.021480 0.091868 -0.046515 
0.961095 0.795445 1.291867 1.453204 1.587191 1.088975 1.104780 0.804776 1.103130 0.152978 0.191845 -0.124334 
1.235311 0.757984 2.150766 1.026301 0.952378 0.926797 1.022366 1.791859 0.432635 -0.194057 -0.019141 -0.012054 
0.401366 0.273557 2.349189 1.602560 1.000496 0.231826 2.666862 0.589687 0.359752 0.264282 0.006064 -0.048808 
0.535032 1.031509 2.219519 1.462197 0.754435 1.074371 1.618306 0.040636 0.719922 0.604196 0.016355 -0.076839 
0.477600 0.561019 1.453060 1.886248 1.637887 1.799658 1.186291 0.594919 0.395377 0.086232 0.187648 -0.044401 
0.866468 0.771566 1.383164 1.517474 0.885007 1.481857 0.905805 0.983096 0.600731 0.359623 0.001407 -0.067865 
0.612502 0.950825 1.404501 1.595848 2.460778 0.972667 1.326230 0.636536 0.126118 0.203024 0.054073 -0.008252 
0.420912 1.108222 2.064154 1.187953 1.626039 1.020152 1.420008 0.963910 0.606243 0.162442 -0.259545 0.049792 
0.899110 1.092137 1.446517 1.058094 0.848655 1.541628 0.206778 1.203667 0.916803 0.243283 -0.063574 -0.033431 
0.851842 1.238255 0.585159 1.540761 1.530978 1.358570 1.543185 1.463510 0.327921 0.360743 -0.168090 -0.034246 
0.611743 0.838163 0.727131 1.760231 1.770014 1.880980 1.343639 0.864564 0.526994 0.160615 0.024382 -0.067535 
1.043257 0.964215 1.101986 0.889637 2.027679 1.208015 1.692968 0.766640 0.407318 0.572678 0.077790 -0.087261 
0.533492 0.926548 0.784703 1.337302 2.409004 1.530973 1.901553 0.692337 0.843267 0.028932 -0.046413 -0.059256 
0.943453 0.964821 1.260463 1.267056 2.369122 0.327137 1.176109 1.102097 0.160906 0.209362 -0.044781 -0.066186 
0.473356 1.111589 2.521689 0.764240 1.887057 1.193358 1.216802 0.401953 0.826609 -0.158449 0.082650 -0.043520 
0.691677 1.258262 2.081375 1.146940 1.611226 1.371106 0.787295 0.202048 1.014981 -0.145909 0.082250 -0.047688 
0.626031 1.376556 1.664342 1.386046 0.629407 1.465638 1.492891 0.562771 0.395147 0.365423 -0.043106 -0.077327 
1.270330 0.529134 1.590024 1.155388 0.931779 1.362878 1.424041 0.488927 0.587974 0.341202 -0.123736 -0.005061 
2.584854 0.399359 1.469472 0.666019 1.587776 -0.115697 1.656497 0.648765 0.514073 0.047038 0.013550 0.041261 
5.968077 3.266818 0.490817 -0.106595 0.576986 1.120121 0.810668 0.374365 0.341901 0.360708 0.340556 0.125630 
6.414044 2.907589 0.258920 -0.515519 1.001162 1.291165 1.157123 0.742179 0.271486 0.437555 0.310260 0.097123 
4.250511 3.296544 3.118833 2.294835 2.849791 2.009675 1.275464 1.218621 -0.002986 0.584952 -0.031518 -0.009702 
3.388167 1.486995 2.151438 0.680801 1.792383 1.898641 1.663477 1.566480 0.945215 0.095501 0.050163 0.033652 
3.659515 1.329444 2.115903 0.842550 2.711304 2.716876 1.062457 0.704350 0.981004 0.197252 0.362085 0.106780 
3.150931 1.017808 0.951823 0.320946 1.166629 0.522839 1.610758 0.953274 0.218934 0.458210 0.041651 -0.008173 
3.442111 1.112899 1.610401 1.501100 2.295316 1.377792 1.243973 1.677831 0.899144 0.680324 0.052887 0.006574 
3.128899 0.746982 1.516425 0.106364 1.131267 1.416101 1.320383 1.504172 0.741154 -0.040362 0.271639 0.028161 
2.996438 1.269560 1.540542 -0.122512 1.170632 0.886607 0.968835 1.065027 0.438494 0.061682 0.110087 0.028185 
3.099378 0.708746 1.446283 -0.187638 0.718398 0.742375 0.919300 0.425449 0.402812 0.321476 0.078054 0.019614 
3.054644 0.841061 1.416454 -0.342481 1.273523 1.034948 1.338466 0.709845 -0.206799 0.567469 0.237726 0.008062 
3.200371 0.479190 1.726327 -0.123556 1.375518 0.988432 1.222746 0.908731 0.527169 0.487634 0.226459 -0.000127 
3.015690 0.592244 1.218812 -0.060161 0.282805 1.023722 1.301853 1.357394 0.204574 -0.283839 0.125835 0.005301 
3.086804 0.246167 1.111198 -0.144822 1.159941 0.570449 1.078198 0.944564 0.326404 0.194276 -0.039895 -0.023971 
-1.#IND00 -1.#IND00 -1.#IND00 -1.#IND00 -1.#IND00 -1.#IND00 -1.#IND00 -1.#IND00 -1.#IND00 -1.#IND00 -1.#IND00 -1.#IND00 
-1.#IND00 -1.#IND00 -1.#IND00 -1.#IND00 -1.#IND00 -1.#IND00 -1.#IND00 -1.#IND00 -1.#IND00 -1.#IND00 -1.#IND00 -1.#IND00 
