3.377294 -0.148867 0.955953 -0.294109 0.776672 0.238909 0.371246 0.542046 0.482512 0.139053 0.122310 0.062648 
3.104257 0.507838 1.381998 -0.178426 1.109393 0.868128 0.404604 1.006290 0.027325 -0.265699 0.270822 0.061082 
2.959965 0.624001 0.783017 -0.770283 0.874643 0.768292 1.017686 0.569541 -0.117405 0.304678 0.108349 -0.030986 
3.506983 0.432941 0.635960 -0.907518 0.380817 0.855355 -0.080478 0.685283 -0.138837 -0.202177 0.051468 0.012919 
3.305305 0.360253 1.726503 -0.055381 0.767178 -0.205478 1.032089 1.074034 0.177906 0.498491 0.104365 -0.015782 
3.304541 0.618466 1.073971 -0.248607 1.079451 1.054248 1.390158 1.924312 0.151358 0.365086 0.161886 -0.052669 
3.021493 0.559872 1.077698 -0.298932 1.318898 1.288047 1.445408 1.381612 0.271249 0.038672 0.140173 -0.027918 
3.067564 0.598622 0.465227 -1.192603 0.912753 0.673770 1.009842 0.570981 0.169783 0.044779 0.261242 0.046248 
2.781760 0.474302 1.253708 -0.207803 1.069639 0.887054 0.986993 0.868722 0.436921 0.473278 0.092747 -0.039119 
3.149473 0.314132 0.687536 -0.517862 0.554704 0.877005 0.873741 0.959827 0.286268 -0.087284 0.163295 0.026587 
2.913889 0.581000 1.146128 -0.682305 0.860171 0.497823 0.022125 1.035894 0.354268 -0.250613 0.092435 -0.025325 
2.877579 -0.092938 1.091538 -0.478524 1.260958 1.182991 1.388000 0.811738 0.229275 0.301211 0.137547 -0.016227 
3.008135 0.540623 1.309345 -0.832620 1.413955 0.399262 1.337704 1.131090 0.105711 0.253432 -0.041616 -0.023048 
2.911627 -0.094227 0.783976 -0.401982 0.832473 0.250108 0.552798 1.175339 0.070299 -0.020950 -0.032506 0.014037 
2.717233 0.512676 1.090438 -0.307213 1.235678 0.624436 0.806540 0.518686 0.617010 0.457649 -0.217181 -0.035811 
3.543201 1.980757 2.257711 1.326237 2.525494 0.989702 1.271038 2.025773 0.124199 -0.311204 0.027500 0.030167 
2.627385 -0.213604 2.172199 1.553543 -0.682106 1.250819 0.782135 1.121744 1.123054 0.080295 -0.062130 0.043010 
1.084639 0.987208 1.112221 1.489891 1.048131 1.367677 0.867747 1.216920 0.347548 0.171801 0.157368 -0.035930 
0.900672 1.099977 1.959042 1.768768 1.408559 0.297199 1.231820 0.958202 0.129997 0.633251 -0.190144 -0.008317 
0.551768 1.154139 1.353275 1.404406 1.577377 1.259989 1.728883 0.597412 0.399740 0.207266 0.007689 -0.022227 
0.711350 0.640657 2.021446 1.675663 1.373635 1.558124 0.161993 0.948924 0.918259 0.098702 0.128509 -0.052395 
0.576857 0.493278 2.349599 1.211046 1.190742 1.103873 1.887976 0.913328 0.394867 0.057736 0.174859 -0.030176 
0.461806 1.162226 0.907396 1.290199 2.071630 1.516187 1.401991 1.438990 0.642533 0.164196 -0.036182 -0.082587 
0.891540 1.040411 0.952076 1.304494 1.191165 1.916329 1.057688 0.958821 0.675545 0.555092 -0.132015 -0.073499 
0.994639 1.170203 0.790189 0.695363 1.825664 0.979759 1.932795 1.151196 0.326718 0.245555 -0.125033 -0.062875 
0.452595 0.929610 1.347929 1.464919 1.314046 1.158788 1.747916 0.851266 0.682224 0.089417 0.082271 -0.094169 
0.678438 0.614170 1.107813 1.264670 1.533067 1.840812 1.790955 1.065147 0.270051 0.104609 0.074388 -0.055207 
0.681371 1.003233 0.995505 1.618512 1.056429 1.022290 1.022589 1.631520 0.462543 0.092787 0.103114 -0.078583 
0.324372 1.218882 1.484631 0.991029 2.062343 1.741583 1.200843 0.894949 0.913657 0.118943 0.093452 -0.080508 
1.083974 1.232804 1.488311 0.898261 0.810226 1.779925 0.236157 -0.110825 1.031462 0.451567 -0.123084 -0.014487 
0.826886 1.563069 1.350502 1.224962 1.529253 0.913229 1.180727 0.180326 0.984293 0.595578 -0.014257 -0.080254 
1.205913 1.231614 0.980442 0.811803 1.309419 0.618206 2.127512 0.772098 -0.034366 0.295110 -0.025228 -0.047154 
1.747321 1.168980 1.655769 1.021393 0.299705 0.573469 1.000002 0.925798 0.662800 0.215009 0.179040 -0.042880 
2.880913 0.898944 1.539124 0.967901 0.983288 0.806179 -0.078238 0.368429 0.667307 0.011602 0.045132 0.012795 
3.567819 0.508128 1.330157 1.200445 1.004427 1.229780 0.883492 -0.065244 0.390043 0.714334 0.253829 -0.014635 
5.685496 2.742079 -0.053534 -0.002781 1.555139 1.181010 0.278869 0.415479 0.476423 0.481255 0.255932 0.028596 
6.813012 3.696806 1.396241 -0.091427 -0.752598 0.176796 1.317128 0.908144 0.648558 0.367418 0.117926 0.010900 
5.142281 4.093478 3.473488 1.000936 0.694213 -0.109760 0.818051 1.246013 0.509924 0.015565 0.271408 0.048114 
4.919444 3.650202 4.044896 3.554242 2.137671 0.756100 0.248552 0.509529 0.061473 0.102280 0.000677 0.003167 
3.491095 2.687726 2.700332 2.943808 2.401083 1.511104 1.225187 1.116862 0.436348 0.045261 0.158015 0.045284 
2.614283 2.040792 1.741669 1.611427 1.625094 0.964349 0.781124 0.490884 0.230621 0.000727 0.087772 0.015144 
3.346994 0.843387 1.769980 -0.261086 1.677867 0.140516 1.507128 1.505961 1.086256 0.896564 0.300403 0.009710 
3.212155 1.228528 0.967256 -0.014641 1.850006 0.803461 0.937244 1.315460 0.567998 0.177768 0.351658 0.039042 
3.150317 0.372435 0.961277 -0.014714 1.656751 0.721301 1.630218 1.028837 0.431280 0.322170 0.103868 0.004173 
3.266715 0.554784 1.210244 -0.262227 1.530772 0.856692 0.949087 1.483029 0.307657 0.206994 0.127224 -0.002663 
3.245940 0.773018 1.049494 -1.454723 2.005924 1.073564 0.663129 0.640335 0.236645 0.228381 0.090609 0.034128 
3.401954 0.528356 1.221373 -0.266676 0.779555 1.412199 0.853006 0.734564 0.712082 0.251964 0.060351 0.021861 
3.023924 0.285631 0.593642 -0.592292 0.483415 0.920275 0.751003 0.986073 0.156575 0.247463 -0.041890 -0.017589 
-1.#IND00 -1.#IND00 -1.#IND00 -1.#IND00 -1.#IND00 -1.#IND00 -1.#IND00 -1.#IND00 -1.#IND00 -1.#IND00 -1.#IND00 -1.#IND00 
-1.#IND00 -1.#IND00 -1.#IND00 -1.#IND00 -1.#IND00 -1.#IND00 -1.#IND00 -1.#IND00 -1.#IND00 -1.#IND00 -1.#IND00 -1.#IND00 
