2.925873 0.193892 0.225839 -0.733716 0.912165 0.553939 0.037736 0.378865 -0.186693 -0.062823 0.242254 0.062924 
2.673520 0.351005 0.763083 -0.422673 1.044821 1.279044 0.680459 1.129108 0.149474 -0.050042 0.095086 0.039821 
3.205211 0.408777 0.692199 -1.282414 0.796793 0.854944 0.917303 0.705162 0.745547 0.338717 -0.132512 -0.060136 
3.323544 0.409839 1.073534 0.244319 1.041335 1.554676 0.634831 0.835933 -0.086234 0.067554 0.006437 0.001691 
3.242321 0.409501 0.624917 -0.941696 1.741420 0.678504 0.386768 0.758687 0.641992 0.271163 0.008108 -0.010495 
3.043940 0.329524 1.029025 -1.118956 1.484451 0.273573 0.815572 1.145885 -0.013818 -0.049704 0.059144 0.005965 
3.254222 0.444157 1.373757 -0.352327 1.966736 0.999943 0.654857 0.762416 0.122502 0.380656 0.348418 -0.005064 
3.392510 0.900958 1.317518 -0.983550 1.087080 1.135818 0.480457 0.572812 0.076082 0.418127 0.088542 -0.003128 
3.370350 0.698068 0.608181 -0.474373 1.378540 0.987072 0.734773 0.538182 -0.004543 0.504306 -0.001801 -0.041643 
3.413867 0.458304 1.499187 -1.021795 1.357442 0.930676 0.781888 0.523644 0.151360 0.116583 0.039989 -0.014283 
3.495630 0.543214 1.290050 -0.609608 1.236113 0.630729 0.678907 0.991223 0.111171 0.478809 0.160689 -0.036339 
3.127302 0.646797 0.872265 -0.952230 1.237713 0.995741 1.098997 0.611614 0.076304 0.297761 -0.011654 -0.032984 
3.521005 0.222156 1.421088 -0.834082 1.546008 0.810055 0.723513 0.952446 0.193321 -0.112722 0.115792 0.007430 
3.230707 0.492198 1.554016 -0.006404 1.495606 1.100727 1.336285 0.850115 -0.002364 0.154650 -0.063814 -0.008689 
3.310239 1.978387 1.733679 1.333681 1.169894 0.798901 0.630943 0.838410 0.752624 0.456556 0.368970 0.043423 
3.022287 -0.501910 1.175906 1.190927 2.082392 1.969916 1.451964 0.226041 0.458432 -0.042742 0.049724 0.032861 
1.820951 0.969704 0.797068 1.802724 1.053963 0.192690 0.945965 0.959449 0.663831 0.472024 0.434757 -0.105223 
1.393142 1.101452 1.048815 1.548538 1.494143 1.355896 0.462953 0.773641 0.816278 0.548891 -0.003821 -0.066071 
1.035880 0.911869 1.254394 1.493910 2.016960 1.325965 0.928378 0.678725 0.439585 0.498598 -0.135768 -0.018136 
0.612635 0.548367 1.413414 2.320539 1.669063 2.115976 1.258829 0.423558 0.027631 0.490702 0.171241 -0.066955 
0.544250 0.402001 1.461367 1.991588 1.739938 0.880708 1.939032 0.915826 0.447045 0.246856 -0.134152 -0.037100 
0.820131 1.494036 1.130942 1.811461 0.975095 1.089639 0.753521 0.736637 1.239368 0.355467 -0.230130 -0.024387 
0.670680 0.907452 0.465608 1.487265 1.547570 1.855692 1.996416 1.429441 0.553220 0.140025 -0.162782 -0.078157 
0.900548 0.932798 1.081320 0.938506 1.575505 2.018377 1.544385 0.583416 0.524908 0.232707 0.000337 -0.028525 
0.763810 0.903884 1.411541 1.165019 1.857440 1.689012 1.572425 0.022069 0.459558 0.362042 0.056298 -0.038321 
0.736428 0.846462 1.114389 0.793349 2.070132 1.733374 1.169180 0.914496 0.817718 0.310061 -0.348371 -0.032853 
0.668460 1.036805 1.301451 1.263441 1.899526 1.100271 1.753350 0.690987 0.449245 0.468443 0.076849 -0.116580 
1.711836 0.306514 1.074858 1.398883 1.531153 2.313590 0.915361 0.897354 -0.208915 0.350593 0.237200 -0.042011 
0.665725 1.099751 1.663887 1.592973 1.104136 1.659772 1.394132 0.885565 0.615847 0.037317 0.252186 -0.112609 
1.067124 0.610524 2.114324 1.866038 0.582592 1.216497 0.943057 0.749180 0.712868 -0.106436 0.020070 -0.039273 
0.898245 0.798590 1.408180 1.726488 1.103221 1.552199 0.474408 1.122886 1.110912 -0.047331 -0.005141 -0.071969 
1.594794 0.744932 1.514467 1.320583 0.785574 0.943969 0.296594 0.194065 0.226302 0.221802 -0.093468 -0.024523 
1.912661 0.559075 0.900838 1.640771 1.236378 1.413255 0.496927 1.132222 -0.007482 0.234752 0.267300 -0.050812 
3.365270 -0.301500 1.230630 1.320359 1.363640 1.359549 0.136505 1.343258 0.469465 -0.160335 0.008233 0.005385 
5.716986 1.819477 1.210300 -0.145649 0.792503 0.482769 -0.093010 1.332408 0.373004 0.165081 0.298792 0.076007 
5.219035 3.932710 2.110727 0.660769 0.044502 0.390460 0.848775 0.664289 0.182729 -0.155355 0.051563 0.012926 
4.278421 2.907960 2.022330 1.826767 2.464730 2.122180 1.289079 1.259612 0.806886 0.176098 -0.006512 0.007528 
4.326890 2.110485 1.851985 2.229312 3.157369 1.577400 0.613382 1.072360 0.237349 0.781957 -0.042208 -0.049532 
3.287621 1.413372 1.914721 0.665208 1.626934 1.300245 1.293082 1.346932 0.359340 0.015763 0.240760 0.004650 
3.418879 1.006689 1.192854 -0.207929 2.150323 1.148896 1.020054 1.627943 0.473230 0.138271 0.084284 -0.009125 
3.442689 0.887186 1.227638 0.194740 1.243191 1.569347 1.240267 1.677495 1.049685 0.109416 0.078927 -0.011808 
3.344831 0.938195 1.096763 -0.374717 0.820559 1.300563 1.436227 1.301285 0.505233 0.809514 0.229257 -0.042037 
3.184864 1.053847 0.945217 -1.142313 0.805825 1.101328 0.515922 0.431064 0.668367 0.220331 0.154103 -0.008768 
3.507026 0.430340 1.404975 -0.044282 1.556911 1.832800 1.406636 1.345183 0.430587 -0.081034 0.075337 0.013133 
3.442068 0.940074 0.860848 -0.864757 1.179451 1.275826 0.444710 1.008226 -0.069250 0.186403 0.239754 0.000919 
3.132209 0.877721 1.127814 0.068254 1.161150 0.841539 1.401069 0.566812 0.272654 0.170947 0.319140 0.035093 
3.227785 0.838675 1.022593 -0.118948 0.552004 0.810141 0.340244 0.598731 0.211764 -0.108482 0.445494 0.056669 
3.541404 0.417327 1.551253 -0.443715 1.383309 1.035080 0.895653 0.675313 -0.080892 0.082591 0.075499 -0.022350 
-1.#IND00 -1.#IND00 -1.#IND00 -1.#IND00 -1.#IND00 -1.#IND00 -1.#IND00 -1.#IND00 -1.#IND00 -1.#IND00 -1.#IND00 -1.#IND00 
-1.#IND00 -1.#IND00 -1.#IND00 -1.#IND00 -1.#IND00 -1.#IND00 -1.#IND00 -1.#IND00 -1.#IND00 -1.#IND00 -1.#IND00 -1.#IND00 
