3.061425 -0.406828 0.962180 -1.241667 0.989740 0.832787 0.579481 0.443442 0.192942 0.118470 0.133454 0.024137 
3.115830 0.056014 0.727849 0.021858 1.188528 0.651510 1.012440 1.463485 0.065340 0.110296 -0.045188 -0.046166 
3.300167 0.459340 0.895348 -0.457655 1.478573 0.994138 1.194223 1.088136 0.825618 0.095127 0.337748 0.038988 
3.025021 0.098888 0.651137 -0.542422 1.527506 1.744056 1.132222 1.128584 -0.202247 0.320736 0.330482 -0.029612 
3.144808 0.284379 1.360853 -1.163359 1.041854 0.477026 0.423740 0.997381 0.102550 0.437697 0.103353 -0.003263 
3.362770 0.111022 0.995604 -0.565129 1.081397 1.073522 0.149439 0.893682 0.400939 0.313200 0.103712 -0.019307 
3.230473 0.184027 1.158360 -0.555365 1.654779 1.151579 0.943341 1.343798 0.380148 0.156291 0.111581 -0.024098 
3.125841 0.884775 1.197641 -0.538749 1.377649 1.303581 1.133414 0.557230 0.208478 0.667127 0.147792 -0.014515 
2.728605 0.177678 1.137750 -0.800773 1.273808 0.606401 0.923139 1.276607 0.084539 0.062113 -0.033305 0.002024 
3.163636 0.274412 0.371458 -0.672855 1.331820 0.925813 1.636372 0.945423 0.451429 0.481482 0.003883 -0.052343 
3.009074 0.367319 0.300817 -1.068189 0.459151 0.750916 1.032302 0.787997 0.475554 -0.084838 0.100626 0.018836 
2.990901 -0.061560 0.726841 -1.320424 1.060564 0.364407 0.177345 0.824162 0.240335 -0.048878 0.005029 -0.015647 
3.184177 0.342100 0.661758 -0.906940 0.910661 1.002013 1.536477 0.537510 0.272764 0.173876 0.046184 -0.014904 
3.046784 -0.068969 0.546506 0.893395 1.190601 0.131423 1.662959 1.600555 -0.218121 -0.226536 0.325871 0.055240 
6.018430 1.454687 1.647827 1.207961 1.599641 2.052222 1.827138 -1.277219 0.512436 0.345719 -0.073490 0.025295 
1.096678 1.111895 0.648807 1.196987 1.778562 2.053649 1.413320 0.215015 0.221783 0.544888 0.003255 0.023802 
0.717562 1.134404 1.873217 1.239030 1.331334 1.829070 1.308539 1.018146 0.283094 0.433734 0.184469 -0.083602 
1.216912 0.375812 1.678942 1.485396 1.505820 1.428814 1.218020 1.040169 0.503842 0.230837 -0.239181 0.000127 
1.097063 1.034951 1.400308 1.830311 1.340221 1.202559 1.293265 0.687126 0.548836 -0.021777 0.313012 -0.075161 
1.068408 1.059172 0.995346 2.180031 1.305775 0.862227 0.836131 0.563606 0.543168 0.433048 0.077122 -0.055036 
0.725921 0.649200 0.832833 2.309820 2.176419 0.586687 2.055686 0.778593 0.615829 -0.215266 0.035603 -0.006183 
0.803019 0.903610 1.986306 0.861879 1.846683 1.197539 1.676120 -0.146307 0.702208 0.554294 -0.097086 -0.033125 
0.962058 0.852723 1.545537 1.080640 0.867578 1.462859 1.525283 0.410133 0.926926 0.277816 -0.054560 -0.055727 
0.639070 0.849593 1.383738 1.688473 0.968868 1.475369 1.634005 1.208201 0.703933 -0.035720 0.097808 -0.104979 
0.388581 1.259443 1.050657 1.697483 2.053531 0.279403 1.553083 1.246828 0.436666 0.048049 0.059054 -0.053316 
1.271382 0.980153 1.100868 0.896546 0.942892 2.084119 0.514882 0.665430 0.289608 0.594079 0.080053 -0.086949 
0.746604 1.474129 0.656824 1.730412 1.263534 0.990259 1.506681 0.999541 0.606860 0.076860 -0.021056 -0.040140 
0.745710 0.888079 1.167314 1.128576 1.640235 1.715805 0.809966 1.092551 0.729662 -0.005755 0.299595 -0.123135 
0.844999 1.546371 0.522879 1.397073 1.098785 1.037798 1.549528 1.188652 -0.014070 0.325234 0.112682 -0.096442 
0.948300 0.869434 1.476447 1.221932 1.443703 0.741335 1.083432 0.539017 0.578082 0.498493 -0.005641 -0.098996 
1.153344 0.900690 1.233322 0.811914 1.786965 1.746085 0.654813 0.716759 0.077094 0.253047 0.110925 -0.080704 
0.982911 1.247173 1.975019 1.911958 1.669070 1.522770 -0.416975 0.826460 0.499270 0.141883 -0.075308 0.024471 
0.946822 1.565919 1.580405 0.341552 2.127886 0.407288 0.026385 1.417878 0.078216 0.583204 -0.186599 -0.067489 
1.833511 0.595572 1.039193 1.946997 1.365965 1.256474 0.897056 0.797670 0.298580 0.425427 0.228172 -0.066914 
3.024071 1.824966 0.908219 0.483424 1.178841 0.990628 0.124334 0.142837 0.702078 0.601016 0.049269 -0.006545 
5.386691 2.822926 0.589634 0.245203 0.693959 1.013586 0.901535 0.588536 0.441666 0.242635 0.233718 0.076889 
2.908882 2.427833 1.918724 1.504345 1.449609 1.204288 0.698930 0.589824 0.483235 0.407582 0.168472 0.017553 
4.592048 2.892810 4.165132 3.402476 3.522628 1.296931 0.507986 0.583826 0.258242 0.012016 0.178570 0.031489 
4.993477 3.517202 3.634679 2.700520 1.350733 1.939513 0.019290 0.245052 0.704496 0.619728 0.090892 0.057459 
3.102033 2.491953 1.897049 2.154298 2.004406 0.649114 0.138674 0.231409 0.030784 0.242038 0.221330 0.011755 
3.023370 2.358492 1.994925 1.871940 1.498582 1.567747 0.936575 0.202461 0.371443 0.303926 0.196730 0.034472 
2.693123 2.208643 1.728937 1.177359 0.869354 0.653117 0.964909 0.621157 0.010541 -0.019570 0.059777 -0.005974 
3.251081 0.789297 1.489284 0.439188 2.191352 1.584958 1.126737 1.240807 0.075162 0.675535 0.517893 0.018233 
3.276979 0.947871 1.930200 -0.152964 1.514500 1.478673 0.868611 1.198435 0.234704 0.410863 0.278783 0.006850 
3.268122 1.007561 1.592415 -0.772635 1.192060 1.078501 1.052752 0.963095 0.272319 0.142343 0.016410 -0.005179 
3.355748 0.953458 1.218247 -0.827032 1.204287 0.733204 0.932810 1.500606 0.562264 0.590311 0.120535 -0.066203 
3.438296 0.593881 0.814078 -0.955782 1.684970 0.919344 1.149474 1.151057 0.315731 0.497646 0.090632 -0.036610 
3.113481 1.265053 1.443022 -1.021312 0.497918 1.391924 1.021094 0.893296 0.136245 0.365139 0.143959 -0.044082 
-1.#IND00 -1.#IND00 -1.#IND00 -1.#IND00 -1.#IND00 -1.#IND00 -1.#IND00 -1.#IND00 -1.#IND00 -1.#IND00 -1.#IND00 -1.#IND00 
-1.#IND00 -1.#IND00 -1.#IND00 -1.#IND00 -1.#IND00 -1.#IND00 -1.#IND00 -1.#IND00 -1.#IND00 -1.#IND00 -1.#IND00 -1.#IND00 
