3.069843 1.317945 2.761947 0.680587 1.188751 0.481069 1.380109 1.023224 0.712542 0.516736 0.122156 0.027684 
2.622164 1.595777 2.534144 1.009258 1.490064 0.512333 0.421830 0.990924 1.116103 0.610273 0.119061 0.031756 
2.760496 1.321397 2.439788 0.800035 1.727966 1.338923 1.467982 1.299421 0.535460 0.695097 0.133764 0.021400 
2.739403 1.263886 2.743907 0.667804 2.055325 1.138874 0.479362 0.995430 0.728670 0.414972 0.094770 0.001640 
2.530760 0.403316 1.955753 0.317381 1.081189 0.838581 0.690268 0.535074 -0.043817 0.597041 0.125468 -0.054634 
2.785469 1.263529 2.868171 1.485544 1.885798 0.804232 0.871381 0.953715 0.661509 0.233490 -0.076526 0.019352 
2.617904 1.025694 1.792982 0.446781 1.614057 0.644570 1.068267 1.084810 0.069882 0.942526 0.133702 -0.076900 
2.713165 1.425300 2.176423 0.676800 1.498021 0.952267 0.879383 1.158172 0.533600 0.588756 0.389458 0.011689 
2.541687 1.059466 2.225226 0.594408 1.179941 0.999046 -0.141320 0.893381 0.482930 -0.052120 0.124875 -0.020996 
2.794412 1.106655 2.082611 0.319809 1.195432 0.413720 0.701565 0.413468 0.759784 0.259359 0.450013 0.042895 
2.996147 0.981139 1.963236 0.763214 0.819605 0.886351 0.953003 0.645341 1.534779 0.452478 0.034661 0.011758 
2.847302 0.760273 1.672659 0.541055 0.491717 0.060166 0.167104 1.055235 0.131171 0.128281 -0.019561 -0.018780 
2.854481 0.822689 1.706622 0.634341 2.054635 -0.252614 0.875653 1.614922 0.499289 0.424729 -0.051222 -0.017401 
3.002694 0.395152 1.707821 -0.001280 1.654198 0.198493 1.136591 1.657871 0.539540 0.241683 0.364663 -0.003527 
3.854263 1.831853 -0.696213 1.156674 1.727658 0.282038 -0.652364 0.552871 -0.288854 -0.202914 0.028902 0.011223 
1.599255 -0.098340 1.878464 2.201127 1.943410 1.492012 0.210135 0.554677 0.871033 0.114102 0.311896 -0.041769 
1.689448 0.593364 0.944035 1.370114 0.472767 2.225367 0.839439 0.674666 0.587711 0.225140 0.100929 -0.070192 
1.156917 1.395625 1.720809 1.157636 0.637302 1.002333 1.466223 0.742153 0.657375 0.601029 0.054438 -0.070300 
0.963258 0.719000 2.223386 1.281845 -0.202546 1.092724 1.005454 0.608479 0.912179 0.257043 -0.027948 -0.049608 
0.941607 0.401749 2.156601 1.121029 1.148189 0.299718 1.321770 1.156399 0.262535 0.262497 0.176547 -0.044757 
0.473135 0.583602 0.994405 1.474022 2.140619 1.490290 2.081584 0.802294 0.162671 0.291268 0.011068 -0.062259 
0.729194 1.582598 0.993609 0.812265 0.759560 0.888299 1.725578 1.087124 1.502231 0.146807 -0.021784 -0.129510 
1.431454 0.182788 0.688840 1.282482 1.417685 2.184813 1.792008 0.522963 0.771416 0.302105 -0.030237 -0.106003 
0.883186 0.306076 0.693987 0.935410 2.267015 1.795889 1.508282 1.391036 0.777428 0.180428 -0.228585 -0.080897 
1.144242 0.749842 0.878397 1.149827 1.065574 1.765062 1.563250 0.960829 0.694045 -0.008922 -0.145561 -0.057719 
0.871601 0.721808 1.296381 1.135667 1.636262 1.076715 1.499572 1.371372 0.513869 -0.051895 -0.069535 -0.066552 
0.920250 0.785655 1.329268 0.901984 1.554220 1.536644 0.707556 1.318422 0.286918 0.430941 -0.086044 -0.113516 
0.641701 0.966001 0.822039 2.085554 1.860417 1.863499 1.023185 0.447136 0.752525 0.264943 0.200872 -0.111625 
0.827589 1.804796 0.554878 1.917456 1.534623 0.391465 1.060717 0.311028 0.719042 0.449739 0.097538 -0.134656 
0.745930 1.355174 1.213063 1.331434 1.613373 1.170835 0.516623 0.216851 0.509831 0.019124 -0.302826 -0.007308 
1.326510 1.215242 1.200223 1.260742 1.561936 0.681003 0.271694 0.552847 0.500656 -0.032096 -0.252398 -0.052701 
1.123623 1.026928 1.039916 1.566856 2.211734 1.528919 1.492042 0.091196 0.308811 0.028135 0.060286 0.012815 
1.311333 0.777569 1.112674 1.180264 1.633559 1.034903 0.986463 0.874699 0.592272 -0.125541 0.091357 -0.001688 
3.860065 -0.482069 1.870981 0.860465 0.913024 0.964613 1.159400 -0.080803 0.651758 0.643863 0.366306 0.061955 
5.664097 0.623225 0.457013 1.449349 0.418556 0.285936 0.700613 0.435396 1.159829 0.223951 0.166147 0.125919 
3.038607 2.475327 1.893932 1.652949 1.503753 0.963666 0.734567 0.604187 0.372912 0.181133 0.078823 0.028124 
3.411662 1.745625 2.927742 2.435554 1.459254 1.130343 0.811121 1.124537 0.547252 -0.233385 0.461613 0.103017 
2.773566 2.252498 2.132739 1.815891 1.483199 1.338772 0.826292 0.489792 0.477536 0.386698 0.233408 0.033560 
2.706919 2.114935 2.248273 2.131575 1.580449 1.683721 1.128682 0.391971 -0.093223 0.628887 0.183575 0.028276 
2.799235 1.753535 1.948830 1.695850 1.663677 1.317870 1.380018 1.021849 0.280778 0.287091 0.190460 0.031951 
2.902816 1.900092 2.427724 1.775528 1.987874 1.821112 1.186201 1.392829 0.754131 0.292717 0.374963 0.074334 
2.599292 1.620647 2.306366 1.134961 2.338877 1.295388 0.866133 1.328418 0.463272 0.292580 0.270292 0.027282 
2.757539 1.292133 2.337178 1.338428 2.565437 0.886525 1.407641 1.232501 0.730379 0.372497 0.511106 0.068297 
2.740980 0.822456 2.047151 0.572989 2.397640 1.544794 1.673905 1.282807 0.631847 0.555334 0.276791 0.036148 
2.438504 0.894759 2.303385 1.227154 2.229635 1.540249 1.615693 1.331987 0.767410 0.408380 0.419616 0.039012 
2.701044 1.104860 1.779693 0.996402 1.162786 1.237795 0.965280 1.090871 1.359031 0.553328 0.436477 0.025855 
2.621521 1.112966 1.933163 0.745398 0.975692 1.238964 1.469154 1.539101 1.115538 0.446872 0.272463 0.014260 
2.872834 0.950884 1.942194 -0.465702 1.422694 1.522795 1.622282 1.796271 0.468319 0.405854 0.254389 -0.027113 
-1.#IND00 -1.#IND00 -1.#IND00 -1.#IND00 -1.#IND00 -1.#IND00 -1.#IND00 -1.#IND00 -1.#IND00 -1.#IND00 -1.#IND00 -1.#IND00 
-1.#IND00 -1.#IND00 -1.#IND00 -1.#IND00 -1.#IND00 -1.#IND00 -1.#IND00 -1.#IND00 -1.#IND00 -1.#IND00 -1.#IND00 -1.#IND00 
