2.146524 0.761629 1.781628 0.204234 1.612247 0.977746 0.642084 1.088290 0.449240 0.559800 0.314232 -0.046865 
2.374757 0.813078 1.814472 0.778424 1.356757 0.216610 0.542044 0.545488 0.463753 0.109134 0.198827 0.032803 
2.258869 1.145115 1.981156 0.673751 1.007326 0.825190 0.944443 1.030393 0.841697 0.415356 -0.022151 -0.004264 
2.357407 0.902300 2.160070 0.495499 1.210936 0.848087 0.933347 1.292114 0.710427 0.590462 0.176569 -0.025153 
2.075652 1.105760 1.651153 0.878338 1.692384 0.283578 0.723839 1.295870 0.468793 0.408046 0.135815 -0.000862 
2.609935 0.780550 1.931217 0.145339 1.341070 1.673711 0.486484 1.042781 0.758523 0.546445 0.327951 -0.032385 
2.381108 0.756833 1.757421 0.325416 1.182886 0.460473 0.794953 0.734614 -0.041388 0.238600 0.118165 0.031664 
2.745482 0.807343 2.183494 0.803743 1.911796 0.453263 1.346712 1.676491 0.467826 0.570010 0.052177 -0.009895 
2.508715 0.728182 2.285001 0.568171 1.794886 0.742227 0.987846 1.380617 1.110251 0.181344 0.023012 0.027888 
2.460956 -0.263449 2.260027 0.193917 0.894973 0.232421 0.722786 1.498662 0.144917 -0.118190 0.158673 0.013331 
2.305597 0.605198 2.422427 0.300701 1.084622 0.851816 1.198290 0.908163 -0.214999 0.035613 0.177718 -0.051315 
2.465809 0.593970 2.773942 0.075821 1.351579 -0.351584 0.415826 0.596126 0.139893 0.155224 0.206794 0.058155 
2.545519 1.267101 2.318937 0.730407 1.017966 -0.459154 0.083481 0.322456 0.258183 0.058401 0.200227 0.031615 
2.515662 0.218499 3.353076 1.078812 1.108684 0.876313 0.896742 0.679627 1.157106 0.209834 0.268197 0.058655 
2.397333 1.893303 1.597783 0.642759 0.482346 0.613994 0.205530 -0.069153 -0.069419 0.056486 0.018543 -0.008132 
1.729343 1.022657 1.385625 0.118748 1.221167 1.169496 0.973725 0.200448 -0.153622 0.891650 0.091434 -0.007390 
1.766788 0.241630 1.444410 1.538400 1.315100 1.446863 0.611162 0.985589 0.134957 0.177506 0.122374 -0.005786 
1.312745 1.011469 1.648405 1.254303 1.097623 0.892055 1.090623 0.702199 0.403139 0.209205 -0.008931 0.002092 
0.936003 0.813400 1.437104 1.079199 1.454921 1.586939 1.172518 0.645246 0.876296 -0.036910 0.150909 -0.023702 
0.645372 0.827152 1.369103 1.418252 1.094270 1.585976 1.308737 1.029710 0.305117 0.254697 0.050020 -0.026311 
0.610787 0.820647 1.869487 2.264188 1.089124 1.034163 1.089543 1.127621 0.855943 0.045022 0.185429 -0.041118 
0.857970 0.714111 1.250364 1.885699 0.626364 1.596542 1.682646 0.777038 0.532446 0.384642 0.051814 -0.114310 
0.678640 1.237730 0.956434 0.979121 1.782459 1.681255 0.872962 1.080849 0.969844 0.220435 0.045156 -0.137014 
1.039921 0.762445 0.730839 1.373836 1.072630 2.172136 1.525885 1.267637 0.355686 0.014153 -0.122394 -0.029351 
0.846618 1.070463 0.598873 1.254280 1.638852 1.890821 1.461623 1.252378 0.470705 0.006311 0.018701 -0.087016 
1.306004 1.055203 1.374380 1.377741 1.199062 0.985672 0.638011 0.216604 0.658363 0.523424 0.079801 -0.060938 
1.151132 1.390515 0.692162 0.855174 1.588969 1.433488 1.079402 0.624565 0.920793 0.050853 0.152055 -0.101681 
1.039041 1.180451 0.783665 1.411373 0.501890 0.925925 0.825277 0.922560 0.665017 0.235442 0.009183 -0.109538 
0.578693 0.624183 1.734672 1.649285 1.704716 1.140081 1.156408 0.753494 0.428840 0.851576 0.082900 -0.125861 
0.922490 1.043910 1.578949 1.304245 2.205839 0.671874 0.776277 0.924554 0.981170 0.274933 -0.059660 -0.001247 
1.002193 0.986995 1.099126 1.797736 0.782324 2.197360 0.577764 0.477176 0.257579 0.638641 -0.170663 -0.012706 
0.850783 1.629738 2.304521 0.925558 1.141686 0.543055 0.633500 1.030941 0.866208 0.026309 0.040571 -0.023812 
0.552184 1.542418 1.444871 1.670892 2.197672 0.962016 0.696197 0.901904 0.851837 0.100802 -0.041477 -0.011651 
0.934719 0.841401 2.045231 0.865352 1.369651 1.282200 0.973833 0.423886 0.476767 0.428025 0.240800 -0.055250 
2.520563 -0.089243 2.316898 1.464353 1.081415 0.491076 0.941993 0.171959 0.415355 -0.218448 -0.101143 0.098420 
5.559658 0.213480 0.019997 1.329587 0.673675 0.536640 1.196719 0.543872 0.434827 0.117096 -0.025299 -0.017870 
3.802022 3.242863 2.942751 2.166897 1.461496 0.733090 0.278250 0.275392 0.248990 0.155259 0.224116 0.052036 
5.296918 3.822316 3.694000 1.876902 2.982112 1.486422 0.089084 -0.010662 -0.015392 0.292290 0.173593 0.040887 
4.893695 3.496750 4.516184 3.442325 2.150669 0.006401 0.271732 0.755919 0.164368 -0.338449 0.110173 0.071856 
4.512177 3.503188 4.157741 4.306726 2.107533 0.375267 1.133343 0.999487 0.208110 0.155675 0.155513 0.060250 
3.255517 2.033200 3.023658 2.214185 2.894898 3.061255 2.258974 1.837155 0.118462 0.018484 0.147766 0.096994 
3.651812 2.793598 4.371249 2.623072 3.116886 1.130103 1.233806 1.504666 0.199649 0.184500 0.183074 0.026353 
2.866686 2.159451 2.084536 1.775844 1.620844 1.441980 0.852064 0.884128 0.662133 0.404601 0.234536 0.041197 
2.535900 1.916023 1.815015 1.065295 1.312605 1.066378 0.449415 0.299757 0.146411 0.195853 0.176551 0.009725 
2.874787 0.838285 2.396379 1.092746 0.840628 1.122440 1.237274 0.580014 0.806022 0.101163 0.202468 0.056855 
2.785819 0.951177 2.397086 0.327927 1.389815 0.757156 0.140030 0.388979 0.159440 0.197550 0.058716 -0.007201 
2.304872 0.169888 1.548395 -0.411457 0.396368 0.454672 0.434305 0.086814 -0.291070 -0.141412 -0.044076 0.043948 
2.638288 0.989219 2.421460 0.522861 0.978408 0.905771 0.258490 0.347174 -0.184045 0.483566 0.110055 -0.012784 
-1.#IND00 -1.#IND00 -1.#IND00 -1.#IND00 -1.#IND00 -1.#IND00 -1.#IND00 -1.#IND00 -1.#IND00 -1.#IND00 -1.#IND00 -1.#IND00 
-1.#IND00 -1.#IND00 -1.#IND00 -1.#IND00 -1.#IND00 -1.#IND00 -1.#IND00 -1.#IND00 -1.#IND00 -1.#IND00 -1.#IND00 -1.#IND00 
