2.712559 0.442796 1.674049 -0.605814 0.217394 0.585789 0.092010 0.710305 0.293755 0.302585 0.246097 -0.000780 
2.774190 0.406150 1.806909 -0.481279 0.173560 0.278851 0.389366 0.499806 0.695232 0.002964 -0.000514 0.079302 
3.106044 0.653706 1.361621 -0.437275 0.413935 0.517394 0.487008 0.120538 0.263504 0.433309 0.067661 0.015983 
2.908047 0.521876 1.823334 -0.592000 0.326057 -0.357282 -0.059671 0.932598 0.272022 0.430562 0.202021 0.043251 
2.751839 0.927546 0.801878 -0.455606 0.493017 0.149534 -0.043451 0.695059 0.071127 0.540699 0.216368 -0.025527 
2.902778 0.286259 1.320662 -0.752372 0.676422 0.260050 0.697599 0.445444 0.516065 -0.079772 0.146376 0.059482 
2.860284 0.800758 1.159061 -0.865697 0.812012 0.225125 -0.315086 0.514928 0.456738 0.546684 0.191975 -0.005621 
2.866899 0.992384 1.194474 -0.706240 0.861268 0.348198 0.366195 0.455286 -0.025397 0.320628 -0.011862 -0.026548 
2.992034 0.792675 1.120371 -0.191150 1.845114 0.898675 1.095906 1.009237 0.258458 0.289377 0.228012 0.012322 
3.125538 0.403130 1.993203 -0.100703 1.649869 0.665147 1.074882 0.710652 0.745016 0.296090 0.112829 0.048039 
2.735749 0.373533 1.204873 -0.094896 0.757625 0.399991 0.620474 0.950660 -0.095669 0.018154 0.141888 0.023351 
3.039789 0.619583 1.619969 -0.106396 0.845479 1.720640 0.483548 1.364118 0.095647 0.087842 0.331695 -0.017556 
2.999573 0.101500 1.504738 -0.230474 1.303946 -0.142367 0.992917 0.495284 -0.396248 0.420011 0.295928 0.042181 
1.590651 0.898828 0.394207 0.283491 0.357291 0.288535 0.230200 0.173663 0.073459 0.044846 0.020163 -0.008138 
1.875360 0.325232 1.769573 1.748602 0.745608 1.179510 1.436136 0.700388 0.350787 0.213675 0.131442 -0.051406 
1.346071 0.554944 2.188121 0.904568 1.128831 0.767965 1.383098 1.195828 0.717175 0.050696 -0.037780 -0.024895 
1.302334 0.244472 1.489879 1.720687 1.369740 1.559980 1.789422 0.954266 0.544156 0.201573 -0.113310 -0.015737 
1.179111 0.883072 0.800519 1.590407 1.250658 1.489944 1.738739 0.302835 0.512612 -0.098171 0.112576 -0.017071 
0.522824 0.570070 2.760467 1.123607 1.236184 0.747516 0.993684 1.075346 0.709978 0.277320 -0.056281 -0.058248 
0.565052 0.429841 2.550569 1.379942 0.147457 1.128561 1.731734 0.371567 0.224557 -0.138375 0.057255 -0.029023 
0.503482 0.333789 1.498614 1.483891 0.956609 2.504825 1.272604 1.402565 0.738293 -0.087692 -0.110541 -0.059003 
0.816022 1.213247 1.486584 0.755587 1.726194 0.719682 1.406407 0.628299 0.806328 0.007085 0.000714 -0.051434 
0.873294 0.771502 1.233981 1.177831 1.131030 1.431802 0.569774 1.791891 0.325392 0.366011 0.046331 -0.121259 
0.624853 0.302171 1.058864 1.412151 1.862277 1.059891 1.976356 1.182276 0.669833 0.218469 -0.079232 -0.104959 
0.888505 0.695874 0.315380 1.211145 1.898008 2.118450 1.022269 1.110085 0.438612 0.022123 0.010608 -0.062624 
0.665142 0.443414 1.364356 1.017331 2.438757 1.567545 2.010169 0.588663 0.866162 -0.326956 0.018200 -0.010896 
0.455533 1.145713 1.019296 0.984342 2.126796 1.664739 1.080750 1.799286 0.500007 0.255771 -0.127201 -0.117690 
0.390620 1.199984 1.182371 1.808197 1.557570 1.865344 1.642900 0.975917 0.417421 0.170693 -0.084837 0.003456 
0.944572 0.780886 1.272249 1.624366 1.649834 1.003861 1.326242 0.748614 0.363123 -0.098113 0.033360 -0.021713 
1.201514 1.383463 1.379796 1.294961 1.114467 0.670382 0.144579 0.612315 0.438313 0.065470 -0.100738 -0.019357 
0.908881 1.729881 1.329385 1.473479 1.575103 0.685455 0.241372 0.232397 0.243742 -0.051940 -0.005739 -0.042091 
0.995050 1.125184 1.251910 1.355993 1.260461 1.255704 0.943279 0.733210 0.530811 0.023040 -0.109804 -0.043607 
2.052792 0.490195 1.230883 1.500905 1.401916 0.841571 0.314181 0.458782 0.742356 0.138220 0.119952 -0.001844 
4.079239 1.098589 1.090049 1.052208 0.827601 1.123340 0.265384 0.525746 1.021062 0.100813 -0.039285 0.011490 
4.486549 2.044956 0.145956 0.161430 0.949807 0.937165 0.373978 0.446773 0.651801 0.438622 0.260914 0.039700 
5.605209 3.677502 0.801133 -0.427519 0.192492 1.119366 1.156907 0.479582 0.075392 -0.042498 0.122866 0.090066 
5.455846 3.197288 3.704244 3.190670 2.024591 -0.125617 0.525434 1.206235 0.086325 -0.001743 0.162778 0.082734 
4.357069 3.413778 4.964198 3.465492 3.583327 2.111145 0.667952 0.962343 0.127023 0.162610 0.184908 -0.014712 
3.326222 1.907501 2.923237 2.633580 3.394155 1.741992 1.518532 1.645933 0.446294 0.461966 -0.020309 0.050283 
2.696030 1.533107 2.133663 1.557197 1.378009 1.217077 1.012779 0.580825 0.506763 0.324938 0.130168 0.011443 
3.065133 2.387967 2.000245 1.634146 1.832667 1.607441 1.757327 1.248487 0.906447 0.519199 -0.011923 0.043855 
3.150112 1.610818 2.285566 0.562442 1.490856 1.274655 1.217373 1.215965 0.569611 0.591134 0.443553 0.044770 
3.116354 1.445093 1.880309 0.596370 1.522797 1.092102 1.374940 1.369097 0.493700 0.514749 0.378049 0.031523 
3.031909 0.905226 2.428984 0.355392 1.792649 1.055497 1.186737 1.137673 1.298850 0.430827 0.179317 0.050244 
2.891741 0.845152 2.111096 -0.040340 1.401087 0.886127 0.496690 1.150639 0.382216 0.491002 0.138528 -0.017095 
3.107303 1.130039 2.407496 -0.103990 0.575248 1.020651 0.759089 1.456503 0.020731 0.200454 0.173376 -0.023029 
2.703468 1.152558 1.795860 0.057060 1.193792 0.800193 0.705878 0.742848 0.394543 0.369009 0.194012 -0.017103 
2.892241 1.180848 1.901005 -0.845944 0.524869 0.207770 0.241573 0.551516 0.190003 0.006303 0.105209 0.005500 
-1.#IND00 -1.#IND00 -1.#IND00 -1.#IND00 -1.#IND00 -1.#IND00 -1.#IND00 -1.#IND00 -1.#IND00 -1.#IND00 -1.#IND00 -1.#IND00 
-1.#IND00 -1.#IND00 -1.#IND00 -1.#IND00 -1.#IND00 -1.#IND00 -1.#IND00 -1.#IND00 -1.#IND00 -1.#IND00 -1.#IND00 -1.#IND00 
