2.400837 -1.171115 0.841145 1.915966 -0.555520 -0.601018 1.698462 1.238596 -0.073679 -0.084105 0.344875 -0.020943 
3.152754 0.542346 2.571476 -0.446108 0.317683 0.715297 2.078904 1.315059 0.415765 0.175316 0.135630 0.004965 
3.190570 0.627876 1.460417 0.391992 1.570526 0.977066 1.665958 0.278523 0.400406 0.060913 0.061065 0.055770 
2.955384 0.927234 1.921501 -0.482378 1.642406 1.148945 0.985730 0.252113 0.459095 0.403802 0.010655 0.023684 
2.348744 0.471039 1.672139 -0.120089 0.119579 -0.968969 1.117071 0.897026 0.108050 0.045179 0.190894 0.025669 
2.576689 0.693881 1.729653 -0.302962 1.256829 0.189422 0.189277 1.114397 0.584833 -0.146154 0.159379 0.007231 
2.834797 0.586535 1.391420 -0.664033 0.781558 0.832712 0.576584 0.456765 0.340145 0.091620 0.283025 0.036459 
3.061304 0.881897 1.592420 0.663844 0.924588 0.868724 -0.078380 0.662695 0.472748 -0.285943 0.221616 0.040945 
2.981830 0.870831 1.373741 -0.212084 1.046581 0.766705 0.964127 0.642828 0.299122 0.186346 -0.064098 -0.036888 
2.960136 0.943470 1.787726 -0.302031 1.339091 1.600269 0.694571 0.686609 0.581919 -0.031827 0.055356 0.017984 
3.109327 0.820270 1.590201 0.174076 1.203521 0.375432 0.911143 0.731624 0.485641 0.352529 -0.116261 -0.025199 
2.714433 0.900347 1.562360 -0.292074 1.262251 0.708463 0.768396 1.205231 0.268737 0.116948 -0.175186 -0.040006 
3.076633 0.850719 1.262061 -0.201798 0.242079 0.790913 0.336611 0.786256 0.676168 -0.027548 0.111800 0.044157 
2.969693 0.806819 1.631324 -0.276086 1.445359 0.447780 0.768856 0.483714 0.304408 0.380084 -0.060803 -0.004983 
3.435794 0.873439 2.086568 -0.073881 1.111572 0.789823 0.945232 0.438259 -0.101238 0.253832 0.000921 -0.011919 
2.926296 0.869724 1.985739 -0.103960 1.423554 1.116230 0.915245 0.611321 0.199832 0.389917 -0.039855 -0.051174 
2.333223 1.729455 1.611678 1.853133 1.877069 1.668925 1.246754 0.721754 0.145046 -0.141012 -0.076214 0.028329 
1.012858 1.305517 1.141023 1.513206 1.260891 1.036033 1.000820 0.663897 0.662801 0.826341 0.083418 -0.098725 
1.662177 0.441315 2.072142 1.339616 1.118779 1.040607 0.149903 0.609430 0.854064 0.392675 -0.068407 -0.042841 
1.150265 1.089001 0.737759 1.252749 1.639436 1.771660 1.376603 0.669353 0.433543 0.107182 0.198605 -0.048162 
0.902017 0.865617 1.508498 1.293039 0.630530 1.552833 1.202935 1.192791 0.788496 0.131516 -0.190286 -0.023993 
0.294891 -0.008494 2.287489 1.434058 1.325367 2.150964 1.814629 0.408576 0.736175 -0.331114 0.252535 -0.005936 
0.712506 0.186886 2.325534 2.342568 0.696906 0.951246 0.900141 1.067309 1.167485 0.294973 -0.190372 -0.028169 
0.729882 0.485114 2.245247 1.795787 0.868432 1.534010 0.891367 1.120785 0.414944 0.066190 0.208625 -0.063734 
0.858743 0.851809 1.819654 1.882107 1.546171 0.905939 1.119023 0.833367 0.343832 0.243826 0.137728 -0.068460 
0.922610 1.074847 0.918163 1.600647 0.951819 1.210469 1.655189 0.932751 1.040855 0.006900 -0.142681 -0.036806 
0.684401 1.670799 1.430514 1.668950 0.796914 0.400716 1.396992 0.789945 0.570766 0.313090 0.040290 -0.023648 
1.132443 0.955333 1.279785 1.163163 1.288263 1.699997 0.931440 0.532375 0.560046 0.103834 0.071427 -0.001794 
0.601014 0.805182 1.220209 1.385590 1.355348 1.854203 1.264264 0.928248 0.488427 0.391091 -0.121495 -0.025145 
1.056520 1.173370 0.882496 2.099233 1.051452 1.431029 1.323097 0.929617 0.255122 0.108837 0.235464 -0.058859 
1.148865 0.716846 1.243697 0.994390 1.451454 1.511974 1.029961 0.488532 0.641307 0.057200 0.128959 -0.070039 
1.232752 1.186561 0.751346 1.576218 0.804726 1.374944 1.130758 0.005923 0.527394 0.296800 0.095857 -0.097272 
0.971849 1.477036 0.808907 1.048125 1.294796 1.062316 1.651808 0.821267 0.192123 0.044270 0.083824 -0.095531 
0.712733 1.665293 1.525787 1.061628 1.293682 1.022579 0.725439 0.467339 -0.018550 0.295380 0.013449 -0.090684 
1.415013 1.428574 2.072189 1.561889 0.630561 0.331531 0.835302 0.633145 -0.007028 0.055187 0.163238 -0.035757 
1.233683 0.876675 1.539643 2.255825 0.975799 1.268744 0.651488 1.010811 0.254760 -0.016675 0.081404 0.009924 
6.335044 0.990735 -0.631205 1.068281 1.062708 0.659997 0.779456 0.490783 0.590556 -0.023637 -0.034710 0.030002 
6.694617 -0.068847 -0.225490 1.043610 1.832394 0.189772 1.189243 1.549883 1.195944 0.562805 0.179741 0.045372 
3.721074 3.131065 2.880673 2.169697 1.157216 0.438408 0.255671 0.365005 0.460478 0.434005 0.302161 0.088803 
5.289341 2.400185 0.339036 0.687147 1.400095 1.063440 1.005016 1.016224 0.946671 -0.066756 0.226274 0.105050 
4.271193 3.084919 3.195957 1.420156 1.081770 1.117730 0.730021 -0.121308 0.010286 0.060777 0.059671 0.018587 
4.459795 2.693104 3.794411 3.368419 1.746821 1.213725 1.357651 1.291024 0.253078 -0.057757 0.195649 0.049770 
3.729025 1.647586 2.877615 1.180321 1.007815 1.553013 1.523575 1.280118 0.678593 0.683266 0.204882 0.025868 
3.182144 0.861257 2.223186 -0.010055 2.750259 1.266053 2.342850 1.423967 0.674621 0.738552 0.149277 0.056821 
3.528515 1.435754 2.276922 0.923351 1.615134 1.772220 0.963150 1.937941 0.822134 0.024289 0.315635 0.054854 
3.096379 0.859881 2.402120 -0.221946 0.420667 0.503913 1.412498 0.843666 0.524698 0.396029 0.223575 0.023117 
2.964518 1.073529 1.472422 -0.111246 0.703038 0.940095 -0.054346 0.900063 0.042282 -0.056901 0.038718 0.025150 
2.787897 0.702929 1.421225 -0.067821 0.703465 0.233968 0.154314 0.149090 0.031735 0.163676 0.032091 0.041476 
-1.#IND00 -1.#IND00 -1.#IND00 -1.#IND00 -1.#IND00 -1.#IND00 -1.#IND00 -1.#IND00 -1.#IND00 -1.#IND00 -1.#IND00 -1.#IND00 
-1.#IND00 -1.#IND00 -1.#IND00 -1.#IND00 -1.#IND00 -1.#IND00 -1.#IND00 -1.#IND00 -1.#IND00 -1.#IND00 -1.#IND00 -1.#IND00 
