3.466577 0.662767 1.026255 -0.478862 1.297534 0.971303 1.463934 0.900370 0.163128 0.145274 0.195899 0.042465 
3.261948 0.245374 0.234394 -1.216260 0.871741 1.207619 0.308811 0.891739 0.394720 0.019772 0.001766 0.011012 
3.376347 -0.237725 0.403055 -0.810125 0.835318 0.626869 0.779199 0.863380 0.315786 0.327398 0.218182 -0.001906 
3.122717 0.360357 0.522419 -1.239562 0.738527 0.696778 0.298451 0.597904 -0.223546 0.366161 0.193271 0.007111 
3.160885 -0.065939 0.122435 -0.939952 1.202521 1.285634 0.445014 0.355567 0.156262 0.094705 0.084747 0.030860 
3.399874 -0.150299 0.356049 0.037770 1.402052 0.880574 0.501159 0.792854 -0.310942 0.558187 0.078996 -0.030515 
3.169646 0.378108 0.513738 -0.260643 1.375061 -0.010293 0.651535 1.001709 0.107195 0.206385 -0.084390 -0.002649 
3.281679 0.006634 0.471771 -0.926238 1.326393 1.012276 0.516663 0.457238 0.534829 0.650981 0.128543 -0.038166 
3.334303 -0.283478 0.411644 -0.876859 1.381484 0.353961 0.375708 0.505582 -0.133706 0.301582 0.124935 -0.023549 
3.072263 0.628778 1.041792 -0.579068 1.452044 0.830353 0.937094 1.108476 0.463104 0.394387 0.359056 -0.002916 
3.273045 0.620113 0.754508 -0.532648 1.642030 1.713000 1.109751 1.143303 0.078909 0.155211 0.191495 0.018448 
3.247890 0.646263 0.947772 -0.582210 0.796535 1.152717 0.819747 0.610940 0.631256 0.027050 -0.131171 0.010411 
3.383081 0.321335 0.036599 -0.989598 1.186134 0.089694 0.757904 1.116652 0.029512 0.134497 0.058490 0.021024 
3.225330 0.574283 0.298680 -1.281038 1.272068 0.367674 0.443209 0.957726 0.854443 0.236763 0.183063 0.005762 
3.249641 0.432253 0.319500 -0.942527 1.243425 1.562173 0.793578 0.954690 0.003045 0.527409 0.211721 -0.009749 
3.454068 -0.086167 0.435536 -0.558865 1.199478 0.982574 0.412429 0.457862 0.479559 0.266346 0.298507 0.018625 
3.416521 0.138632 0.549163 -0.909059 1.251871 0.361690 0.555964 0.666156 -0.025384 0.318707 0.070499 -0.017687 
3.266391 -0.274809 0.409130 -1.177768 1.360730 0.275241 0.664789 0.584590 -0.334303 0.330378 0.149336 0.016594 
3.536867 -0.087280 0.376198 -1.678512 0.647472 0.793107 0.201649 0.134395 -0.141838 0.213557 -0.115215 -0.044012 
3.202626 -0.307932 0.267355 -1.356937 0.963353 0.871057 0.194588 0.469439 0.178515 0.185979 0.083369 0.025721 
3.236774 0.221172 0.230987 -0.616575 1.105641 0.853781 1.087069 0.999425 0.494611 -0.035964 0.145754 -0.000696 
3.652775 0.197818 0.500398 -0.669200 1.513918 0.339557 0.850133 0.686747 0.502381 0.202702 0.284792 0.059925 
3.816478 -0.478490 -0.209847 -0.617671 0.787280 0.595235 0.958029 0.156365 0.802184 0.622155 0.441871 0.052875 
1.712488 0.352466 0.735928 1.277642 1.591867 0.915152 1.287540 0.728690 0.279032 0.548926 -0.084632 -0.088047 
0.920506 1.085265 0.336296 0.931290 0.732056 1.517188 1.538001 1.683979 0.089811 0.083834 -0.242872 -0.120305 
1.493164 0.974884 0.218691 0.940349 -0.147615 0.929023 1.110185 0.948032 0.401010 -0.312244 -0.122682 -0.126337 
1.392130 0.895566 1.009932 0.405397 -0.005700 1.366122 0.687147 1.019145 0.423967 -0.040155 -0.343548 -0.076038 
1.511800 0.986632 0.441997 0.953275 -0.209384 0.690034 0.869054 0.611993 0.861881 -0.158786 -0.248926 -0.098359 
1.460033 0.990870 0.519190 0.084575 1.386534 1.153287 0.916142 0.766516 0.691477 -0.327907 -0.137363 -0.085563 
1.336455 0.631898 -0.037748 0.577550 0.852229 0.967557 0.221005 0.326249 0.402641 0.143093 -0.536246 -0.095346 
1.509448 0.643431 -0.103811 0.073702 1.114251 0.419429 0.145253 0.356862 0.810008 0.477849 -0.543861 -0.070506 
1.484140 0.462748 0.075353 0.780774 1.141416 0.203371 0.233108 0.749983 1.053924 0.211528 -0.454873 -0.116948 
0.990362 1.028263 1.026019 0.575945 1.018109 0.713882 0.081259 0.977679 0.890568 0.080099 -0.173580 -0.099765 
1.215057 0.798020 0.975662 1.698720 1.365173 0.897286 0.192574 1.119498 0.740551 0.237899 -0.054426 -0.044247 
0.693602 1.100532 1.262548 1.528497 2.161924 1.755456 0.648772 0.754379 0.564920 0.030450 0.290517 -0.076063 
0.891240 0.905838 1.709744 0.996506 2.118852 0.719881 1.474030 1.105709 0.743179 -0.086137 0.213666 -0.056340 
1.535647 0.281900 2.186853 0.579505 1.007094 1.660760 0.757440 0.360047 0.428510 0.555677 0.342536 -0.125665 
1.255835 0.540130 1.262757 1.212172 1.861402 1.407344 1.255290 0.915168 0.633371 0.086894 0.011838 -0.035194 
0.992755 1.352710 1.024434 1.952234 1.300378 1.569200 0.758197 0.444322 1.102143 0.287928 -0.042593 -0.046643 
1.272898 0.375358 1.910419 1.161486 2.001955 1.124227 0.822061 0.734539 0.985382 0.163848 -0.059096 -0.012549 
1.702646 0.409767 1.421690 0.885295 1.583985 1.355574 1.791044 0.845302 0.681992 -0.005031 -0.097275 0.013969 
4.955866 0.330544 -0.771371 1.465787 1.365965 0.775256 0.942723 0.624700 0.272098 0.186767 0.215552 0.060562 
6.038741 0.746535 0.438513 1.076167 0.682232 1.324892 0.541420 0.626964 1.242751 0.605740 0.189223 0.058062 
3.637016 3.211585 2.621083 1.846167 1.060927 0.440962 0.211436 0.301775 0.426890 0.489744 0.387743 0.091096 
4.338464 3.648125 2.503352 1.224246 0.270345 0.122845 0.437589 0.707301 0.601537 0.306667 0.188676 0.031515 
6.448107 4.897681 2.950145 1.210082 -0.246308 -0.973129 0.328899 1.135119 0.865948 0.415680 0.282258 0.050699 
3.680272 3.353670 2.897753 2.189963 1.317487 0.631065 0.349806 0.302163 0.317295 0.308967 0.216327 0.049916 
2.845959 2.397648 2.176033 1.963214 1.642503 1.243836 0.925445 0.625025 0.238064 0.082513 0.028745 0.016317 
-1.#IND00 -1.#IND00 -1.#IND00 -1.#IND00 -1.#IND00 -1.#IND00 -1.#IND00 -1.#IND00 -1.#IND00 -1.#IND00 -1.#IND00 -1.#IND00 
-1.#IND00 -1.#IND00 -1.#IND00 -1.#IND00 -1.#IND00 -1.#IND00 -1.#IND00 -1.#IND00 -1.#IND00 -1.#IND00 -1.#IND00 -1.#IND00 
