3.096474 0.767466 0.570013 -0.351138 1.085344 0.242267 0.839149 0.651171 0.661298 0.143676 0.174221 -0.008355 
3.241033 0.787369 0.921512 -0.618864 0.703735 1.021390 0.815310 0.395279 0.072184 0.408299 0.239284 0.033932 
3.112005 -0.044553 0.850549 -0.990479 1.276338 0.673054 0.390988 1.324614 -0.162416 0.244225 -0.117500 -0.060499 
3.115260 0.362979 0.879991 -0.295093 0.979857 0.890001 0.787786 0.338282 0.108091 0.391641 0.086642 0.008019 
3.324889 0.620819 1.207080 -0.877326 1.274188 0.181375 0.139051 1.114706 0.564385 0.415051 0.358116 0.006423 
3.060507 0.560972 0.449293 -0.497832 1.108089 0.926967 0.964873 0.524244 0.064740 0.292216 0.209870 0.026360 
2.871162 0.740651 0.990994 -0.107981 0.676698 1.575615 1.584674 1.082027 0.342375 0.355980 -0.004327 -0.046456 
3.372232 0.333000 0.999800 -0.383280 0.950176 0.899110 0.968639 0.902101 0.282247 0.373781 -0.012571 -0.050006 
2.997409 0.298213 0.658031 -1.015640 1.042600 0.958528 0.697364 0.365959 0.273342 0.351431 0.096972 0.000186 
3.045733 0.217322 0.423580 -0.527337 1.179374 0.421066 0.237940 0.317274 0.212963 -0.083124 0.311533 0.064297 
3.317750 0.662608 0.970951 -0.424430 1.033516 1.152380 1.001302 0.764309 0.085849 0.094492 0.146705 0.020196 
3.273732 0.270325 0.492497 -0.024912 1.262250 0.581047 0.699395 0.803298 0.432308 0.525435 0.318570 0.003551 
3.272193 0.166279 0.336414 -0.445484 0.605314 0.369070 0.316875 0.577971 0.202160 0.378034 0.094254 0.004282 
3.064744 0.298688 0.631188 -0.691143 0.809426 0.933589 1.008438 1.098836 0.079874 0.403738 0.367917 0.004656 
3.453691 0.267116 1.092799 -0.551067 1.483068 0.604692 1.387973 1.250202 0.292180 0.426530 -0.198779 -0.083417 
3.152416 0.186295 0.035195 -1.124069 1.360471 0.824666 0.563910 1.222577 -0.254937 0.124844 0.072937 -0.059371 
3.323873 0.038467 0.067548 -0.515249 0.836137 0.450930 0.290875 0.673447 0.319132 0.340027 0.055452 0.036384 
3.069245 0.028502 0.683500 -0.961458 1.983721 1.104589 1.354272 0.342185 0.093426 0.255335 -0.030958 -0.012947 
3.311489 0.326885 0.813218 -0.134856 1.995509 1.452733 1.090609 1.195428 0.661243 0.508556 0.159459 -0.035266 
3.572432 0.223425 1.134756 -0.734691 1.358766 1.308230 0.532582 0.858081 0.424366 0.589090 0.326516 -0.012063 
3.339472 0.309237 1.174237 -1.207086 1.249215 0.325466 0.879107 0.772864 -0.007381 0.471558 0.343447 0.034693 
1.159293 0.553502 0.670766 0.141673 0.454595 0.691726 -0.073972 0.180337 0.764435 0.555136 -0.154809 -0.172818 
0.814783 1.185335 0.198609 -0.319996 0.720755 0.922902 1.016811 0.780503 0.542091 -0.141008 -0.126603 -0.167147 
1.523880 0.505577 -0.151605 0.586997 0.812508 0.414517 1.056517 0.791520 -0.205059 -0.037081 -0.335333 -0.198579 
1.017632 0.892454 0.206506 0.445156 1.018631 0.490545 0.599836 0.487324 0.210892 -0.188371 -0.506088 -0.148583 
1.483817 1.299837 -0.670064 0.138208 0.403863 1.286620 0.012217 -0.087613 0.639865 -0.118100 -0.682264 -0.062738 
1.674264 1.222164 -1.110322 -0.721234 1.345561 1.075108 -0.885132 -0.021227 0.794939 -0.474789 -0.491403 -0.203703 
1.389386 0.918874 -0.424232 0.020047 0.840858 0.422375 0.684468 0.937493 0.659509 -0.144679 -0.239801 -0.172901 
1.391542 0.360757 0.224146 0.162846 0.786725 1.368089 -0.103645 1.214635 1.133250 0.034394 -0.523964 -0.126801 
1.528966 0.862419 -0.032185 0.263029 1.432686 0.780439 -0.159762 1.225254 1.208502 -0.004296 -0.590667 -0.143820 
1.296774 1.250738 0.112390 0.469651 1.111051 0.444434 0.750309 0.841481 0.957894 0.068220 -0.220007 -0.090399 
1.602644 1.140153 1.013892 0.633864 1.131324 0.683857 0.609022 1.142670 1.251580 0.050581 -0.209104 -0.048174 
1.202764 0.893713 1.423505 1.506559 1.588250 1.328954 1.113871 0.847171 0.258876 0.238748 0.055638 -0.038455 
1.695707 0.382480 1.456066 1.487111 0.858790 0.982784 1.257605 1.121972 0.980995 0.166005 -0.049740 -0.047376 
2.573123 -0.049053 1.460811 1.614882 0.815387 0.665548 0.963684 0.781802 0.336581 0.328027 0.204092 -0.024487 
1.906986 0.046702 2.018654 0.973706 1.915632 0.687926 0.944582 0.435510 0.867883 0.065966 0.363601 -0.035237 
1.596430 0.259036 1.486250 0.963742 1.877176 1.586818 0.946541 1.122405 0.044924 0.411095 0.194408 -0.081922 
2.844268 -0.637072 1.919565 0.891547 1.059291 1.218196 1.262926 0.982465 0.706236 0.024437 0.168134 0.017955 
4.465975 -1.128703 1.646296 0.335571 1.777745 0.894736 1.094725 1.356978 1.203594 -0.025531 0.005077 0.131012 
5.389143 0.284597 0.750521 1.194534 -0.058083 0.925899 1.842430 -0.109811 -0.079839 0.508832 0.463426 0.079564 
4.933102 2.587501 0.459754 0.494507 1.207003 0.687686 -0.096457 0.103990 0.459515 0.367694 0.401818 0.106490 
6.206218 2.798508 -0.427474 -0.204098 1.509112 1.369353 0.154710 0.148269 0.550239 0.386025 0.334263 0.065425 
3.687140 3.097365 2.378137 1.569646 0.908818 0.600534 0.556356 0.612823 0.495203 0.323061 0.270037 0.047755 
3.251465 2.714398 2.160104 1.558231 1.050961 0.756090 0.672836 0.669580 0.601551 0.457253 0.271251 0.038732 
3.400609 3.037852 2.702459 2.477895 2.059493 1.684386 1.323413 0.690987 0.535324 0.305454 0.056365 0.030829 
4.542455 3.865178 3.626856 3.284917 2.786649 2.494287 1.804946 0.884937 0.247405 0.080342 0.160896 0.024463 
2.918868 2.243604 1.950177 2.099508 1.714044 1.323484 1.346640 0.430287 0.319826 0.461719 0.274809 0.044952 
3.026642 2.200842 1.937343 1.705974 1.501581 1.459169 1.285374 1.085838 0.791795 0.476329 0.255750 0.048155 
-1.#IND00 -1.#IND00 -1.#IND00 -1.#IND00 -1.#IND00 -1.#IND00 -1.#IND00 -1.#IND00 -1.#IND00 -1.#IND00 -1.#IND00 -1.#IND00 
-1.#IND00 -1.#IND00 -1.#IND00 -1.#IND00 -1.#IND00 -1.#IND00 -1.#IND00 -1.#IND00 -1.#IND00 -1.#IND00 -1.#IND00 -1.#IND00 
