3.091623 0.496019 0.190136 -0.365380 0.642978 0.747961 0.028628 0.590831 -0.012866 0.364104 0.201233 0.011188 
3.096928 0.136987 0.976683 -1.109813 1.192342 0.616869 1.037635 1.244412 0.561852 0.048346 0.120908 -0.041777 
2.783551 0.250704 0.578043 -0.655052 1.057721 0.995381 0.413020 0.822635 -0.143213 0.260835 0.049590 -0.041974 
3.006183 0.482675 0.370411 -0.921915 0.928770 0.607099 0.665442 0.274502 0.400950 0.385112 0.055584 0.002126 
3.495152 0.506439 0.431274 -0.769642 1.450454 1.311401 0.271054 0.384600 -0.089889 0.420593 0.102459 -0.004905 
3.317763 0.093618 0.187318 -0.151347 1.191371 0.497038 1.046511 0.538449 0.306219 0.210818 0.124097 -0.031440 
3.250120 0.334155 0.742288 0.043697 1.588862 0.581706 1.558290 0.789475 0.336582 0.410823 0.078687 -0.003158 
3.330408 0.475726 0.289868 -0.633677 1.002773 1.352779 0.462769 0.648131 0.068738 0.055573 0.020576 -0.013276 
3.514069 0.204471 0.664982 -0.796279 1.028887 1.088850 1.109874 0.560678 0.256863 0.408399 0.147630 -0.005577 
3.465581 0.294924 1.042987 -1.203522 1.498184 0.956232 0.347682 0.366529 0.559847 0.061829 0.109527 0.055580 
3.367668 0.290035 0.778859 -0.786909 1.600106 0.148882 0.445756 1.157558 0.125273 0.038963 0.240086 0.050186 
3.183367 0.034972 0.685219 -1.046093 1.417474 1.282159 1.101296 0.865805 0.291138 0.307671 -0.025368 -0.015483 
3.156073 0.269664 0.320685 -0.973118 0.257535 0.277178 0.476762 0.534412 -0.040461 -0.069340 0.185495 0.037766 
3.129496 0.931222 0.800524 -0.310211 1.225354 1.773040 1.174276 0.338693 0.643952 -0.144959 0.117598 0.041601 
3.106003 0.381446 1.054508 -1.472844 0.395914 0.405967 0.141868 1.135930 0.262626 0.071889 0.063759 -0.008087 
3.240434 0.214866 1.060665 -0.802963 1.324856 0.608036 -0.073529 0.962584 0.470445 0.410085 0.353896 -0.022039 
3.433070 0.632841 0.553956 -1.069522 1.071063 1.035094 1.192862 0.516607 0.397093 0.259774 -0.008594 -0.009870 
3.519662 0.329031 1.063027 -0.698184 1.459560 1.021386 1.071535 1.081155 0.100089 0.034902 0.270861 0.033301 
3.605897 0.862506 0.490983 0.462965 1.318174 0.964385 1.837962 0.516428 0.439017 0.497905 0.244172 0.027061 
3.360242 0.381500 0.416771 -0.110785 1.459020 0.652752 0.343014 1.038129 0.161613 0.135441 0.249190 0.001581 
3.318095 0.010807 0.311104 0.327709 0.721418 0.885810 0.585889 0.828742 0.223582 -0.051727 0.140644 0.023353 
3.436136 0.171324 0.804130 -1.067188 0.861411 1.133617 1.192321 0.258175 0.160303 0.455376 0.172074 -0.001120 
1.764861 0.705252 0.985368 -0.307411 -0.381462 0.463628 1.182310 0.451387 0.237263 0.065860 -0.472055 0.038013 
1.516383 0.631527 0.306645 0.516993 0.983551 1.206698 0.317072 1.079371 1.458820 0.100894 -0.668014 -0.109821 
1.799505 0.887121 -0.289477 -0.025639 1.148109 1.046350 0.919190 0.145752 0.446273 0.125200 -0.507366 -0.166800 
1.576691 0.699221 1.123583 -0.220640 0.644033 0.304506 0.897467 0.088324 0.496972 -0.417757 -0.413035 -0.102882 
1.240585 1.304616 -0.196897 -0.162279 0.690990 1.193046 0.364820 0.041020 0.043824 0.045679 -0.564587 -0.103038 
1.292535 1.003228 -0.197664 -0.227995 1.194694 0.788503 0.399442 0.308525 0.471803 -0.361102 -0.500847 -0.125596 
1.829716 1.006218 -0.439174 0.168627 0.876420 0.668994 0.889571 0.630922 0.613750 0.088908 -0.374233 -0.100663 
1.090414 0.795459 0.350014 0.721900 0.651743 1.143826 0.777141 1.165493 0.314664 0.170517 -0.391940 -0.062791 
1.262479 0.789274 0.160824 0.915156 0.771110 1.085522 1.353706 0.764607 1.273160 0.240697 -0.336191 -0.111911 
1.720225 0.947556 -0.113895 1.259605 1.230164 0.728757 0.533117 1.285081 1.151540 0.212329 -0.272225 -0.110554 
1.185932 0.472695 2.333608 0.922966 1.492393 0.853305 0.530856 0.799366 0.843448 0.495101 -0.222879 -0.024148 
0.715754 0.726392 1.912023 1.635758 1.453593 0.983671 1.489527 1.274804 0.057820 0.174764 0.024527 -0.021806 
1.135808 1.174204 0.480841 1.124410 1.370506 1.856299 1.194024 0.782268 0.294316 0.362199 0.163634 -0.085088 
1.494660 0.320447 1.647302 1.004206 1.042491 1.584752 1.133514 1.131573 0.228456 0.406196 -0.188155 -0.034212 
0.967337 0.736877 1.423758 1.181886 2.200390 1.777973 0.879901 0.357941 0.847875 0.509825 -0.195407 -0.012718 
1.158278 1.153828 1.485691 1.232778 1.292171 0.649324 0.976381 1.046302 0.990305 0.002877 -0.015911 -0.018811 
2.238074 0.269730 2.000507 0.490054 1.177411 0.696108 1.453764 0.450191 0.363081 0.034048 0.120849 0.022119 
3.028461 0.249203 1.171747 0.297482 1.373494 1.127956 0.369707 0.824285 0.949891 -0.159528 0.073555 0.039771 
5.066020 2.557789 0.587619 0.212339 0.805230 1.017462 0.558145 0.418566 0.463618 0.147680 -0.003697 -0.016299 
4.157739 3.512662 2.439728 1.110718 0.218605 0.121548 0.313510 0.477651 0.481252 0.285958 0.091503 0.022297 
3.954514 3.245483 2.130295 0.927574 0.216268 0.135513 0.401996 0.599590 0.494779 0.241915 0.057088 -0.003300 
4.024140 3.269472 2.109145 0.983398 0.494328 0.571267 0.843725 0.889184 0.650595 0.348382 0.147007 0.006808 
3.403151 2.984506 2.452911 1.727165 1.148299 0.799664 0.526182 0.383625 0.435336 0.322638 0.207758 0.034041 
3.146362 2.611030 2.192346 1.682244 1.117114 0.707799 0.518107 0.462006 0.420725 0.363704 0.254519 0.037167 
3.566747 2.606858 2.587328 2.820945 3.013533 2.175257 1.131619 0.607297 0.187683 0.322309 0.192247 0.034758 
2.856549 2.296285 2.117905 1.735222 1.323536 1.173883 1.276899 0.948123 0.521915 0.259282 0.147984 0.025829 
-1.#IND00 -1.#IND00 -1.#IND00 -1.#IND00 -1.#IND00 -1.#IND00 -1.#IND00 -1.#IND00 -1.#IND00 -1.#IND00 -1.#IND00 -1.#IND00 
-1.#IND00 -1.#IND00 -1.#IND00 -1.#IND00 -1.#IND00 -1.#IND00 -1.#IND00 -1.#IND00 -1.#IND00 -1.#IND00 -1.#IND00 -1.#IND00 
