3.460244 0.285624 1.114850 -0.328869 1.384255 0.979805 -0.122719 0.586126 -0.071081 0.154918 0.261299 0.025491 
3.422227 0.981393 1.702248 -0.444736 1.121068 1.058154 0.570770 0.484043 0.541158 0.567087 0.185769 -0.000576 
3.485019 0.987016 1.184556 -0.941768 1.676072 1.363977 0.704326 1.034045 0.319152 0.074244 0.210485 -0.006851 
3.232423 0.477974 1.188680 -0.150839 1.137210 1.310860 1.059186 1.356653 0.584891 -0.061383 0.186272 0.004610 
3.303117 0.670204 0.890054 -0.296785 0.075652 0.860660 0.804134 0.639599 -0.150928 -0.265260 0.108314 0.074390 
3.572088 0.642867 1.510315 -0.029093 1.876061 1.351553 2.202519 0.729816 0.304421 0.589614 0.095376 0.028016 
3.417237 0.295363 0.846472 -0.084974 1.448169 0.905688 0.719852 0.326714 0.699873 0.430837 0.066485 0.017119 
3.315067 0.934228 1.219364 -0.259619 1.400053 1.340007 1.367652 1.457824 0.220469 0.024842 0.089853 0.006287 
3.313478 0.789795 1.414324 -0.697070 0.111113 0.678131 0.395062 0.404666 0.264841 0.098846 0.095226 -0.018198 
3.569547 0.659478 1.170175 -0.461767 0.443110 0.808293 0.750705 0.268045 0.274127 0.321728 -0.056261 -0.015160 
3.254710 0.477213 0.811445 -0.256243 1.047686 1.518149 0.733728 1.254044 0.236708 -0.094941 0.037388 0.025706 
3.164893 0.544307 0.660853 -0.793797 0.889597 0.992189 0.236606 0.205019 -0.404191 0.345152 0.098647 0.000604 
3.508934 0.673477 1.290674 -0.994033 1.363860 1.167110 0.190944 0.370030 0.361868 0.224165 0.031247 0.005424 
3.204096 0.087759 1.144505 -0.496153 1.514755 0.334437 0.525893 0.759014 0.313424 0.389015 -0.125119 -0.012243 
3.231054 0.244373 0.604886 -1.066447 1.189300 0.611207 0.466485 0.633014 0.048621 0.631349 -0.011848 -0.042404 
3.230428 0.185320 1.138848 0.281778 0.810930 0.327259 1.080711 0.662137 0.529696 0.438859 -0.025612 0.003912 
3.391160 0.730230 1.468852 0.338911 1.328014 0.989959 0.575110 1.085984 0.332670 0.806633 0.234663 -0.036537 
3.181358 0.063939 0.325794 -0.638528 0.688626 0.329301 0.632235 0.487726 0.351138 0.103911 0.081761 0.014663 
3.286925 0.478645 0.964085 -0.786065 0.720819 0.959735 0.837115 0.922827 0.261286 0.032783 0.186237 0.053607 
3.381192 0.568053 0.760800 -0.666763 1.456397 1.235024 0.498929 0.708854 -0.147070 -0.128095 0.126406 0.045771 
3.226405 0.532717 0.719570 -1.177113 0.592194 1.118408 0.647243 0.634062 0.500371 0.419395 0.089104 0.032363 
3.017694 0.252261 0.631920 -0.344379 1.477432 0.628801 1.090395 0.780361 -0.015063 0.117790 -0.122833 0.013228 
3.379815 0.992041 1.447296 -0.432469 1.145683 1.422581 0.965346 0.659617 0.613630 0.301037 0.302381 0.039239 
3.193380 -1.854390 0.834537 -0.930885 0.977149 -0.755475 0.010831 -0.277548 0.204673 0.610737 -0.088657 -0.027657 
1.374053 0.738492 -0.169451 1.054238 1.632806 1.953864 0.952886 0.451950 0.954960 0.094234 -0.341316 -0.079485 
1.252513 0.787055 0.192947 0.207168 2.253654 1.473178 0.270216 1.159146 1.042968 0.026853 -0.526481 -0.108554 
1.114433 0.781806 -0.051150 0.342799 1.524508 1.237866 0.736135 0.598711 0.437484 0.012483 -0.486371 -0.158381 
1.387037 0.840869 0.358774 0.045373 1.102827 1.211516 0.517468 1.299047 0.226989 -0.572380 -0.182149 -0.134370 
1.342345 0.667202 -0.072495 1.335964 0.718083 1.619946 0.770083 0.236137 0.622578 -0.167043 -0.506290 -0.045991 
1.718447 0.912538 -0.134657 -0.088006 1.481688 0.550066 -0.074121 0.106782 0.550396 -0.526221 -0.347807 -0.127338 
1.146290 0.894960 0.205187 0.971480 0.960221 1.371679 0.135848 0.479198 0.452154 -0.178120 -0.338582 -0.092305 
1.007990 1.249789 0.739310 0.173465 0.647629 1.175168 0.759906 1.106067 0.649767 0.239175 -0.204425 -0.132326 
0.766995 0.721844 1.151586 1.900292 1.475481 1.184925 1.494155 0.909778 0.838537 -0.014263 0.170982 -0.082964 
0.359199 0.828289 1.414747 1.845402 1.709096 1.934322 1.398773 0.836542 0.112233 0.691277 0.056065 -0.099538 
0.334441 0.991117 1.125491 2.212254 1.619583 1.817151 1.538127 0.564947 0.510289 0.443748 0.016380 -0.059045 
0.581847 1.195223 1.954838 1.688417 0.789900 1.646601 1.121799 0.530918 1.028302 0.506399 0.086056 -0.092911 
1.151881 0.779524 0.394384 0.924979 3.054709 1.598691 1.609670 0.464296 0.500773 0.560417 -0.014099 0.008467 
1.420133 0.659671 1.075322 0.912981 2.039886 0.677234 1.048671 0.482251 0.378905 0.070369 0.064224 0.067697 
1.198597 0.983802 1.186389 1.761831 1.036729 0.453443 1.113086 1.444065 0.628233 0.054740 0.043123 0.033032 
3.596275 -1.167503 1.895795 0.664691 1.405224 1.284035 0.692906 0.715354 0.320283 0.226166 0.227186 0.019523 
3.454708 -1.094432 2.056363 0.555312 1.392637 0.085662 1.333929 0.612581 0.491790 0.556850 0.014875 -0.022632 
3.906878 3.423344 2.474991 1.458474 0.748616 0.441316 0.269534 0.152437 0.190674 0.309453 0.334384 0.071720 
3.194677 2.743422 2.296586 1.782772 1.148791 0.614832 0.359865 0.298383 0.349305 0.342298 0.290254 0.037079 
2.867954 2.403002 2.167375 1.927869 1.637763 1.308709 0.988593 0.696853 0.443185 0.267686 0.119477 0.033930 
3.876026 3.504359 3.162839 2.557238 1.539766 0.728683 0.558841 0.530063 0.401709 0.294882 0.285041 0.073906 
3.706774 2.956365 2.314241 2.084667 2.186645 2.187584 1.529586 0.665777 0.094877 0.147042 0.334059 0.082413 
3.288329 2.742604 2.643164 2.608859 2.259900 1.933142 1.328340 1.071778 0.262692 0.165405 0.259909 0.056633 
2.446625 1.878876 1.603267 1.242962 0.917467 0.729086 0.542936 0.444399 0.368098 0.225280 0.126897 0.022930 
-1.#IND00 -1.#IND00 -1.#IND00 -1.#IND00 -1.#IND00 -1.#IND00 -1.#IND00 -1.#IND00 -1.#IND00 -1.#IND00 -1.#IND00 -1.#IND00 
-1.#IND00 -1.#IND00 -1.#IND00 -1.#IND00 -1.#IND00 -1.#IND00 -1.#IND00 -1.#IND00 -1.#IND00 -1.#IND00 -1.#IND00 -1.#IND00 
