3.357447 0.193142 0.835465 -0.991184 0.972632 0.267331 0.176093 0.276188 0.035695 0.253525 -0.176239 -0.037447 
3.452118 0.494493 0.575890 -0.227858 1.026416 0.216584 0.855297 1.196162 0.499981 0.400262 0.089773 -0.012902 
3.614798 0.053426 0.680981 -1.079978 1.067710 0.885557 0.448847 0.625666 0.903658 0.371984 0.037962 -0.031223 
3.627883 0.512365 0.612370 -0.468400 0.018416 1.440934 0.387522 0.296089 -0.324511 -0.172449 0.187709 0.094853 
3.145097 0.098370 0.950634 -0.778912 0.755317 0.367645 0.153851 0.366320 0.322604 0.380666 0.236002 0.032772 
3.343209 -0.250697 1.230400 -1.058542 0.774974 -0.226683 -0.137664 0.614526 -0.030999 0.218923 0.357844 0.058293 
2.421958 0.745710 0.191532 0.325904 -1.559492 -1.841972 0.468824 -0.142063 -0.888311 0.149040 0.353085 0.097908 
1.812283 2.870789 -1.059388 -1.931546 0.310028 0.811921 -0.183389 -0.908460 0.552477 1.338725 0.237458 0.364222 
3.259568 0.500334 1.257718 -0.477692 1.464356 0.550473 0.754117 0.533508 0.553256 0.633610 0.217842 -0.009889 
3.401127 0.415312 0.786353 -0.683353 1.953376 0.892988 0.904266 0.900579 0.404155 0.284796 0.226971 0.024251 
3.327857 0.424789 0.568678 -0.595350 1.473951 0.624514 0.580694 0.953931 0.278075 0.190319 0.151547 -0.031205 
3.143612 0.045983 0.610769 -1.118377 1.385579 1.179479 0.542087 1.145806 0.113771 0.381920 0.026313 -0.074612 
3.521921 -0.007368 0.636207 -0.912743 1.493317 1.117970 1.002578 1.257055 0.236650 0.071038 0.059649 -0.014649 
3.561291 0.402879 0.777510 -0.475361 0.860192 0.759785 0.744188 0.910764 0.590650 0.338192 0.220224 0.023211 
3.163790 0.135271 0.654848 -0.337646 0.843388 1.453919 0.574916 1.478738 0.406645 -0.185651 0.041779 -0.050900 
3.396157 0.370579 1.196804 -0.730114 1.114170 1.126733 0.685221 0.449350 0.576231 0.083190 0.030428 0.049065 
3.142443 0.288824 0.645605 -0.728508 0.699054 0.110628 1.111253 0.620929 0.218087 0.187927 0.031232 0.026351 
3.400376 0.176285 1.038153 -1.076780 0.953776 0.335730 1.044713 0.602193 0.166726 0.344804 0.108699 0.010281 
3.464956 0.633272 0.898933 -0.479600 0.837646 0.662510 0.359633 0.702083 0.312254 0.597954 0.172622 -0.008717 
3.139349 0.581808 0.873190 -0.382544 0.916910 0.725078 0.390286 0.436534 0.113458 0.393996 -0.166227 -0.021298 
3.441208 0.354649 0.191180 -0.354719 0.758050 0.044978 0.562313 0.300239 -0.085956 -0.087225 -0.015851 0.046053 
3.238826 0.543154 0.774192 -0.556063 1.260305 0.823495 0.814997 0.882400 -0.279920 0.271211 0.116532 -0.001647 
3.341428 0.105002 1.062414 -0.462598 1.153966 0.826364 0.009262 1.266489 0.607429 -0.007066 0.012015 -0.009256 
1.585942 0.726089 -1.058559 0.828685 0.808620 1.065593 1.423030 1.018825 0.854360 0.344773 0.068846 -0.149929 
1.468040 0.647214 -0.035174 0.751158 0.546508 2.274823 0.565079 1.167964 0.524147 0.129562 -0.510771 -0.100172 
0.894714 0.823988 -0.183208 0.529642 1.847300 1.659549 0.312335 0.484525 0.635589 -0.426432 -0.298658 -0.163856 
1.171842 0.667655 0.285691 0.247718 1.239235 1.463632 0.554269 0.177462 0.334967 -0.213366 -0.345441 -0.121084 
1.491109 0.417541 0.579021 -0.306163 1.615210 0.743420 1.658720 0.940647 -0.156788 -0.537952 -0.238817 -0.055775 
1.831021 0.242718 -0.327179 -0.444965 1.383740 0.984016 -0.325298 1.150085 0.326131 -0.321517 -0.443671 -0.168269 
1.290542 0.855063 -0.470034 -0.201952 0.925640 1.082246 0.328745 0.419430 0.428693 0.084002 -0.644769 -0.075418 
1.144175 0.828398 -0.651899 0.577401 0.813845 0.610713 0.413390 0.684534 0.947752 -0.034879 -0.498607 -0.206707 
0.939741 1.065764 -0.202837 0.602702 0.516028 0.744193 0.640129 0.445972 1.373868 0.064577 -0.338592 -0.233690 
0.964957 0.634507 1.441939 2.048749 0.976032 1.351876 1.297717 1.021461 1.021492 0.011889 -0.035296 -0.016425 
0.799148 1.205147 1.050106 1.278732 1.025100 1.907377 1.333023 0.936413 0.191471 0.312595 0.282030 -0.109959 
0.910529 0.933888 0.709880 1.494257 1.876539 1.755451 0.964370 1.034807 0.357775 0.493859 0.154153 -0.098837 
0.987692 0.691410 1.171552 1.875417 0.552080 2.021396 2.034559 0.912542 0.327525 0.176198 -0.003465 -0.021605 
1.138239 0.883403 2.078668 1.700339 1.410460 1.453119 1.153233 0.535160 0.601653 0.498899 -0.114889 0.018563 
1.370480 1.061461 1.562247 1.304016 1.188069 1.611417 0.757970 0.724252 0.641805 0.214350 -0.112948 0.041027 
1.206473 0.826284 0.714396 1.563596 1.022561 1.233941 1.147202 1.012287 0.588826 0.167651 0.123475 -0.041551 
0.836905 0.751012 1.178378 1.898224 1.525203 1.116692 0.681340 0.706405 0.523209 0.304998 0.057314 -0.041842 
1.426707 0.510163 1.908577 1.239024 1.668531 0.714971 0.905734 0.733191 0.866955 0.220200 0.055204 -0.027322 
3.249679 -1.491839 2.584209 0.574108 1.791559 0.690256 2.013558 0.354134 0.629046 0.482648 -0.018355 0.080802 
5.524518 -2.395450 1.979064 1.340938 0.395473 1.688357 0.723481 0.990889 1.206264 0.203932 0.055800 0.053042 
6.915322 3.400486 -0.667346 -0.706959 1.636951 1.399830 0.434092 -0.009659 0.295421 0.144487 0.117369 -0.007335 
6.597110 4.239798 0.815081 -0.569225 0.468690 0.988060 1.117469 0.727776 0.490350 0.138428 0.183493 0.093244 
4.172007 3.842381 3.063667 2.025705 1.212648 0.599734 0.271502 0.213954 0.243457 0.324682 0.282992 0.091682 
3.964569 3.580430 3.012361 2.202495 1.271721 0.516743 0.304407 0.351573 0.387497 0.363233 0.303132 0.086914 
3.938169 3.687461 3.553206 2.853203 2.037687 1.085540 0.292793 0.110929 0.182140 0.081872 0.251976 0.046853 
-1.#IND00 -1.#IND00 -1.#IND00 -1.#IND00 -1.#IND00 -1.#IND00 -1.#IND00 -1.#IND00 -1.#IND00 -1.#IND00 -1.#IND00 -1.#IND00 
-1.#IND00 -1.#IND00 -1.#IND00 -1.#IND00 -1.#IND00 -1.#IND00 -1.#IND00 -1.#IND00 -1.#IND00 -1.#IND00 -1.#IND00 -1.#IND00 
