3.077531 0.586280 0.709625 -0.268810 1.533875 0.264950 1.082825 0.709784 0.474255 0.230047 0.132881 0.031928 
3.125837 0.391113 1.592157 -0.332616 1.274478 0.743598 1.039636 1.013230 0.419927 -0.006795 0.036241 0.034385 
3.357380 0.503420 0.635894 -0.690807 1.218750 0.990377 0.610496 0.787750 0.494712 -0.108361 0.146200 0.031598 
3.120541 0.197235 0.684243 -0.857924 1.279217 0.321234 1.080597 0.438040 0.154498 0.032728 0.132240 0.012536 
3.236385 0.209817 0.886942 -0.660380 0.925980 0.711630 0.298571 1.048149 0.260010 -0.052793 0.231998 0.028795 
3.272012 0.584694 1.105140 -0.678837 1.667934 1.789060 0.673055 0.822267 0.712873 0.090546 0.197502 0.035610 
3.134633 0.625483 1.253147 -0.115143 0.934880 1.166804 0.639066 0.702029 0.358996 0.059115 0.019549 0.005096 
3.058251 0.600565 0.896136 -0.995586 0.235739 1.158818 1.045595 0.586859 -0.129630 0.336456 -0.063667 -0.032712 
3.169924 0.466185 1.022042 -0.260425 1.586289 0.287262 0.582402 1.605651 0.143979 0.043203 0.018741 -0.039171 
2.992066 0.076743 0.845432 -0.608877 1.722231 0.716413 0.486921 0.784417 0.362602 0.191190 0.189215 0.024880 
3.394021 -0.043620 0.854924 -0.584329 1.324412 1.105916 0.313534 0.475270 0.631003 0.260405 0.055147 -0.017524 
3.212321 0.495991 1.523769 -0.801601 1.137122 1.400373 1.290816 1.018072 0.378453 -0.133564 0.014781 0.007204 
3.511306 -0.858157 0.670099 -0.072153 0.965465 1.308594 1.859710 0.561190 0.571689 -0.052771 0.072190 0.072070 
1.984483 0.703404 -0.493191 1.244329 0.459290 0.806839 1.715704 -0.551713 1.197471 -0.252186 -0.214578 -0.090203 
1.031490 0.702388 0.368851 0.905453 1.870143 0.708544 1.821873 1.132030 0.258665 0.301624 -0.411878 -0.102635 
1.636873 0.855498 0.029606 0.778011 0.621819 2.008722 0.876503 0.980873 0.909918 0.067426 -0.424028 -0.122110 
1.179595 0.536687 0.164731 0.551981 1.828670 2.181384 0.476726 1.020860 0.289757 0.091090 -0.446040 -0.066835 
1.309782 0.363046 -0.254119 0.518458 1.175264 1.734569 1.037855 0.354950 0.422892 0.125826 -0.545297 -0.069392 
1.267553 0.119454 0.268343 0.848947 1.844302 1.852750 0.813110 1.032723 0.351604 0.487662 -0.431132 -0.095170 
1.408488 0.661903 0.196801 0.346703 1.849396 1.741539 0.531609 0.637404 1.208701 -0.124600 -0.267937 -0.063456 
1.033698 1.149513 0.381249 0.151551 2.269663 1.914471 0.026375 1.552600 0.799483 0.154593 -0.221739 -0.078130 
0.607588 1.458037 1.285547 1.135626 1.144276 1.377398 1.408956 0.909433 0.808618 0.303615 -0.057688 -0.042042 
0.529430 1.211715 1.338418 0.909525 1.532096 1.452519 1.531766 0.811704 0.759587 0.245737 0.044096 -0.056693 
0.573921 0.886746 1.187848 1.398473 2.304961 0.890087 2.122146 0.759115 0.627308 0.361740 0.043621 -0.028002 
0.494788 0.961043 1.916823 1.055975 1.923757 1.407696 0.969323 0.596827 0.298743 0.273242 0.212658 -0.035950 
0.458279 0.611539 1.532177 1.333225 1.223949 1.707328 1.643716 1.441380 0.713920 0.077834 -0.143593 -0.007175 
0.599149 0.223499 1.600194 1.550024 1.924986 2.342466 1.522210 1.198174 0.091879 0.096125 0.348650 -0.044558 
0.749438 1.393470 1.069601 1.051796 2.072958 0.655909 1.036794 1.362253 0.882437 0.079850 0.024551 -0.022808 
1.313606 0.882231 1.002684 1.745211 1.303623 1.844046 0.921557 0.717479 0.583567 0.413036 -0.169613 0.039307 
3.803679 -0.255207 1.257083 1.129699 1.039660 1.026654 0.749469 1.069210 -0.501795 0.273935 0.295437 -0.008789 
4.247743 1.246806 0.249196 0.668923 1.000202 0.945240 0.957540 0.518591 0.164867 0.008154 0.268932 0.071175 
4.027329 2.706722 1.019902 0.204627 0.349853 0.795520 0.843455 0.503429 0.168374 0.207046 0.373854 0.083485 
4.889597 4.061166 2.679445 0.974999 -0.308683 -0.224010 0.672984 0.847845 0.410038 0.073504 0.186140 0.018794 
3.573000 3.111567 2.436353 1.572125 0.874609 0.527660 0.432109 0.450780 0.442682 0.299194 0.176005 0.046051 
3.034831 2.670936 2.447558 2.111561 1.693068 1.229580 0.810040 0.504375 0.229888 0.229866 0.199053 0.035184 
3.293658 2.978805 2.742021 2.394249 1.917449 1.353856 0.897116 0.617686 0.343132 0.339813 0.275303 0.053076 
2.807544 2.332211 2.128806 2.002492 1.856599 1.525308 1.163862 0.833978 0.538390 0.326708 0.175489 0.048423 
3.843184 2.624487 3.102759 2.890750 2.601510 1.580012 2.084048 1.332731 0.437682 0.318594 0.089055 0.046841 
3.172762 1.719675 1.386684 0.957560 1.402898 1.708228 1.564082 1.231649 0.382459 0.308033 0.264310 0.025899 
3.055142 0.898483 1.529360 -0.270295 2.001774 1.308306 1.491641 1.294566 0.794731 0.327801 0.250949 0.001558 
3.221767 0.398657 1.369548 -0.736695 1.004197 1.817973 1.145148 0.936625 0.211603 0.359125 -0.000545 -0.038255 
2.943468 0.575287 0.998141 0.084423 2.123536 1.207802 1.110410 1.422326 0.458274 0.164627 0.118120 -0.014660 
2.944726 1.009542 1.043127 -0.076357 1.914432 1.026470 0.944567 0.894596 0.197849 0.539694 0.115769 0.011459 
3.189882 0.366522 1.300436 -0.288931 1.099573 1.108494 0.475311 1.024871 0.323579 0.410626 0.269761 -0.019528 
3.349031 0.651666 0.822478 -0.492881 1.542399 1.276605 0.671529 0.627775 0.085048 0.587242 0.368279 0.019036 
3.144540 0.558721 1.089719 -0.489542 1.294908 0.850668 1.024228 0.676481 0.022158 0.215779 0.130831 0.019552 
3.338096 0.352558 1.098090 0.106576 1.185111 1.065938 1.101062 1.111237 0.895241 0.034768 0.140992 -0.003290 
3.180279 0.545238 0.333946 -0.292753 0.956201 0.682030 0.608963 0.797198 0.010606 -0.014442 0.011238 0.006975 
-1.#IND00 -1.#IND00 -1.#IND00 -1.#IND00 -1.#IND00 -1.#IND00 -1.#IND00 -1.#IND00 -1.#IND00 -1.#IND00 -1.#IND00 -1.#IND00 
-1.#IND00 -1.#IND00 -1.#IND00 -1.#IND00 -1.#IND00 -1.#IND00 -1.#IND00 -1.#IND00 -1.#IND00 -1.#IND00 -1.#IND00 -1.#IND00 
