3.179029 0.057270 1.072588 -1.207148 3.025818 0.786320 1.419351 1.428432 0.347410 0.215213 -0.161021 -0.002222 
3.565844 0.852852 0.723378 0.146264 1.764479 0.475575 1.104629 0.778371 1.137541 0.169296 -0.031619 0.014643 
3.099154 0.648799 1.362900 -0.396224 1.181705 -0.062694 0.288410 1.642700 0.760535 0.392410 0.030878 -0.048896 
3.107771 0.939408 0.998639 -0.481135 1.033528 0.603092 0.502078 0.462476 0.690654 0.253079 -0.010177 -0.001203 
3.021687 0.808436 1.068928 0.173954 1.828468 1.654955 0.983450 1.161041 0.662203 0.230202 0.147608 -0.017923 
3.042159 0.330708 1.309258 0.136829 1.032089 0.795129 0.782023 1.010138 -0.111260 0.311062 0.261664 0.022612 
3.222492 0.590096 1.008224 -0.066405 1.318629 1.275627 0.829137 0.727819 0.391479 0.560150 0.120584 -0.040568 
3.147093 0.936078 0.850209 -0.546802 1.190264 0.713268 1.090630 1.035844 0.461272 0.143284 -0.044647 -0.029652 
3.318150 0.222763 0.912300 -0.708152 1.238008 0.960154 1.069114 0.663641 -0.149809 0.341320 0.140801 -0.003546 
3.270528 0.522224 1.339347 -0.651193 0.967403 1.255331 0.779390 0.415894 0.436124 0.294867 0.356631 0.049026 
3.108183 0.213224 1.188206 -1.025703 0.748456 0.274433 0.668152 0.653794 -0.243554 0.332026 -0.040513 0.002281 
3.393922 0.323922 0.325306 -1.133119 0.792741 0.675902 1.166992 0.767708 -0.110380 0.701717 0.198207 0.007771 
3.454475 0.506959 1.143281 -0.369295 1.520844 1.503480 1.267035 0.705194 1.024119 0.337160 0.156250 0.016817 
1.077209 0.265096 -0.117176 0.873973 0.595940 1.773361 1.214346 1.022767 0.895211 0.336916 -0.313670 -0.154825 
1.161773 1.298337 0.047828 0.549096 1.004699 1.733727 1.871533 0.924919 0.072494 -0.188507 -0.109140 -0.128317 
0.868346 0.888995 -0.131540 0.548024 2.279012 1.255832 1.682412 1.026474 0.640172 0.235884 -0.382510 -0.141657 
0.902707 0.760036 0.045562 0.319529 1.242556 2.286825 0.934040 0.732215 0.920959 0.168270 -0.559900 -0.067162 
1.479735 0.574265 -0.041691 0.236043 1.260007 1.918459 0.696436 0.959775 0.845043 -0.079485 -0.218556 -0.137237 
0.874749 0.283570 0.301237 0.450293 1.792409 1.475374 1.421486 0.853129 0.732389 0.033834 -0.257819 -0.117309 
1.001871 0.703848 0.154487 0.992107 1.606734 1.229999 1.306995 1.650593 0.394203 0.208232 -0.062334 -0.140323 
0.885564 0.409282 0.981410 1.261582 1.763984 1.041295 0.965237 0.939945 0.912643 0.000672 -0.189214 -0.068821 
0.816292 1.377209 0.629693 1.448806 1.302164 0.955504 0.488110 1.636626 1.176895 0.199963 -0.328885 -0.043836 
0.870820 1.029185 1.195707 1.790636 0.771609 1.258426 1.397313 1.295321 0.826068 0.312656 0.296493 -0.145006 
0.618498 0.922527 0.802644 2.007459 1.633423 1.434767 1.560164 0.996175 -0.031484 0.488705 0.014772 0.005872 
0.303358 1.284033 1.650881 1.635162 0.903938 1.611463 1.299235 1.412862 0.173041 0.674459 0.080177 -0.087400 
0.342187 0.592762 1.931085 1.629003 2.429308 1.014163 1.243492 1.525926 0.324608 0.137808 0.261003 -0.055889 
0.724548 1.283735 1.842476 1.113184 0.373904 1.760827 1.371050 0.973115 0.324846 0.517861 -0.036670 -0.010024 
0.684645 1.314191 1.317889 1.371516 1.070258 1.437804 0.652367 1.074520 0.414290 0.272100 0.177602 -0.042395 
0.752415 0.938194 1.279308 1.400811 1.195869 1.769335 1.778096 1.281181 0.142772 0.303619 0.055750 -0.036644 
1.074645 0.656152 1.526916 1.116462 1.659539 1.217607 1.041910 0.884854 0.739944 0.282571 -0.037314 -0.021704 
3.627647 -1.648153 2.146999 0.467117 1.888110 0.894713 1.756699 0.996465 0.811889 0.293667 -0.147931 0.047420 
4.263636 -1.787781 2.411489 0.357513 1.586512 0.967036 1.487190 1.215852 0.388032 0.522340 0.148755 -0.033793 
3.800024 3.055819 2.154924 1.220284 0.566278 0.445404 0.470118 0.400116 0.271801 0.090860 0.050374 0.018955 
3.784005 2.963014 2.219098 1.414427 0.802557 0.252684 0.143999 0.825402 0.255426 0.688097 0.423104 0.100316 
5.157645 4.182467 3.860367 2.507172 0.843614 -0.242127 -0.087560 0.418501 0.298121 0.330973 0.321423 0.136133 
4.156577 3.665541 3.927135 3.556612 2.307045 1.004385 0.609830 0.273308 -0.224379 -0.028566 0.260206 0.034592 
3.617359 3.110105 2.796591 2.812555 2.585533 1.804690 1.627309 1.079858 0.460312 0.246550 0.175581 0.053069 
4.256689 3.251706 3.009942 2.798711 2.518452 1.830115 1.799247 1.807828 0.834039 0.053791 0.123890 0.048488 
3.926273 1.348911 2.032507 1.465994 2.620251 2.494329 1.556016 1.446713 0.389236 0.743532 0.146646 0.018288 
3.498726 1.464105 1.615114 0.025354 1.833289 1.399653 2.151292 1.729819 0.100228 0.361915 0.262360 0.021591 
3.779816 0.805638 1.162011 -0.102585 1.624275 1.264651 1.405548 1.236736 0.899877 0.107588 0.305749 0.064348 
3.071495 0.973062 0.991931 -0.011139 0.873959 1.295158 0.781589 0.849728 0.563937 0.172943 0.331755 0.037139 
2.903417 0.752436 0.943761 -0.035469 1.009872 1.000467 0.560698 0.631545 0.935556 0.392756 0.006076 0.000887 
3.280721 0.454190 0.750778 -1.209349 0.759977 0.445654 0.672584 0.826706 0.226665 0.410034 0.258639 0.011304 
2.959142 0.317501 0.806815 -0.680313 0.692798 1.018415 0.175755 0.339248 0.361831 0.316394 0.106731 0.029282 
3.031610 0.493022 0.737421 -0.795345 0.115928 0.632537 0.941103 0.725362 0.183715 0.330984 0.155013 -0.017337 
3.278601 0.420962 1.234981 -0.223106 1.642346 0.498059 1.041538 0.527101 0.551476 0.259757 -0.060592 0.019183 
3.649114 0.442596 1.610404 -0.647099 1.262306 0.712230 0.631681 0.699161 0.420421 0.393320 0.264152 0.030976 
-1.#IND00 -1.#IND00 -1.#IND00 -1.#IND00 -1.#IND00 -1.#IND00 -1.#IND00 -1.#IND00 -1.#IND00 -1.#IND00 -1.#IND00 -1.#IND00 
-1.#IND00 -1.#IND00 -1.#IND00 -1.#IND00 -1.#IND00 -1.#IND00 -1.#IND00 -1.#IND00 -1.#IND00 -1.#IND00 -1.#IND00 -1.#IND00 
