3.036583 0.367168 0.940913 -0.355829 1.227905 0.742338 -0.129165 1.248627 0.230043 0.038885 0.026819 -0.036317 
3.494436 0.716314 1.164983 -0.222983 1.102250 0.893264 0.312901 1.212454 0.123837 -0.179608 0.118776 0.008341 
3.244854 0.266882 0.795970 -0.527485 0.858926 1.113642 0.630437 0.654906 0.138011 0.463448 0.011685 -0.044366 
3.289726 0.735021 1.732730 -0.039024 1.551480 1.330217 0.840954 0.885019 0.404801 0.290573 0.082633 -0.007063 
3.581124 0.379910 1.295273 -0.427995 1.150477 1.337842 1.179703 1.353256 0.495822 0.165716 0.054292 -0.005791 
3.149257 0.841557 1.142031 -0.332078 1.525775 0.758959 0.964039 1.117231 0.027727 0.455270 0.245053 0.014020 
3.313308 0.643145 1.193238 -0.179993 1.222482 0.661174 0.782430 0.627167 0.389365 0.241498 0.151450 0.024038 
3.159584 0.729483 1.146490 -1.135869 0.957283 1.101983 0.567214 0.333880 0.263332 0.245576 0.258895 0.037378 
3.313132 0.577500 1.393622 -0.153228 1.442490 1.236147 0.896277 0.921711 0.670558 0.472875 0.090137 -0.043709 
3.275014 0.803776 1.223650 0.014165 1.258619 1.291791 1.113138 0.870356 0.276100 -0.099355 0.106919 0.038063 
3.270337 0.661812 1.146454 -0.467419 1.977251 1.653683 1.816571 0.922003 0.084908 0.575322 0.257649 0.001168 
2.974372 0.405124 1.046193 -0.090535 0.733156 1.053529 0.997367 1.233740 0.186323 0.265065 0.072217 -0.062829 
3.373913 0.584586 1.020038 -1.248743 0.935536 0.903522 0.538808 0.762420 -0.125492 0.263595 0.193040 0.019937 
3.296877 0.392064 0.613689 -0.393510 1.151602 1.183357 0.581268 0.322165 0.353472 0.226675 0.013087 -0.010807 
3.287772 0.455914 1.126937 -0.649694 1.070233 1.219029 0.737305 0.687948 0.390923 -0.006874 0.328652 0.041949 
3.222352 0.374140 0.810064 -1.082555 1.186174 0.852101 0.937568 1.027648 0.593633 0.216568 0.187139 -0.009215 
3.289747 0.459497 0.891598 -0.694498 1.021810 1.235660 0.972939 0.959823 0.575984 0.297175 0.253600 0.018205 
3.282123 0.743459 1.393227 -0.624352 1.247525 1.240027 0.938393 0.880123 0.775080 0.344634 0.070577 0.000081 
3.125961 0.084292 0.541478 -0.697117 1.282875 0.699088 0.799536 1.084434 0.229595 0.171297 0.074137 0.015036 
2.983340 0.132500 0.769477 -0.872281 0.550739 0.991386 0.595224 0.955864 0.509620 -0.133939 0.122376 0.022312 
3.408736 0.542034 0.378617 -0.115623 0.987229 0.472798 0.430176 1.034697 0.152424 0.612048 0.070844 -0.037911 
3.063465 0.501657 1.172891 -0.915637 1.184203 1.247658 0.978901 0.628578 0.520626 0.014352 0.069966 0.053336 
1.697224 0.169463 0.660257 0.388466 -0.150483 2.065084 1.267547 0.865528 0.617613 0.155118 -0.225235 -0.178675 
1.074123 0.435462 -0.094200 0.559226 0.832235 1.358709 1.544606 0.740883 0.226724 0.051201 -0.267292 -0.252561 
1.293453 0.803146 -0.404570 -0.169547 1.213793 1.031522 0.470609 0.571266 0.674909 -0.271443 -0.397125 -0.186763 
1.599739 0.572378 -0.629229 0.011260 0.942927 1.204234 0.367776 0.358597 0.213527 -0.209840 -0.622868 -0.156105 
1.796393 0.343388 -0.794549 0.198226 1.360904 1.272882 0.432924 1.114512 0.265126 0.088376 -0.359459 -0.104268 
1.193521 0.996193 -0.769647 1.265269 0.860199 0.934482 0.958448 1.149417 0.539231 -0.106286 -0.082204 -0.099119 
1.174450 0.522024 -0.104261 0.372802 1.766933 1.101325 0.436100 1.387667 1.090098 0.218613 -0.423242 -0.135871 
1.604914 0.265853 -0.060666 0.697434 1.557018 1.197484 0.898988 0.592462 0.738397 0.227909 -0.277280 -0.090259 
0.999976 1.150231 0.487790 1.392032 1.155354 1.157516 0.335215 1.023175 1.081066 0.237032 0.105052 -0.090503 
0.620944 0.477883 1.321073 1.883256 1.553443 1.128837 1.588166 1.204475 0.698348 0.466004 -0.056095 -0.094320 
0.442965 1.116469 1.213099 1.022182 1.933548 1.221585 1.663625 1.085569 0.661500 0.357838 0.003542 -0.063574 
0.368960 1.233631 1.153047 2.622548 1.178939 1.193986 1.393191 0.676477 0.284843 0.671319 -0.024071 -0.034625 
0.560214 1.011280 1.560182 1.994011 1.230894 1.136341 0.840654 1.342863 0.975038 -0.079418 0.077619 -0.021643 
0.793889 1.328897 1.320719 0.385878 2.115678 1.727313 0.605734 0.525714 1.006898 0.368538 -0.009484 -0.015619 
0.784844 1.252020 1.224244 1.504362 1.339645 1.307276 1.462066 0.539656 0.718360 0.548986 0.060955 -0.038151 
1.280749 0.518902 2.195839 1.179819 1.322471 0.687090 0.786721 1.008727 0.625331 0.309696 0.134013 -0.012155 
2.538487 -0.503309 2.028804 0.555329 1.274592 0.672495 0.787383 1.021635 1.020845 0.386298 0.251498 -0.015561 
3.945890 1.085692 0.102800 0.792131 1.065469 1.275395 1.302934 0.653240 0.491114 0.426818 -0.005728 -0.024949 
5.773703 3.992350 1.084666 -0.625887 -0.285053 0.779779 1.084375 0.714610 0.220518 -0.069453 0.013566 0.033392 
7.545270 4.587481 2.010827 -0.173255 -0.388128 0.323203 1.594033 0.871487 0.571129 0.374774 0.144490 0.050399 
5.505607 3.162683 4.125339 3.758943 2.585658 0.728362 0.753192 1.289692 -0.321534 -0.350596 0.180816 0.071190 
2.711038 2.167527 1.830341 1.465621 1.151349 0.922998 0.664695 0.431965 0.312848 0.216057 0.164294 0.029298 
3.037205 2.665630 2.408921 2.010670 1.620433 1.181327 0.780862 0.499455 0.350812 0.291622 0.185014 0.037894 
3.413609 2.964802 2.739410 2.381454 1.719567 1.159726 0.682225 0.425781 0.354792 0.344846 0.310331 0.062295 
3.324432 2.685584 2.591526 2.895711 2.999171 2.741686 1.499128 1.465412 0.518547 0.256906 0.288964 0.095488 
2.743244 2.126330 1.985186 1.800657 1.713089 1.229048 0.821008 0.977497 0.789286 0.508673 0.242267 0.048027 
-1.#IND00 -1.#IND00 -1.#IND00 -1.#IND00 -1.#IND00 -1.#IND00 -1.#IND00 -1.#IND00 -1.#IND00 -1.#IND00 -1.#IND00 -1.#IND00 
-1.#IND00 -1.#IND00 -1.#IND00 -1.#IND00 -1.#IND00 -1.#IND00 -1.#IND00 -1.#IND00 -1.#IND00 -1.#IND00 -1.#IND00 -1.#IND00 
