3.377024 0.506591 0.525321 -0.417502 1.798900 1.004436 0.524775 0.668486 0.050042 -0.054290 0.414660 0.083360 
3.131393 0.659821 0.979575 -0.493904 0.782522 0.416986 -0.056592 0.368263 -0.282948 0.508722 0.019468 -0.029515 
3.270164 0.518531 1.471975 -0.860113 1.273848 0.676574 0.641803 0.643922 0.044823 0.394776 0.263126 0.021492 
3.539711 0.863105 1.185578 0.040263 1.644706 1.306498 1.029725 0.971755 0.899402 0.241174 0.057792 0.002453 
3.458123 1.161545 1.557984 0.030735 1.201545 0.666557 0.819076 0.441935 0.328059 0.673750 0.133673 -0.016000 
3.600714 1.105933 1.009024 -0.534088 0.745699 0.266583 0.395368 0.848312 0.128659 0.153114 0.293773 0.026476 
3.785455 1.306290 1.837477 -0.633148 0.869919 1.621407 0.865279 0.534458 -0.146873 -0.028829 0.027869 -0.022167 
3.762493 1.142184 1.473609 0.133614 1.188982 1.055352 1.315774 1.144432 0.516986 0.165994 -0.134958 -0.047905 
3.830027 0.643274 0.661700 -0.126739 1.134963 0.334324 1.278584 0.667006 -0.317336 0.400702 0.030831 -0.036854 
3.588652 0.685368 1.473196 -0.045604 1.333142 0.363539 0.863155 0.949049 0.019922 0.302431 -0.038545 -0.050454 
3.568732 0.262740 0.524429 -0.365569 1.355287 0.083189 1.190955 0.784478 0.011689 0.207793 -0.022305 -0.045086 
3.505319 0.749506 1.114287 -0.681702 1.053771 0.484023 0.649192 0.476136 0.239034 -0.086765 0.031137 0.029649 
3.283019 0.605330 0.604105 -1.021645 0.832495 0.611886 0.247545 0.815590 0.361209 0.054735 0.091398 -0.026581 
3.300065 0.677517 1.234268 -0.083235 1.587333 0.919975 1.058294 0.951391 0.147990 -0.054974 0.074324 -0.002124 
3.253550 0.653690 1.345617 -0.345926 1.434893 1.307408 0.280628 0.117448 0.179084 0.396849 0.203045 -0.002537 
3.522107 0.590936 0.983736 -0.417402 1.167013 0.856523 0.683747 1.172019 0.143184 0.136399 0.071331 -0.013780 
3.196962 0.827667 1.184391 -0.394777 1.757712 2.009816 1.322492 0.808939 0.168412 0.649491 -0.034870 -0.043548 
3.286219 0.650970 0.987985 -0.056067 1.585111 1.541343 0.210074 1.131526 0.466557 0.228966 0.092340 -0.042474 
3.212262 1.073718 1.176606 0.216149 1.304850 1.719978 1.437980 0.541412 0.220373 0.510818 0.351716 0.030598 
3.680495 0.063234 1.250083 -0.326960 1.204022 1.716619 0.793625 1.265614 0.226360 0.332335 0.370743 -0.019606 
3.603291 0.243758 1.050857 -0.187868 0.928782 0.438440 0.308948 0.181435 0.356078 0.029322 -0.048088 0.018392 
1.049953 1.029521 0.479083 0.367252 1.061325 1.295586 0.031163 0.976948 1.604701 0.502705 -0.078037 -0.185175 
1.047538 0.983217 0.352304 0.231340 1.726943 1.297699 0.706301 0.848533 0.671872 -0.168819 -0.070548 -0.169747 
1.354185 0.841613 -0.047019 0.375074 1.415589 1.648521 0.578195 0.680243 0.086289 0.225971 -0.438548 -0.138676 
1.576858 0.641911 -0.488334 0.520038 1.472494 1.952403 0.280570 0.925528 0.145366 -0.247204 -0.454152 -0.145838 
1.378344 0.358273 0.369644 -0.314846 1.294599 0.422141 0.183777 -0.082455 0.392069 -0.004251 -0.609767 -0.164376 
1.384198 0.626671 -0.280955 1.202340 1.747958 0.375711 1.085839 0.848707 0.118700 0.053629 -0.446953 -0.059192 
1.307481 0.947636 -0.463487 0.569886 1.844586 1.320754 1.024268 0.474011 1.105282 0.016485 -0.331605 -0.115230 
1.129923 0.756480 0.545862 0.876292 1.239490 1.177872 1.443713 0.978016 0.763699 0.210017 -0.384370 -0.043701 
1.004967 0.874888 0.829254 0.964062 1.878224 1.425018 0.532300 1.210755 0.656370 0.470109 -0.133374 -0.077788 
1.116204 0.897350 0.617789 1.330978 1.607856 0.978082 0.968318 1.475978 0.588951 -0.033060 0.334802 -0.046614 
0.619284 1.039977 0.997021 2.510364 0.933512 1.582976 0.799079 0.966703 1.025131 0.487670 -0.032328 -0.039288 
0.895468 0.564317 2.024672 1.558645 0.689265 1.312040 1.230564 0.896157 0.102653 0.271126 0.326337 -0.068901 
1.303171 0.890072 1.109807 2.239996 0.516061 1.005229 1.086144 0.586279 1.003639 0.457907 0.123617 -0.062039 
1.569540 0.316899 1.520409 1.482252 1.417475 1.288567 1.330004 1.225789 0.298355 0.490324 -0.137326 0.010405 
1.533374 0.134228 1.625231 0.874043 2.068351 1.398178 1.415965 0.596594 0.297152 0.363833 0.309278 -0.038289 
1.325529 0.665904 1.469300 1.559211 1.819151 1.305125 0.864861 0.701985 0.094015 0.638707 0.156006 -0.045386 
2.644881 -0.742775 2.081868 0.671774 1.480632 1.333584 1.114062 1.164673 0.609833 0.259355 0.145783 -0.027036 
3.462150 0.175991 1.293425 0.718493 0.770272 0.914800 1.457532 0.864365 0.376626 0.508642 0.100678 -0.029438 
5.028199 1.994176 -0.087024 0.815304 1.613723 0.854055 0.502367 0.860391 0.647603 -0.110230 -0.148079 -0.037363 
7.245560 2.872015 -1.003648 -0.194150 1.628223 0.970773 0.186984 0.123179 0.521091 0.679442 0.376865 0.060733 
5.268093 4.487470 3.729510 3.160684 1.271861 -0.300814 -0.146736 0.515448 0.416175 0.085963 0.199688 0.103167 
4.485212 3.044757 3.562268 3.117156 3.100257 2.547371 1.650242 1.458094 0.315944 -0.171203 0.262489 0.066973 
3.030110 2.362414 2.284243 2.410345 2.351637 1.659251 1.210313 0.798751 0.653673 0.413479 0.076054 0.044530 
2.785739 2.142122 2.092599 1.929566 1.750414 1.493879 1.315910 1.000253 0.699929 0.428556 0.184329 0.052800 
3.133641 2.396537 1.898155 1.763109 1.860212 1.933351 1.495554 1.041564 0.718887 0.524840 0.301206 0.071961 
3.002269 1.822668 1.603862 1.258352 1.893662 2.188434 1.409007 0.884926 0.749716 0.735113 0.326290 0.051632 
3.564995 1.138144 1.564923 -0.737506 1.709949 0.881629 2.190332 1.345997 0.399150 0.327177 0.107059 0.031975 
-1.#IND00 -1.#IND00 -1.#IND00 -1.#IND00 -1.#IND00 -1.#IND00 -1.#IND00 -1.#IND00 -1.#IND00 -1.#IND00 -1.#IND00 -1.#IND00 
-1.#IND00 -1.#IND00 -1.#IND00 -1.#IND00 -1.#IND00 -1.#IND00 -1.#IND00 -1.#IND00 -1.#IND00 -1.#IND00 -1.#IND00 -1.#IND00 
