-0.083899 0.299111 0.057244 0.225441 -0.663233 -0.359232 -0.373796 -0.244679 0.612270 0.205135 0.000012 -0.090996 
0.284159 0.029748 0.215559 0.484244 0.192264 0.047152 0.642978 -0.607292 0.475207 0.393406 0.118389 0.092907 
0.189919 -0.197277 0.240486 -0.381327 0.175362 0.031732 0.199473 -0.372657 0.380014 0.080626 0.258060 0.022678 
-0.181937 0.228417 0.193594 0.066455 0.172166 0.277522 0.209769 0.208395 -0.273809 0.035783 -0.108435 0.100109 
0.018364 0.096702 -0.006198 -0.454792 0.156418 -0.026840 -0.287352 0.054941 -0.040357 0.280106 -0.161464 0.011299 
0.073962 -0.173377 -0.192850 0.409066 0.239952 0.142648 0.335201 0.131129 0.208249 -0.228867 0.319155 -0.041674 
3.287476 0.308323 1.451179 -0.476030 2.059236 0.673781 -0.100949 0.437882 0.712289 0.707526 0.139143 -0.012133 
3.721688 0.565114 0.950877 -0.712311 1.466205 1.063256 0.482606 0.845049 0.694349 0.089767 -0.074448 -0.017170 
3.402739 0.263021 1.033140 -0.292027 1.269859 1.041296 0.985295 0.966171 0.621789 0.103974 0.041038 0.009833 
3.196772 0.887494 0.220320 -0.221047 1.563610 0.562331 0.565617 0.854931 0.198854 0.267618 0.147439 0.025636 
3.321589 0.669206 0.553332 -1.222480 1.774686 0.766152 1.075745 0.995497 0.154248 0.328637 0.177738 0.022677 
3.229681 0.373617 0.723160 -1.176709 0.684358 1.411294 1.310395 0.833249 0.126671 0.086933 0.307468 0.003897 
2.896027 0.694069 0.675527 -0.612872 1.425453 1.326115 0.956431 0.784832 0.488220 0.218690 -0.008470 -0.029167 
3.142387 0.562274 0.878039 0.120101 0.498487 1.533533 0.823647 0.548338 0.261327 0.110240 0.160913 0.023101 
3.180968 0.246150 0.762620 -0.379216 1.026662 0.830712 0.627034 0.982474 0.487371 0.003711 0.265178 0.022563 
3.222157 0.538765 1.358782 -0.797437 1.291872 0.768721 0.467569 0.522405 0.195184 0.062366 0.245101 0.077689 
3.207808 0.287016 1.018777 -0.199635 2.200944 1.123704 0.882159 0.781786 -0.029815 0.420654 0.080051 -0.028915 
3.447037 0.671777 0.966039 -0.400180 1.072408 1.651794 1.271580 1.230473 0.307049 0.331831 0.274156 0.011173 
3.388183 0.612592 1.182776 -0.239011 0.922947 0.836802 1.010882 1.358161 0.450344 0.090310 0.068153 0.004839 
3.123290 0.796474 1.099551 0.142343 1.526956 1.529920 0.414247 0.934153 0.627390 0.365851 0.107519 0.007198 
3.410508 0.675176 1.091195 -0.317947 0.876020 1.009793 1.305139 0.895080 0.569810 0.273551 0.143999 0.030518 
3.343416 0.955777 1.458604 -0.254445 1.230602 0.642948 1.528198 1.335594 0.388813 0.205014 0.112490 0.024193 
1.821024 0.848311 0.165204 0.024662 0.784482 0.318820 1.301261 1.452487 0.731159 -0.541165 -0.027075 -0.095730 
1.266596 0.813725 0.233503 1.063890 1.383951 0.528103 1.336319 0.904927 0.476846 -0.192108 -0.243810 -0.144190 
1.033018 0.803040 0.233308 0.633915 0.748633 1.252161 0.972877 0.227028 -0.055599 -0.513866 -0.106735 -0.187374 
1.211227 1.125769 -0.105778 0.300996 0.674339 0.425450 0.483730 0.838559 0.197144 -0.196671 -0.300221 -0.201237 
1.272301 1.476087 0.191627 -0.326940 0.408199 0.632202 1.097313 0.338606 -0.055545 -0.596229 -0.446408 -0.097086 
1.616569 0.934980 -0.458034 0.077507 0.769532 0.654471 0.582325 0.326349 0.601719 -0.544634 -0.340776 -0.090480 
1.185277 1.115044 0.602662 -0.121865 0.554853 0.787224 0.725979 0.618932 0.435575 -0.167934 -0.552002 -0.021396 
1.277767 0.576215 0.939517 0.132204 0.832976 0.335217 1.144473 0.969732 0.291402 0.259052 -0.470147 -0.060461 
1.204974 1.294587 1.078965 0.650466 0.862691 1.749736 0.694052 0.642122 0.714283 0.363172 -0.093260 -0.064031 
0.753010 1.778319 1.105378 0.880416 0.748742 1.651036 1.413805 0.854272 0.525918 0.328747 -0.069955 -0.039572 
0.482194 1.275285 1.544525 1.602942 1.666632 1.388994 1.300764 0.935616 0.676764 0.083355 -0.010109 -0.020373 
0.949793 0.788572 1.249639 1.390223 1.279764 1.265618 1.463582 0.904590 0.431654 0.156641 0.137668 -0.086172 
1.052085 1.011002 0.842888 1.378491 1.292851 1.671088 1.249693 0.967434 0.696712 0.263824 -0.077743 -0.061359 
0.897928 1.195886 0.736117 1.706182 1.116965 1.428790 1.411414 0.963210 0.098322 0.519332 -0.003991 -0.057398 
0.868547 1.484146 1.301446 1.657103 1.121258 1.275272 1.226497 0.355625 1.066296 0.379210 -0.107130 -0.026810 
1.328171 0.955021 1.468012 1.394680 0.460973 1.332189 0.693492 1.371390 0.589861 -0.092419 -0.014064 0.007679 
3.412342 0.047220 0.643170 1.195052 1.444295 1.315927 0.066072 0.978156 0.891174 -0.092229 -0.001155 0.020776 
5.938924 2.727645 -0.730344 -0.863689 0.983872 1.561828 0.719164 0.345267 0.546461 0.413155 0.307373 0.053440 
4.271232 3.897386 3.323593 2.281341 0.982130 0.310768 0.220897 0.397066 0.418283 0.338676 0.195168 0.074217 
4.666590 3.983369 2.489934 0.972256 -0.018436 0.095284 0.653602 0.907197 0.824894 0.545572 0.266283 0.044719 
3.476021 2.963747 2.331568 1.503171 0.904373 0.653226 0.683236 0.718037 0.626412 0.386089 0.154636 0.024379 
3.181341 2.688023 2.265275 1.769486 1.228303 0.811247 0.587521 0.506212 0.454094 0.417066 0.283543 0.036741 
3.026583 2.552146 2.168714 1.657297 1.069209 0.608855 0.257990 0.204203 0.196579 0.271450 0.269486 0.018898 
3.924324 3.302662 3.559041 3.310118 2.424061 1.283029 1.045890 1.248198 0.204365 0.264851 0.025035 0.011241 
3.473989 2.773965 2.498498 1.813946 2.050996 1.783675 1.698447 1.046872 0.243703 0.581036 0.024175 0.034645 
3.670951 2.494951 2.889381 2.572046 1.897425 2.015492 1.613739 0.932805 0.443535 0.154470 0.074354 0.028861 
-1.#IND00 -1.#IND00 -1.#IND00 -1.#IND00 -1.#IND00 -1.#IND00 -1.#IND00 -1.#IND00 -1.#IND00 -1.#IND00 -1.#IND00 -1.#IND00 
-1.#IND00 -1.#IND00 -1.#IND00 -1.#IND00 -1.#IND00 -1.#IND00 -1.#IND00 -1.#IND00 -1.#IND00 -1.#IND00 -1.#IND00 -1.#IND00 
