3.445401 0.700303 0.968121 -0.271910 1.869250 0.902468 1.003554 1.738136 0.592715 0.321190 0.233144 -0.013211 
3.429523 0.402805 0.524371 -0.634318 1.378688 0.503728 0.478361 1.170088 0.504676 0.326103 0.210477 0.000625 
3.139278 -0.144763 -0.052935 -0.576158 1.315212 0.934698 1.143551 0.345287 -0.303051 0.070770 0.165216 0.031671 
3.230591 -0.182192 1.083805 -0.402763 1.142667 0.919809 0.990037 1.242187 0.495999 -0.064063 0.018441 0.005171 
3.333845 0.232416 0.211028 -0.933917 1.504313 1.411951 0.278646 0.801410 0.094435 -0.059472 0.277450 0.050402 
3.185104 -0.598251 -0.012325 -0.900753 0.966276 0.958495 0.163682 0.783522 0.138772 0.342841 0.210286 -0.059078 
3.574680 0.073894 0.718423 -0.857668 1.833952 1.068417 1.054853 0.565514 0.494301 0.469279 0.167099 -0.001945 
3.664107 0.246216 0.762483 -0.891829 1.438459 0.649553 0.479786 0.696471 0.112875 0.021686 0.218380 0.015931 
3.576029 0.018664 0.613329 -0.824646 0.998100 1.062948 0.641257 0.163355 0.591099 0.273793 -0.033420 -0.008244 
3.392181 0.187705 0.967568 -0.731873 1.360827 1.195617 0.205205 0.481904 -0.366068 0.218092 0.182996 -0.024601 
3.687093 0.351554 1.340636 -1.196167 0.671260 1.336737 0.539889 0.579903 -0.068677 0.218477 -0.026512 -0.063780 
4.067386 0.254598 0.895893 -0.135208 1.020150 0.100387 0.348149 0.432636 -0.480925 0.190621 -0.155521 -0.057021 
3.390320 0.312437 1.065405 -1.040395 0.925192 1.290024 0.980007 0.801177 0.280365 -0.008490 0.176946 0.028790 
3.427466 0.425176 0.585666 -0.652856 2.182532 1.394910 0.895221 0.751935 -0.190092 0.343507 0.067854 -0.011336 
2.943286 0.886230 0.408093 0.348318 1.152434 2.023098 1.598803 0.877678 0.452028 0.214262 0.103569 -0.033098 
2.584789 1.500385 0.845378 0.914458 1.941858 -0.924401 0.507617 1.063382 1.008380 0.403953 0.171277 -0.007842 
1.115406 0.389759 1.410050 1.310079 1.155947 1.275677 1.192844 1.422854 0.253191 -0.011344 -0.156895 -0.008508 
0.802789 1.295857 0.467312 1.447113 1.722533 1.510515 0.928187 1.242341 0.719656 0.068534 -0.060370 -0.064387 
0.986057 1.532949 -0.070126 0.720673 1.750000 1.465211 1.786161 0.483139 0.673938 0.220467 -0.285763 -0.031778 
0.744401 0.668517 -0.136572 1.392934 2.464401 1.401182 1.542906 0.934704 0.569049 0.636960 -0.192973 -0.140385 
0.815788 1.039021 0.587465 2.206595 1.724793 0.540726 1.248709 0.139757 0.590110 0.318876 0.097679 -0.083401 
0.861880 0.584998 0.769279 1.902046 1.646876 1.577018 0.321244 0.783394 1.005064 0.141332 -0.066887 -0.097701 
0.654658 0.682848 0.223981 1.982402 2.328328 1.801208 0.705119 0.645539 0.769264 0.319429 -0.246522 -0.046691 
1.260536 0.762009 0.153287 1.155522 1.033613 0.758571 0.550069 0.977278 0.648758 0.138730 -0.254268 -0.125088 
1.062212 1.153473 -0.235280 1.204081 0.152437 0.343561 0.463753 0.182877 0.538911 -0.169478 -0.546115 -0.202287 
1.361104 0.606152 0.508130 0.249240 0.113545 0.142743 -0.086648 0.392718 -0.112642 -0.216211 -0.583449 -0.167035 
1.425877 0.893970 0.658108 -0.080761 0.088007 -0.020839 -0.296435 0.569123 0.327438 -0.116473 -0.280124 -0.202061 
1.075948 0.544198 0.798028 0.667672 -0.028987 -0.249200 0.009243 -0.267791 -0.146839 -0.307577 -0.288897 -0.264492 
0.712439 1.537730 0.951741 -0.101689 0.218034 0.207843 -0.201869 0.440627 0.148201 -0.461350 -0.792876 -0.031719 
1.957252 1.032370 0.757654 0.362025 1.204944 0.548266 0.776761 0.722382 0.196484 -0.196636 0.350854 -0.096027 
1.743012 0.647245 1.011416 1.071292 1.368919 1.039695 0.752159 0.173631 0.062808 0.428336 0.114362 -0.056016 
1.290446 1.045632 1.358019 2.311511 0.287185 0.632148 0.378520 0.361881 0.548956 0.747809 0.032910 -0.103285 
0.993567 1.508406 0.862542 0.457497 0.238318 0.865471 0.521081 1.405047 0.492403 0.269537 -0.306406 -0.050254 
1.536582 0.819651 -0.413588 -0.047027 0.545692 0.240284 0.618168 1.153304 0.254414 0.271955 -0.228628 -0.156525 
1.482251 0.937099 -0.403531 0.711248 0.671790 0.277739 0.476498 0.532295 0.687805 0.082661 -0.296675 -0.184900 
1.069856 0.711129 1.120115 0.342504 0.953678 0.576469 1.228538 0.638510 0.923788 0.347062 -0.285068 -0.083807 
1.746612 0.263227 1.033899 0.648103 1.570638 1.010922 0.686048 0.684560 1.094340 0.083625 0.221265 -0.053739 
2.134111 0.312631 0.817924 1.305663 1.579022 0.749608 1.245239 0.801788 0.293873 0.339217 0.194401 -0.012912 
2.453555 0.405226 1.509352 0.851372 0.596884 1.343887 1.317756 0.350374 0.206186 0.171927 0.276435 0.013525 
3.391494 0.092760 1.266525 0.875454 0.497936 1.192897 0.886553 0.638911 0.432020 0.306847 0.415719 0.032325 
3.638034 0.112757 0.767992 0.732978 0.975186 1.129933 0.465808 0.994400 0.904074 -0.303631 0.306058 0.082425 
5.081481 2.411642 0.516293 0.289887 0.006391 0.241919 1.133481 0.777833 0.116940 0.169158 0.198400 0.060744 
5.780982 3.244706 1.648753 1.555685 1.040633 0.470470 0.424343 0.923427 1.087446 0.235791 0.077367 0.008859 
6.403827 3.390791 1.192566 0.788460 0.442349 -0.243321 0.079888 1.025014 0.698834 -0.201265 -0.206112 -0.058861 
4.591144 3.694713 2.160162 0.783596 0.182060 0.416094 0.795574 0.828052 0.406859 0.067274 0.120631 0.005036 
2.210420 1.341370 0.864334 0.552229 0.391232 0.283681 0.232599 0.206251 0.171445 0.115636 0.066177 0.018020 
3.714687 2.635121 2.347865 2.670795 2.281168 2.163578 1.433829 1.347591 0.534434 0.166318 0.020099 0.037310 
3.413603 0.845731 0.814091 1.112275 2.062998 1.911812 0.791666 1.180308 0.482960 0.366111 0.333983 0.011050 
-1.#IND00 -1.#IND00 -1.#IND00 -1.#IND00 -1.#IND00 -1.#IND00 -1.#IND00 -1.#IND00 -1.#IND00 -1.#IND00 -1.#IND00 -1.#IND00 
-1.#IND00 -1.#IND00 -1.#IND00 -1.#IND00 -1.#IND00 -1.#IND00 -1.#IND00 -1.#IND00 -1.#IND00 -1.#IND00 -1.#IND00 -1.#IND00 
