3.709051 0.304661 0.581419 -1.348436 1.605857 0.475979 0.288146 0.758053 0.440546 0.559424 0.357186 0.017357 
3.866982 -0.442369 0.618245 -0.853424 0.957425 1.219323 0.847943 0.742730 0.169679 0.357182 0.155484 -0.008981 
3.321436 0.300523 0.721715 -0.439477 0.916226 0.695578 0.804800 1.046176 0.206680 0.282613 0.075851 -0.043205 
3.595671 0.181866 0.576394 -1.430108 0.931346 1.106104 0.384610 0.573433 0.316777 0.451777 0.074913 -0.032998 
3.599527 -0.085598 0.346877 -1.043884 1.146835 0.687659 -0.072962 0.506628 0.320378 0.456519 0.297077 0.005138 
3.470371 -0.224390 0.274529 -0.732086 1.776355 0.479729 0.686484 1.263219 -0.139128 0.183607 0.275792 -0.031787 
3.275120 -0.564992 -0.176359 -1.143154 1.981489 0.286621 0.394155 -0.119696 -0.178235 0.324065 0.165071 0.045764 
3.283581 0.064891 -0.061770 -1.342616 1.494610 1.012550 0.138620 0.517766 0.177929 0.266934 0.189115 0.021669 
3.382220 -0.101341 0.061349 -1.762748 1.336834 0.533810 0.375200 -0.256856 0.005808 0.341770 0.157658 0.028921 
3.397650 0.019124 0.601900 -1.343132 1.347381 0.537838 0.003026 0.501045 -0.306158 0.552179 0.510282 -0.004405 
3.571112 -0.062579 0.609699 -0.729964 1.452151 1.144618 0.430063 0.689034 0.409412 0.123826 0.020028 -0.021526 
3.163346 -0.348692 0.252990 -0.877156 1.354473 0.519674 0.522964 0.284201 -0.086624 0.065514 0.057390 0.002322 
3.286193 -0.376144 0.683231 -0.582975 2.236701 1.398141 0.711266 0.336033 0.426962 0.019436 -0.112485 0.010747 
3.907741 -0.913005 0.412703 0.227148 2.783329 0.724625 0.766658 1.209871 0.166681 0.455461 0.041846 -0.067072 
2.885824 -0.014805 1.099036 1.757374 0.678559 0.706244 1.821678 0.573351 0.503686 -0.164801 0.290350 0.019749 
0.746980 0.685519 1.692826 2.375210 0.747114 1.138092 0.944656 1.211338 0.748848 0.532917 -0.204465 -0.037048 
0.938239 1.041983 1.512386 1.122051 1.789757 0.690298 1.266541 0.822232 0.738427 0.343551 0.121674 -0.075315 
1.236386 1.362280 0.760824 2.187016 0.982411 2.111696 0.576304 0.203156 0.913887 0.207496 0.241696 -0.075295 
0.952414 0.799119 1.160248 1.773063 0.319512 1.759720 0.805208 1.214541 0.451444 0.313563 -0.052599 -0.030591 
0.997050 0.992784 0.649594 2.323442 0.936095 0.976124 0.918310 0.892745 0.477779 0.539225 0.227791 -0.109099 
1.040918 0.333922 1.581789 1.135072 2.775519 0.519191 1.104313 0.341345 0.723825 0.471002 -0.183655 -0.029558 
0.658870 1.179991 1.199869 0.910172 1.984843 2.016203 1.318369 0.494494 0.630369 -0.145695 -0.038103 0.011016 
1.000878 1.692274 0.112589 1.372049 1.513102 1.081487 0.694627 1.288809 0.617965 0.377538 -0.371301 -0.013793 
1.372318 0.860882 0.751759 0.941729 0.588138 1.058550 1.186011 1.087277 0.469020 0.450992 -0.159626 -0.132576 
1.598072 0.969545 0.907850 0.682306 0.941060 0.051726 0.399339 0.338985 0.257153 0.182796 -0.040931 -0.121181 
1.285592 1.394496 0.558360 0.729842 0.637028 0.696598 0.119658 0.248125 0.228642 -0.443271 -0.366111 -0.086866 
0.818932 1.490475 1.075768 0.564186 0.393412 0.645369 -0.196106 0.044886 0.155408 -0.213995 -0.443977 -0.108970 
1.551792 0.852655 0.981462 0.876693 0.593226 0.472888 -0.268266 0.462164 0.024657 0.141347 -0.125226 -0.107301 
1.602583 1.264773 0.019705 1.483584 0.490199 0.401762 0.732891 0.493168 0.207788 0.330053 -0.224307 -0.100507 
0.808209 1.904123 1.233740 0.255660 1.518052 1.010564 0.761146 0.808470 0.324379 0.240731 0.074838 -0.050309 
1.277589 0.668629 1.422215 0.647418 1.475567 1.172156 1.180807 0.836124 0.129369 0.305491 0.105416 -0.052100 
0.962472 0.919164 1.616895 0.941782 1.527497 0.641271 0.686945 0.821365 0.880958 0.062441 0.151483 -0.077290 
1.000924 1.340624 0.646212 0.893568 1.497040 1.434753 0.360219 1.000343 0.576178 0.074977 -0.175287 0.003290 
0.921190 0.958715 1.039130 0.333601 0.947285 1.620442 0.835672 0.923526 1.054186 0.129443 -0.392240 -0.048714 
1.042538 1.271748 0.654140 0.394674 1.309131 0.692244 0.764967 0.948310 1.058224 0.431822 -0.226304 -0.047443 
0.865575 1.701850 0.469969 0.897394 1.287378 1.041759 0.476649 0.849369 1.287074 0.504568 -0.329526 -0.008546 
1.305459 0.983114 0.466571 1.514963 1.221958 1.168964 0.175735 1.803716 0.141750 0.649071 -0.066249 -0.054047 
1.477556 1.155519 1.946621 0.993082 1.610557 0.922554 0.575122 0.534976 0.101673 0.511015 0.391481 -0.106049 
2.771487 -0.099642 1.795525 1.427752 1.659738 0.594962 0.687013 0.503349 0.072402 0.338805 0.294299 -0.029392 
3.216054 -0.496046 0.624797 1.165804 0.628284 2.115737 1.469388 1.149232 0.783922 -0.541468 0.131109 0.095510 
4.278372 0.259907 0.809920 1.828556 0.801516 0.686476 1.750184 -0.050528 0.685317 0.421351 0.014206 -0.061254 
4.354122 2.200417 0.546722 0.462826 0.829256 0.837471 0.528020 0.485205 0.509012 0.256666 0.017755 -0.012127 
5.720460 2.695855 0.722280 0.122666 0.609751 1.249707 0.821942 0.614397 0.362988 0.123251 0.221942 0.092290 
4.453582 3.259063 1.708268 0.449356 0.375465 0.757109 0.934512 0.642614 0.188303 0.055717 0.043665 0.005271 
4.857415 3.065384 0.721954 -0.236835 0.425025 1.323844 1.241883 0.568815 0.222197 0.294524 0.266565 0.092487 
3.456049 3.081089 2.571141 2.024137 1.441503 1.094350 0.855486 0.644843 0.474853 0.307766 0.008855 0.012010 
2.793856 2.512801 2.555214 2.582612 2.090037 1.486754 1.109055 0.706320 0.388332 0.323391 0.108062 0.034446 
2.963345 1.792345 1.138527 0.968462 1.542592 1.806625 1.467298 0.606777 0.087269 0.273194 0.356903 0.059227 
-1.#IND00 -1.#IND00 -1.#IND00 -1.#IND00 -1.#IND00 -1.#IND00 -1.#IND00 -1.#IND00 -1.#IND00 -1.#IND00 -1.#IND00 -1.#IND00 
-1.#IND00 -1.#IND00 -1.#IND00 -1.#IND00 -1.#IND00 -1.#IND00 -1.#IND00 -1.#IND00 -1.#IND00 -1.#IND00 -1.#IND00 -1.#IND00 
