3.229303 0.045578 0.682733 -0.805425 1.444718 0.751748 0.698809 0.647902 0.326557 0.356971 -0.027362 -0.023544 
3.694712 0.213014 0.245041 -1.280941 0.941158 1.362578 0.393251 0.499147 0.287521 0.230249 0.066843 -0.032787 
3.376059 -0.321372 0.597543 -0.945672 2.351072 1.244789 0.800037 0.237030 0.127318 0.331531 0.054194 -0.040379 
3.383442 0.224475 0.150331 -0.537932 1.815951 1.579480 0.068757 0.771614 0.302874 -0.065684 0.117463 -0.031769 
3.510869 0.201859 0.767786 -0.510723 1.181258 0.882500 1.033347 0.841307 0.558197 0.065372 0.094659 -0.013304 
3.589451 0.184148 0.096307 -0.719566 1.221024 1.168784 0.868062 0.891264 0.453566 0.605193 0.163886 -0.033663 
3.690002 0.510888 0.736888 -0.280215 0.899092 1.538607 0.378365 0.668195 0.173449 0.560516 0.221223 -0.007966 
3.520494 -0.011654 0.271955 0.018005 1.679760 0.781104 1.033607 0.775096 0.112303 0.199435 0.055953 0.019768 
3.719750 0.183620 0.375538 -0.145917 1.469797 0.818781 0.815689 0.661622 -0.170006 0.318263 0.314751 0.031279 
3.505524 -0.039187 0.504841 -0.980667 1.593141 0.839481 0.382675 0.692864 0.701933 0.273443 0.139924 0.010998 
3.683520 -0.027351 0.620594 -1.011513 1.779244 1.047524 0.811516 0.142053 0.272027 0.025661 0.191242 0.110078 
3.582507 0.349601 0.643237 -0.789278 1.390898 0.839561 0.284693 -0.069879 0.253135 0.422116 0.334070 0.077840 
3.555075 0.608475 1.015895 -0.454815 1.427088 1.110298 0.357070 0.496117 0.710402 0.598596 0.170112 -0.009052 
3.654780 -0.139259 0.148645 -1.002420 0.841997 0.465757 1.131126 0.199012 0.023574 0.175014 -0.061276 -0.009941 
3.549163 1.159463 0.544788 0.350856 1.451741 1.225635 0.998301 1.027945 0.441787 0.063669 0.089070 -0.032147 
4.805226 -0.544955 0.667114 2.034928 1.874291 0.598831 2.749019 2.305818 0.304380 0.554931 0.028022 -0.132777 
3.797779 0.582759 0.629819 -0.218919 2.303982 0.854704 1.971609 1.528185 0.592724 0.596060 0.348516 0.034238 
2.424335 1.124809 1.716840 2.753936 2.154973 2.632067 2.360396 0.801557 -0.022214 -0.069714 0.094636 0.122156 
1.654805 0.288255 1.133756 0.874183 1.177543 2.045602 1.872885 0.800776 0.848213 0.195544 -0.043843 -0.068848 
1.258351 0.695314 0.599504 1.775599 1.724248 1.625857 0.977696 1.135360 0.155266 0.275438 0.038161 -0.045571 
0.927013 1.117063 0.777315 1.436341 1.917545 0.813186 1.256435 0.481051 0.787435 0.125903 0.202658 -0.110043 
0.782990 0.417549 1.304663 2.224583 1.031263 0.997129 1.056376 0.865167 0.731989 0.414041 -0.060934 -0.069335 
0.651139 0.829427 1.214685 1.108795 2.076427 1.408367 0.511702 0.488558 1.142517 0.467989 0.126889 -0.136636 
0.713450 0.413135 0.823757 2.181120 2.289553 1.725924 0.758167 0.932938 0.795035 0.437334 0.048851 -0.103064 
0.961240 0.483747 0.915391 1.930283 1.273353 2.034944 0.972355 0.190900 1.075471 0.553793 -0.003538 -0.137093 
0.750117 0.751925 1.397342 1.346798 2.604152 0.614260 1.074618 1.220719 0.986425 0.170656 -0.078374 -0.055903 
0.961422 0.774049 1.188177 0.962809 1.638474 1.820870 0.901359 0.858707 1.096770 -0.022063 0.093366 -0.072151 
1.047062 1.223771 1.017860 0.809627 0.256163 0.292128 0.963912 0.564175 0.598820 -0.173234 -0.211969 -0.132154 
1.702154 1.526223 0.791953 -0.213918 0.216610 0.575552 0.551008 0.192163 -0.273514 -0.111809 -0.304501 -0.096203 
1.062359 1.601725 0.418266 0.473891 -0.100581 0.134476 0.589852 0.331463 -0.415346 -0.769618 -0.125179 -0.127902 
1.145273 1.349151 0.903367 1.006361 0.227045 -0.042713 0.136723 -0.013105 0.490737 -0.176763 -0.300087 -0.057249 
1.186875 1.129731 1.030352 0.913224 0.375458 0.485155 0.292516 0.452342 0.240825 -0.036480 -0.236291 -0.071956 
1.547674 0.692935 0.902754 0.989909 0.749341 0.505587 0.538118 0.736906 0.622162 0.217053 0.100683 0.012736 
1.202614 1.149730 0.743752 1.473364 1.380152 0.149213 0.877845 0.304132 0.904327 0.494149 0.017592 -0.008455 
1.439619 1.377789 0.990910 0.959231 0.966570 0.815729 1.159746 0.925227 0.173447 -0.004079 0.119395 0.004166 
0.787494 1.151033 1.250513 2.320921 0.615913 0.480394 0.853738 0.362332 0.818443 0.276201 0.243220 -0.084852 
1.328215 1.387040 0.888941 0.425787 0.309969 0.990790 1.018595 0.862619 0.379691 0.300196 0.019758 -0.111057 
1.795565 0.789707 0.429811 0.203667 0.651711 0.915764 0.743926 0.699730 0.287954 0.443816 -0.307177 -0.075817 
1.141385 1.171098 1.056248 0.822360 0.479270 0.963325 0.625906 1.068029 0.783683 0.208763 -0.098094 -0.098208 
0.881242 1.667317 0.602532 0.656884 1.585888 0.669514 1.969275 0.855501 0.493053 0.586836 -0.052408 -0.066571 
0.623665 1.486300 0.997810 1.506034 1.416911 1.180181 1.155539 1.410242 0.616828 0.134449 -0.052592 -0.021363 
1.557111 1.158045 1.303305 0.111555 1.792827 0.963783 1.013499 0.163032 0.275506 0.176916 0.291060 -0.045032 
1.941367 0.215760 1.763288 0.897775 2.007572 0.831589 0.988749 0.928368 0.779709 -0.364386 0.034782 0.041271 
2.380469 -0.016512 1.236937 1.017016 1.513275 1.032794 0.945559 0.833288 1.189842 -0.174386 0.260934 0.006853 
4.628600 -0.886250 1.066953 1.106380 1.226210 1.476066 1.140238 0.639059 0.650534 0.160219 0.114534 0.065128 
4.457791 1.361643 0.204217 0.737399 0.970404 0.908309 0.883007 0.617081 0.447504 0.487937 0.241292 0.026870 
4.332837 1.917995 -0.087121 0.247000 0.893273 0.693201 0.574168 1.016015 0.810995 0.178347 0.199734 0.035643 
5.970813 3.064004 -0.315744 -0.506450 0.917037 0.965075 0.343347 0.078498 0.289396 0.248926 0.245853 0.067013 
-1.#IND00 -1.#IND00 -1.#IND00 -1.#IND00 -1.#IND00 -1.#IND00 -1.#IND00 -1.#IND00 -1.#IND00 -1.#IND00 -1.#IND00 -1.#IND00 
-1.#IND00 -1.#IND00 -1.#IND00 -1.#IND00 -1.#IND00 -1.#IND00 -1.#IND00 -1.#IND00 -1.#IND00 -1.#IND00 -1.#IND00 -1.#IND00 
