3.315409 -0.156443 0.588780 -1.424376 0.580880 0.106460 0.847477 1.146633 0.473647 0.355678 0.079703 -0.028192 
3.756470 -0.436793 0.820686 -0.237146 0.675012 1.443161 0.459352 1.027937 -0.183564 0.530034 0.188454 -0.107893 
3.817578 -0.112274 0.809232 -0.417588 0.884240 0.641373 0.419217 0.359548 0.567630 0.070018 0.063799 0.005573 
3.472503 0.122685 0.863050 -0.630586 1.697777 0.927557 0.783766 0.554879 0.220520 0.757335 0.393991 -0.014327 
3.416026 0.218312 0.088844 -0.697525 0.586514 0.458556 0.958046 0.233270 0.378310 0.572701 0.158103 -0.030173 
3.524996 0.201031 0.732819 -0.163669 2.262949 0.612287 1.161704 1.302501 -0.290287 0.764941 0.180804 -0.040805 
3.391968 0.238459 0.442791 -0.925724 1.654764 0.586094 0.220340 0.459547 0.118921 0.461200 0.163152 -0.023093 
3.546797 -0.222146 0.035970 -0.872771 0.948924 0.632889 0.545038 0.315794 0.221962 0.281448 0.122204 -0.026818 
3.232268 -0.297760 0.436746 -1.233690 1.176147 0.868218 0.213465 0.796264 -0.011689 -0.071908 0.085265 -0.042566 
3.499015 -0.109119 0.434236 -0.744300 1.482037 0.800530 0.724630 0.287746 0.398552 0.326949 0.015435 -0.007872 
3.646653 0.031807 0.823274 -0.746138 0.971816 0.389728 -0.276439 0.358481 0.228812 0.596888 0.260444 -0.051576 
3.447198 -0.011783 0.475439 -1.162220 2.119437 1.647320 0.744704 0.655971 0.598469 0.327645 0.134402 -0.022033 
3.448971 -0.711133 1.733344 -0.197271 1.639392 1.290278 1.806925 0.672605 0.544084 0.545177 0.262162 0.006196 
3.404705 -0.322472 0.033082 -1.126040 1.413856 0.597984 -0.150380 0.074270 0.614854 0.232742 0.156304 -0.026488 
4.231843 1.188240 0.441064 1.404666 1.308850 0.649685 -0.350172 0.264215 0.098963 -0.082023 0.427850 0.127997 
2.036575 1.168485 1.180956 1.575986 0.457203 0.674173 1.188042 0.913085 0.172662 0.276694 -0.015665 -0.035230 
2.326261 0.586316 0.876407 1.169594 0.851497 1.117525 1.051137 0.407727 0.503225 0.654901 -0.073373 -0.056667 
0.857025 1.346686 0.837242 1.488189 1.397073 1.140679 1.708762 0.992235 0.840522 0.129140 -0.104070 -0.027102 
0.613062 0.911408 0.791154 1.158781 2.673843 1.746244 1.241051 1.564731 0.218194 0.034746 -0.035918 -0.021972 
1.110079 0.925964 0.744834 0.106117 2.281110 2.022099 0.401819 0.783929 0.933774 0.284669 0.237627 -0.134192 
0.884597 0.793423 1.139439 0.236088 2.571461 1.881371 1.098590 0.098569 1.148448 0.370521 0.096084 -0.057468 
0.562807 0.379888 1.190122 2.564354 1.851203 0.908605 0.806574 0.841646 1.079121 0.168264 0.191166 -0.156146 
0.779361 1.046120 0.783349 1.304400 2.477643 1.206007 0.158670 0.595501 1.218666 0.841970 -0.335655 -0.067500 
0.647934 0.850542 0.714901 1.505382 2.902805 1.006323 0.684375 0.561787 1.424512 0.361472 -0.227602 -0.086218 
1.190074 0.668679 0.139406 0.126688 1.411546 1.680415 0.594803 1.133559 0.406089 0.230094 -0.170265 -0.125128 
1.103140 1.079223 0.776667 0.876410 -0.078418 1.071399 0.486661 0.860125 0.695812 -0.110335 -0.173096 -0.171103 
1.294317 1.303002 0.831606 -0.047035 0.587494 0.336431 0.048375 0.745863 0.993209 -0.254497 -0.330196 -0.130049 
1.432194 1.260262 0.597799 0.115829 0.125382 0.398988 0.330150 0.467902 0.442379 -0.308529 -0.250924 -0.093074 
1.440951 1.092422 0.745893 0.578424 -0.111911 0.955095 0.085197 0.212287 0.400860 -0.274109 -0.371887 -0.052337 
0.962739 2.199450 1.103765 1.288813 0.086140 0.176203 -0.074793 0.019467 0.493858 -0.274789 -0.109560 -0.102859 
1.237568 0.984749 1.373724 0.932103 1.038980 0.762340 0.814617 0.960886 0.544385 0.214321 -0.222202 0.016077 
1.228499 1.378586 1.910577 1.008818 1.261591 0.992195 0.741619 1.070390 0.213711 0.186075 0.266548 -0.030119 
1.333787 1.242080 1.503482 0.322644 1.314423 1.094279 1.044094 1.072777 0.535847 -0.112512 0.079126 0.008177 
1.234421 0.463462 1.371170 1.126702 0.937888 1.551098 1.542102 0.530946 0.277910 0.291388 0.031237 -0.051831 
0.842568 1.578089 1.342950 0.020862 0.858346 1.292015 0.295437 0.510789 0.599330 0.518975 -0.022072 -0.143103 
1.338403 0.795045 1.155812 0.621304 0.356010 0.334382 0.689366 1.174803 1.114441 0.378559 -0.291151 -0.105122 
1.498971 0.827941 0.146629 1.289968 0.629105 0.969782 1.225439 0.233915 1.124598 0.395432 -0.402547 -0.116203 
1.595803 0.819062 0.321785 0.678617 1.210321 1.210905 -0.498256 1.490793 0.995858 0.275607 -0.148374 -0.129238 
1.552945 0.750749 1.141087 1.524559 1.104988 0.454459 0.149761 0.850632 0.436221 0.420726 0.131010 -0.060760 
2.272884 0.241850 1.153719 1.396332 0.852353 0.861296 0.804194 0.885344 -0.004045 0.344197 0.149388 -0.034789 
2.811663 -0.310307 1.380965 0.785219 1.537385 0.840781 1.021698 0.553421 0.359446 0.542728 0.391149 -0.044716 
4.746328 -1.227200 1.286640 1.518284 1.132425 1.483056 0.944346 -0.034738 0.897636 0.244020 -0.072298 0.053544 
5.316486 -0.264978 0.585070 1.932514 0.982431 1.102760 1.094988 -0.232414 0.230764 0.167441 0.172463 0.071587 
7.425625 1.622119 -0.306271 -0.256328 1.021549 1.182065 0.510936 0.394869 0.428247 0.485456 0.322204 0.075469 
5.501977 2.744051 0.629100 0.004496 0.449410 0.998936 0.785236 0.539695 0.439364 0.061129 0.156038 0.055772 
5.007920 3.525648 1.271130 0.036519 0.327132 0.903153 0.925572 0.505188 0.154510 0.135284 0.247399 0.101386 
4.512100 3.275773 1.323139 -0.125003 -0.253081 0.442628 0.900939 0.754906 0.298248 0.076661 0.151324 0.034952 
4.314308 3.241431 3.477625 3.708724 2.332775 1.123381 1.172790 0.988581 0.078980 -0.114615 0.156467 0.027833 
-1.#IND00 -1.#IND00 -1.#IND00 -1.#IND00 -1.#IND00 -1.#IND00 -1.#IND00 -1.#IND00 -1.#IND00 -1.#IND00 -1.#IND00 -1.#IND00 
-1.#IND00 -1.#IND00 -1.#IND00 -1.#IND00 -1.#IND00 -1.#IND00 -1.#IND00 -1.#IND00 -1.#IND00 -1.#IND00 -1.#IND00 -1.#IND00 
