3.380259 -0.238899 0.947680 -1.203059 1.325515 0.502590 -0.143407 0.576384 -0.215031 0.495274 0.279216 -0.033167 
3.615064 -0.079816 1.011141 -0.706303 1.571618 0.996416 1.257835 0.677558 0.130851 0.441657 0.205426 0.007923 
3.200371 -0.274899 0.824864 -1.033280 1.642735 1.041770 0.928780 0.663202 0.403450 0.129603 0.231883 0.066355 
3.654360 0.035895 0.764429 -0.686292 1.636859 0.069466 0.434935 0.380093 0.072192 -0.014658 0.343440 0.086078 
3.522409 -0.263386 0.424479 -0.255281 1.382452 0.905272 0.122746 0.699743 0.002417 0.159288 0.190099 0.016539 
3.436824 -0.186147 1.065823 -0.943058 1.315185 0.872533 0.858125 0.524200 -0.129871 0.516951 0.111965 -0.016133 
3.674122 -0.025832 0.391044 -0.032088 1.333352 0.941450 0.726272 -0.019956 -0.244496 0.549057 0.247529 0.010698 
3.459064 0.564250 0.270971 -0.533946 1.331006 0.723711 0.430553 1.031901 0.409277 0.401795 0.202940 -0.028946 
3.254516 -0.050376 0.616905 -1.073106 1.266355 1.305629 0.612670 0.656742 0.380094 0.728051 0.207208 -0.082346 
3.622840 0.176811 -0.218693 -0.553181 1.680020 0.713526 0.773026 0.713632 -0.160527 0.735045 0.101940 -0.067002 
3.434512 0.346815 0.361895 -0.741169 1.307373 0.589040 0.752275 0.373575 0.102895 0.162779 0.145372 0.031212 
4.543026 1.435822 2.264163 1.655044 2.596893 1.840389 0.545187 1.015309 0.779563 0.277354 -0.187216 -0.079717 
3.651184 -0.577315 0.197495 -0.438612 2.561493 -0.013760 0.595371 0.099767 0.940858 0.575662 -0.300961 -0.051043 
1.809932 1.063836 -0.731023 1.462242 0.857874 1.427581 1.337764 1.088113 0.628364 0.623937 -0.214806 -0.059107 
0.967041 0.578768 0.694405 1.644409 1.502605 2.451106 1.764057 0.332156 0.456727 0.023262 -0.143211 0.005863 
1.048956 0.597020 0.354610 2.109753 1.452416 1.461260 1.801826 0.437823 1.134898 0.095016 -0.124671 -0.094187 
0.691617 0.998304 0.401423 1.295770 2.716599 1.771409 1.033618 0.201264 0.631307 0.267504 0.066183 -0.039973 
0.761333 0.628119 1.003751 1.119107 2.790880 1.594130 0.137033 0.805532 1.247086 0.544424 -0.366258 -0.047926 
1.008313 -0.182206 0.701581 2.051573 2.419879 1.730710 0.504716 1.600015 0.421764 0.303945 0.160895 -0.142565 
1.131032 0.571341 0.590067 2.844097 1.296934 0.831975 -0.062203 0.382655 0.767456 0.516848 -0.229657 -0.078062 
1.334666 0.300385 0.598925 1.387240 1.152888 0.324795 0.317070 1.105416 1.062158 0.348615 -0.261308 -0.157971 
1.676693 0.661624 -0.821669 1.009548 0.404852 0.278493 0.251431 0.709449 0.786165 0.237032 -0.264592 -0.170914 
1.439456 1.316592 -0.327324 0.348640 0.407513 0.188622 -0.145624 0.236875 0.403824 -0.013534 -0.479021 -0.176025 
1.224152 1.118917 0.280672 0.556608 0.609508 0.507497 -0.659831 0.190401 0.210271 -0.166714 -0.623264 -0.127171 
1.052184 1.419245 0.482311 0.683649 0.734907 0.662956 -0.379615 0.317647 -0.014229 -0.127411 -0.551173 -0.053108 
1.401703 1.524464 0.857825 0.657440 0.286350 0.580433 0.089775 0.254891 -0.131975 -0.230368 -0.215028 -0.092774 
1.351707 1.128975 1.634425 0.740270 0.787448 0.151421 0.942638 0.543582 0.352812 0.062309 0.355560 -0.062430 
1.258221 0.451170 1.551206 0.860075 1.302457 1.618411 0.829543 0.995078 -0.248716 0.674039 -0.036845 -0.008651 
1.093429 1.303123 1.211106 1.259712 0.822768 1.505562 0.472690 1.227014 0.688666 -0.032436 0.216560 -0.023513 
1.274046 1.469344 0.536385 1.812820 0.333937 1.218918 0.670533 1.212517 0.313724 0.368505 0.104899 -0.067893 
0.914419 1.538442 0.834422 0.897350 0.151735 0.883445 0.696444 1.162577 0.720010 -0.294227 -0.379234 0.004869 
1.272704 1.301774 0.563675 0.441759 0.183147 1.198119 0.832442 0.771490 0.209246 0.083297 -0.167821 -0.078025 
1.137397 1.087547 0.636393 0.806935 1.021715 1.271420 1.232785 0.708168 0.781213 0.405870 -0.282390 -0.068619 
1.473099 1.174739 1.064055 1.198529 0.655215 1.081299 1.110637 0.664905 0.773039 0.266987 0.326842 -0.067852 
1.185504 0.962944 1.303919 1.045418 1.183462 1.168468 0.763793 0.412348 0.734975 0.635915 0.209228 -0.083778 
1.886688 0.635675 1.470303 0.106323 1.436178 0.979890 1.541126 0.524928 0.453452 0.140159 0.095681 0.005924 
2.749937 -0.544055 1.416160 0.985192 1.256393 2.097089 1.594242 0.969674 0.263573 0.254002 0.222491 -0.016967 
4.003320 -0.862956 1.737133 0.380906 1.834634 0.175748 1.735422 0.308985 1.074895 0.873052 -0.222143 -0.009241 
6.359246 0.872621 -0.936804 1.383405 1.308728 0.532880 1.030796 1.268480 1.044845 0.329943 0.105530 0.022583 
4.731905 0.910578 0.399452 1.033048 1.110302 0.844028 1.201838 1.125802 0.455165 -0.150623 -0.055065 0.012126 
2.815390 2.058851 1.581828 1.084496 0.903220 1.216685 1.554152 1.486601 1.067109 0.514002 0.149499 0.009455 
6.479380 3.525564 2.858325 0.642510 -1.196780 -0.071633 2.169123 -0.062790 0.807967 0.529325 0.161198 0.029698 
4.026177 2.880626 3.104582 3.371895 3.194456 2.229925 1.410492 0.778453 0.466915 0.304254 0.163868 0.034816 
5.050103 1.514495 2.997037 3.201844 2.867511 1.828745 1.660462 2.020788 0.385444 -0.037197 0.187111 0.092511 
4.286441 0.773827 2.178167 0.071291 2.075925 1.173100 1.065990 1.087149 0.644572 0.405677 0.334183 0.069820 
3.720254 0.429265 1.293783 -0.492745 2.800508 1.131346 1.224961 1.147046 0.903424 0.302997 0.237706 0.022223 
3.287912 0.343604 0.747267 -0.636063 1.739271 1.165377 1.166123 1.469547 0.002388 0.227603 0.155969 -0.017679 
3.729012 0.205791 0.424591 -0.387584 1.544996 1.434745 0.862853 0.899980 0.132976 0.307329 0.342564 0.028850 
-1.#IND00 -1.#IND00 -1.#IND00 -1.#IND00 -1.#IND00 -1.#IND00 -1.#IND00 -1.#IND00 -1.#IND00 -1.#IND00 -1.#IND00 -1.#IND00 
-1.#IND00 -1.#IND00 -1.#IND00 -1.#IND00 -1.#IND00 -1.#IND00 -1.#IND00 -1.#IND00 -1.#IND00 -1.#IND00 -1.#IND00 -1.#IND00 
