3.288338 0.208979 0.233690 -0.551142 1.340013 0.658422 0.890184 0.657346 -0.139504 0.213031 0.169391 0.029102 
3.487003 0.329040 0.615612 0.053822 0.173945 1.408278 1.622144 0.451586 0.568861 0.410794 0.080361 -0.027742 
3.292977 -0.148030 0.002757 -0.839161 1.834852 0.275273 0.179884 0.556014 0.159993 0.129144 0.264813 -0.009827 
3.086617 0.217400 0.794736 -0.386879 1.469244 1.609748 0.922749 0.108893 0.481170 0.218423 0.195438 0.054215 
3.537521 0.419990 0.776741 -0.518998 1.320525 0.978596 1.021209 0.919347 0.459826 0.347925 0.309053 0.040923 
3.447705 -0.086963 0.325483 -0.977025 1.253510 1.045394 0.269477 0.540639 0.271945 0.221456 0.145667 0.002148 
3.346818 0.407121 -0.140224 -1.059341 1.202910 1.137004 0.346445 0.567681 -0.055195 0.316543 0.282025 -0.003853 
3.368543 -0.100054 0.467441 -1.275701 1.801539 0.861306 0.367470 0.900085 0.278799 0.152998 0.042060 -0.010652 
3.266884 -0.243930 0.420443 -0.977408 1.010776 1.174406 0.273011 0.683657 0.023498 0.369094 0.033375 -0.065238 
3.353744 -0.204069 0.666812 -0.578555 1.467373 0.724944 0.999223 1.036759 -0.040562 0.275230 -0.030826 -0.072862 
3.708440 0.032444 0.346903 -0.230464 1.855863 0.633094 1.322568 0.900151 0.066371 0.411718 0.221313 -0.004080 
3.128422 -0.659643 0.121625 -1.042016 1.136475 0.887385 0.436317 0.771044 0.549197 -0.145532 0.051577 0.002549 
3.373328 0.057359 0.037247 -1.268759 1.403725 0.618744 1.347333 0.930784 0.508860 -0.108368 0.021768 0.002020 
3.724579 3.321971 2.947389 2.408057 1.484527 0.659161 0.232842 0.060121 0.060549 0.195524 0.265159 0.049805 
2.116822 0.448623 -0.186237 2.366915 1.460806 2.182763 0.999564 0.694746 0.062995 0.088267 0.484260 -0.005586 
1.303471 1.002250 1.139991 1.403727 1.166040 1.026687 0.851907 1.194810 0.905063 0.212173 -0.079178 -0.060553 
0.845361 1.006352 1.530913 1.140219 1.644613 1.264028 1.355161 0.145509 0.666677 0.271586 -0.044528 -0.054599 
1.051674 0.993740 0.858945 1.397234 1.970863 0.623495 1.081976 0.831802 0.639045 0.155658 0.058850 -0.103549 
1.245810 0.432296 0.806489 1.210788 1.348064 2.023191 0.426160 0.946617 0.348689 0.414054 -0.050736 -0.069480 
1.107407 0.954126 1.240088 1.865456 1.590499 0.567221 0.757437 0.323201 0.585178 0.561638 -0.253963 -0.023377 
0.902869 0.611784 0.137455 2.503183 1.643507 1.940647 0.348076 0.455011 0.587995 0.487594 -0.215312 -0.062820 
0.799395 1.150124 -0.236703 0.896914 2.586882 0.385829 0.713608 1.075797 0.695525 -0.006869 -0.111224 -0.123760 
1.811374 0.699672 0.074391 0.301707 0.956661 0.707379 -0.090587 1.363462 0.361281 0.326023 -0.325340 -0.128718 
1.238945 1.195713 0.100094 0.393878 0.132473 0.427937 0.144935 0.406533 0.252135 -0.185176 -0.324177 -0.174271 
1.530723 0.704588 0.147363 0.213650 0.780045 -0.184302 0.477470 0.775526 0.466043 -0.407200 -0.262366 -0.112292 
1.431944 1.395794 0.248934 0.749523 0.140030 0.217843 0.477458 0.498783 0.286674 -0.180828 -0.239234 -0.048071 
1.474348 1.453431 0.971508 0.534262 0.465118 0.415887 0.116664 0.105121 0.564921 0.515785 -0.217545 -0.011545 
1.380432 0.833495 1.390075 1.020213 0.912182 0.683847 0.966500 0.477310 0.928419 0.215123 -0.138057 0.054229 
2.168799 0.521057 0.650380 1.352606 0.915821 0.728819 1.011167 0.232365 0.571390 0.014542 0.309630 0.008979 
1.944301 0.998413 0.994072 1.170091 0.457510 0.977032 0.924503 0.425647 0.171908 0.376201 -0.253609 0.018938 
1.248213 0.991869 1.905546 0.890958 0.967733 1.651073 0.044127 -0.047249 0.462445 0.434413 0.086952 -0.065476 
1.246658 1.206043 0.620321 0.517676 0.372744 0.251158 0.714372 0.422992 0.507447 0.057836 -0.287155 -0.047088 
1.266859 0.746246 0.948455 0.455169 0.988108 0.266998 0.589773 1.320357 0.775395 -0.048350 -0.131519 -0.087340 
0.992094 1.068636 0.633914 0.870750 1.382282 1.333081 1.124415 1.041330 0.302136 0.305301 0.023302 -0.063113 
0.938041 1.056689 1.197774 1.250433 2.109855 1.289218 0.397486 0.478610 0.525510 0.216192 0.241319 -0.042035 
1.619135 0.644543 1.102008 0.768003 1.287974 0.565711 0.787357 1.072582 0.770451 0.433250 -0.163303 0.017240 
2.360629 -0.009605 0.790213 1.399654 1.251826 1.493922 1.456412 0.568133 1.043740 0.097445 0.218221 -0.029021 
4.035678 -1.668938 2.460363 -0.035551 2.375611 1.022201 1.159074 1.186504 0.620272 0.510604 0.318539 0.073271 
3.325827 2.204132 0.649700 0.298405 2.168002 1.128240 -0.465486 0.289819 0.633204 0.171378 -0.060117 -0.075253 
3.742064 2.234475 0.723980 0.617363 0.829696 0.599266 0.710344 0.909046 0.558644 0.358055 0.170311 0.004997 
4.270134 3.846293 2.910779 1.706763 0.746446 0.264003 0.105111 0.156308 0.215106 0.222576 0.237685 0.077136 
5.330823 3.602773 2.013681 1.249846 0.806652 0.349223 0.445973 0.924342 0.821858 0.316833 0.211623 0.046674 
6.941792 3.563868 3.277851 2.429291 1.593647 0.768860 0.178812 0.563770 -0.062646 0.302519 0.242026 0.057734 
5.740236 4.019809 3.330088 2.789496 1.710370 0.079907 0.382431 0.671932 -0.136490 0.028343 0.126330 0.066592 
3.957727 2.893085 2.295369 1.717337 2.260494 2.188380 1.742769 1.500011 0.747615 0.252883 0.040302 0.038274 
4.579226 1.687903 2.427824 1.384361 2.971422 2.409297 1.268737 1.675996 0.850064 0.139993 0.083144 0.039169 
3.790916 1.135549 1.050987 -0.009444 1.856576 1.340399 1.512929 1.617708 0.614482 0.405696 0.243118 -0.001879 
3.604463 0.295198 0.480108 -0.256041 1.706647 1.539060 0.598554 1.173213 0.628098 0.272963 0.369663 0.006534 
-1.#IND00 -1.#IND00 -1.#IND00 -1.#IND00 -1.#IND00 -1.#IND00 -1.#IND00 -1.#IND00 -1.#IND00 -1.#IND00 -1.#IND00 -1.#IND00 
-1.#IND00 -1.#IND00 -1.#IND00 -1.#IND00 -1.#IND00 -1.#IND00 -1.#IND00 -1.#IND00 -1.#IND00 -1.#IND00 -1.#IND00 -1.#IND00 
