3.381990 0.432821 0.974788 -0.460724 1.585013 0.482946 0.604619 0.931170 0.478508 0.037462 0.235066 0.041168 
3.498384 0.217273 1.114560 -0.214562 1.156018 1.201567 1.301854 1.007838 -0.097239 0.226527 0.168543 -0.017223 
3.244054 0.384109 0.884260 -0.187177 1.639808 1.396039 0.721151 0.858782 0.281569 0.156804 0.374621 0.004425 
3.379887 -0.359460 0.559591 -1.701937 0.764295 1.593360 0.531703 0.331727 -0.000987 0.240108 0.190738 0.012219 
3.491167 0.192513 0.939708 -0.756968 1.313204 1.276919 0.982049 0.771582 0.236300 0.244905 0.215134 0.009426 
3.240956 -0.009455 0.704237 -1.081340 0.537948 0.872477 0.576262 0.608107 0.397729 0.360361 0.010049 0.015858 
3.507426 0.019747 0.494536 -0.646005 1.545814 0.541638 0.640531 0.044362 0.258476 0.202470 0.059405 0.054019 
3.178685 -0.360018 1.029025 -0.881305 1.008429 0.301566 0.620316 0.703987 0.425567 0.472820 0.101997 -0.056295 
3.265544 0.500095 0.902904 0.040032 1.132193 0.908134 0.985686 0.742794 0.512064 0.129001 0.275392 0.054594 
3.337386 0.773372 0.096307 0.345487 1.336215 0.670809 0.601565 1.229756 0.430615 0.064372 0.142643 0.027323 
3.302647 0.735185 0.715084 -0.172269 0.641883 1.293847 1.302265 0.661384 0.569294 -0.120574 0.159484 0.031647 
3.321872 0.288460 0.412135 -0.809274 1.709621 0.603866 0.377283 1.004529 0.211302 0.540624 0.355991 -0.006477 
3.429671 0.555222 1.014901 -0.251143 1.278504 0.691428 0.619709 1.031730 0.737234 0.244734 -0.067404 -0.057159 
3.177017 0.675100 1.159540 -0.374488 1.148812 1.125874 1.721340 0.892748 0.567946 0.132764 0.000840 -0.012111 
3.231731 0.005678 0.631575 -0.239876 0.650130 0.896836 0.477888 0.618313 0.461112 0.127863 0.133856 -0.028511 
0.598269 -0.123827 -0.080916 0.292419 1.489452 0.553861 1.039128 0.695793 0.275659 -0.119345 -0.016169 0.029126 
0.608083 1.744361 1.041614 1.511050 1.591747 0.775361 1.924741 0.683921 0.933178 0.365384 0.095515 -0.111905 
0.862608 0.951492 0.983810 1.351864 1.184122 2.519525 0.541956 0.863046 0.965792 0.121902 0.018661 -0.085740 
0.667856 1.241693 1.881613 0.569585 1.516113 1.304507 1.116205 0.476156 0.976216 0.149998 0.145504 -0.077424 
0.474685 1.600707 0.177878 1.873265 2.123935 0.651717 0.688051 1.377809 0.864798 0.863579 -0.052662 -0.133457 
0.583881 1.057847 0.648612 1.904440 1.750656 1.359142 1.307461 0.626873 0.709743 0.570325 -0.091582 -0.090190 
0.708389 0.608719 0.526731 2.133924 1.881479 1.563485 1.154076 0.904194 0.464614 0.600285 -0.139685 -0.069178 
0.209239 0.919199 1.162230 1.511014 2.124981 1.951616 1.215101 0.407876 0.834018 0.553674 -0.128085 -0.121466 
1.010732 0.619281 -0.262605 1.931136 0.595440 0.974312 0.692455 1.524393 0.499924 0.473116 -0.292449 -0.125498 
1.428524 1.144685 -0.260956 0.803763 1.127116 1.213841 0.720602 0.108875 1.041092 -0.493981 -0.410241 -0.104079 
1.585380 0.819534 0.214786 -0.020071 0.914266 0.515467 0.503692 0.095748 0.632566 -0.107956 -0.314644 -0.158001 
1.399336 1.308723 0.597532 0.871280 0.456583 0.235414 0.668729 0.333809 -0.040387 -0.048285 -0.211973 -0.077759 
1.516002 0.645430 1.428673 0.105654 0.481140 0.866176 0.274435 1.277338 -0.113484 -0.094784 -0.306546 -0.096520 
1.455180 1.862991 0.632186 0.939812 0.234800 0.807043 0.904513 0.430925 0.490033 0.212014 -0.092763 0.013758 
1.143018 1.497485 1.394604 0.766128 1.459912 -0.253327 1.089998 0.355334 0.621243 0.549466 0.002937 0.013005 
1.019394 1.420938 1.643230 1.776267 1.740631 -0.164522 0.875513 0.852137 0.366607 0.751584 -0.019632 -0.000507 
1.217553 1.170239 0.936051 0.895963 1.092717 1.193838 1.266890 0.902411 0.425840 0.335373 0.021527 -0.050659 
1.359118 0.770999 0.574655 1.252865 1.081245 0.622112 1.096295 0.985101 0.320917 0.410452 -0.277162 -0.070328 
1.561548 1.413079 0.800996 0.564555 0.709459 1.317630 0.599484 0.803765 0.261884 -0.056921 0.025449 -0.035321 
1.320965 1.499491 0.867482 0.318774 0.784164 1.616794 0.782178 1.059566 0.623104 0.701741 0.286655 -0.160348 
1.550478 0.861271 1.339230 1.099335 1.433409 1.247144 1.709942 0.256179 1.085193 -0.055141 -0.031653 -0.008614 
2.357827 -0.051204 1.653213 1.485304 1.604972 1.755242 0.991510 0.565822 0.439736 -0.230139 0.193423 0.029746 
3.517415 0.244743 0.906250 0.907356 0.521484 1.546137 0.952696 0.446989 0.809673 0.483718 0.046905 -0.046745 
5.386786 1.319912 -0.550411 1.204689 1.834833 0.809256 0.585724 0.990665 0.798178 0.092517 -0.086171 -0.016752 
6.033846 3.974468 0.824090 -0.597599 0.319523 1.115130 1.037486 0.511290 0.296316 -0.048811 0.176005 0.104417 
5.937488 2.858139 0.695153 0.673822 0.867730 0.810979 0.765176 0.136484 -0.153316 -0.222060 0.056123 0.064919 
6.552275 4.338553 1.051598 -0.721054 -0.227666 0.854847 1.036749 0.453746 0.090534 -0.043485 -0.061283 0.001937 
4.809919 4.034928 3.123614 1.972484 1.147465 0.413433 -0.028934 -0.218993 -0.068285 0.084367 0.119826 0.046972 
3.995729 2.598220 2.394327 2.919769 3.148761 1.629694 1.174938 1.658243 0.756663 0.029354 0.000257 0.038105 
4.377364 3.103341 2.976741 2.331043 2.181009 1.996160 1.483605 0.479769 0.236136 0.083734 -0.005915 -0.008585 
3.682323 1.532528 1.847539 0.667997 1.760969 1.741605 1.499164 0.796185 0.241826 0.314928 0.355578 0.043589 
3.908195 0.506668 1.767853 0.207499 1.612403 1.481798 1.015457 0.915555 0.453188 0.452976 0.433108 0.006307 
3.636291 0.553672 0.925091 -0.072247 2.071408 1.871618 1.155112 1.187426 0.287408 0.235957 0.192093 -0.012512 
-1.#IND00 -1.#IND00 -1.#IND00 -1.#IND00 -1.#IND00 -1.#IND00 -1.#IND00 -1.#IND00 -1.#IND00 -1.#IND00 -1.#IND00 -1.#IND00 
-1.#IND00 -1.#IND00 -1.#IND00 -1.#IND00 -1.#IND00 -1.#IND00 -1.#IND00 -1.#IND00 -1.#IND00 -1.#IND00 -1.#IND00 -1.#IND00 
