3.673894 0.124268 0.828942 -0.519340 1.559523 1.568312 0.767951 0.991895 0.420134 0.094138 0.190803 0.039946 
3.647191 0.300759 0.436590 0.209249 1.782612 0.798301 0.186077 0.961231 0.295760 0.209824 0.468147 0.063199 
3.609259 0.264552 0.744714 -0.859402 0.962616 1.101953 0.078929 1.014812 0.512669 0.004085 0.257786 0.032501 
3.329288 0.290349 0.319249 -0.846862 1.321377 1.023531 0.754423 0.383295 0.545630 0.538426 0.135315 -0.030886 
3.177853 0.303668 0.610491 -0.980652 0.816968 1.075639 1.737178 0.810914 0.048793 0.139907 -0.106668 -0.057080 
3.161418 0.177858 0.579917 -0.630448 1.151204 0.098693 1.016231 0.672119 0.302294 0.096201 -0.003291 0.029964 
3.231341 -0.237912 0.391909 -1.348149 1.534292 0.560297 0.899186 0.712542 0.026088 0.459473 0.049167 0.004602 
3.442324 0.274616 0.720588 -1.136132 0.539279 1.180581 0.893803 0.642775 0.360573 0.480578 0.148162 0.008350 
3.209491 0.136566 0.896269 -0.854171 0.755227 0.357266 0.035084 0.639192 -0.159309 0.307456 0.349869 0.016633 
3.233597 0.076366 0.788987 -0.919129 0.878510 0.905938 0.402462 0.219774 -0.362340 0.644255 0.176021 -0.012805 
3.289140 0.094379 0.664306 -0.601629 0.951772 0.780022 0.337184 0.911378 0.498863 0.012337 0.156422 0.007291 
3.291104 0.015991 1.076210 -0.890165 1.282267 0.465892 1.049431 1.003931 0.246582 0.279242 0.153337 0.012865 
3.247611 0.032774 0.985226 -0.079795 1.169767 0.981625 0.785102 0.965725 0.797891 0.168556 0.051357 -0.000467 
3.285578 0.525384 1.217506 -0.347614 1.928101 0.670278 0.789547 1.066667 0.918666 0.786704 0.279579 -0.028895 
3.152414 -0.018628 0.460140 -0.888128 1.437981 1.101118 0.323821 0.645441 0.223685 0.282019 0.011875 -0.006397 
3.491949 0.358970 0.771789 -0.962723 1.303832 0.759913 1.110462 1.180897 -0.204449 0.575669 0.244361 -0.025679 
3.456538 0.451910 1.311148 -0.342154 0.709304 1.338610 0.753973 0.555912 0.469349 0.234431 0.199293 0.023327 
3.453695 -0.175649 0.383525 -1.430671 0.868237 1.236596 0.047382 0.709772 -0.398388 0.324756 0.162954 -0.074510 
1.609558 0.785828 0.076465 0.133660 1.536568 2.243014 0.378563 0.941367 0.489055 0.512253 -0.320524 0.012633 
0.731128 1.491851 1.359500 1.010830 1.082669 1.451466 0.664400 0.627557 0.392300 0.483219 0.022969 -0.080551 
0.733214 0.895449 0.849285 1.128521 1.751890 2.103666 1.084140 1.122778 0.634525 0.345210 -0.250878 -0.043027 
0.832442 1.624809 0.364087 2.015256 1.722672 0.713893 0.693957 0.724439 0.492500 0.715794 0.115364 -0.085441 
0.857004 1.054379 0.660888 2.340897 1.214248 1.106178 0.960366 0.977264 0.989951 0.631318 -0.019830 -0.125830 
0.845144 0.698062 1.457511 1.071068 2.028044 1.917378 0.933643 0.899577 1.090965 0.130621 -0.123373 -0.025259 
0.809466 0.538408 1.158126 1.734927 2.375865 0.686765 1.217726 0.870514 0.582630 0.182824 0.255310 -0.122566 
1.234178 0.282898 1.602886 1.072791 1.996971 1.004561 1.208390 1.303146 0.415967 0.148044 0.205012 -0.118411 
1.445706 0.356037 0.378252 1.828989 0.745574 1.441888 0.532598 1.562230 0.961172 0.198670 0.205941 -0.167814 
1.145358 1.369438 1.186128 1.662037 0.055753 1.095227 0.573919 0.254423 0.567016 -0.448507 -0.001178 -0.047755 
1.183451 1.645096 0.908038 0.666375 0.598890 1.207972 0.346647 0.419633 -0.039571 -0.110471 -0.045972 -0.038587 
1.372961 1.182234 1.828312 0.003638 1.215975 0.094648 1.164849 -0.333535 0.367858 0.240404 -0.057181 -0.076637 
1.132337 1.295052 1.467480 0.692523 0.608968 0.335490 0.741050 0.484250 0.740139 0.537722 -0.111270 -0.037145 
1.242151 0.856986 1.173964 1.336736 0.463464 0.726197 0.763302 1.450973 0.799814 0.113504 -0.185727 0.058676 
1.728715 0.776324 1.330201 0.865298 2.193589 0.680484 0.705531 0.503405 0.255006 0.311869 0.119341 -0.001699 
1.464955 0.178076 1.967670 0.454312 2.291862 1.864452 1.143912 0.076805 0.677643 -0.073431 0.066136 0.053206 
1.087474 1.426138 1.568744 1.367933 0.146500 1.578869 0.427066 0.862642 0.423610 0.018419 0.155860 -0.060828 
1.408899 0.630982 0.807505 1.567981 1.382106 1.057912 0.862872 0.823941 0.161012 0.115912 -0.092982 -0.038791 
0.916472 0.757519 1.311406 1.406279 0.729359 1.133510 1.291821 1.131571 0.506129 0.573384 -0.029150 -0.082549 
1.071821 1.094197 1.528778 1.275149 1.702120 1.326924 0.487626 0.580378 -0.151106 0.201793 0.147506 0.004118 
1.019784 1.290791 1.734444 1.233396 0.471959 0.727862 1.366743 1.292047 0.051920 0.146012 0.066341 -0.011156 
0.658138 0.828835 0.498383 2.089334 2.589680 1.908106 1.083336 0.772223 0.668683 0.314354 0.057061 -0.028176 
2.452402 -0.168980 1.348124 1.574886 1.005805 0.986780 1.372738 0.588346 0.459824 -0.128994 0.548060 0.005403 
3.066889 0.110185 0.966368 1.077513 1.029785 1.545168 0.704833 1.425030 -0.076390 0.558599 -0.087981 -0.062939 
7.291201 -0.216197 -0.055676 0.946260 0.271417 0.969544 0.591272 0.996706 1.105350 0.240388 -0.082926 0.051486 
6.793924 0.892100 0.981555 0.145139 1.570221 1.003373 0.669801 0.847638 0.780118 0.502011 0.202262 0.031322 
6.366359 3.290589 1.857618 0.772289 -0.083858 0.669427 1.730115 0.496766 0.562290 0.407249 0.165537 0.027676 
3.335136 2.919339 2.456260 1.769304 1.131358 0.922407 0.713580 0.352864 0.389028 0.412034 0.285023 0.045835 
3.163085 2.715922 2.501695 2.236093 1.637736 0.991675 0.606764 0.430882 0.207191 0.182221 0.205386 0.026250 
2.995524 2.161222 1.894464 1.656232 2.123907 1.758198 1.394074 0.619293 0.418759 0.242698 -0.087781 0.017521 
-1.#IND00 -1.#IND00 -1.#IND00 -1.#IND00 -1.#IND00 -1.#IND00 -1.#IND00 -1.#IND00 -1.#IND00 -1.#IND00 -1.#IND00 -1.#IND00 
-1.#IND00 -1.#IND00 -1.#IND00 -1.#IND00 -1.#IND00 -1.#IND00 -1.#IND00 -1.#IND00 -1.#IND00 -1.#IND00 -1.#IND00 -1.#IND00 
