3.206773 0.070318 0.577977 -0.613033 1.519723 1.231106 1.355094 1.025001 0.484420 -0.035686 -0.018292 -0.026231 
3.132518 0.283767 0.082936 -0.921844 1.596023 0.247191 0.262240 0.961231 0.722860 0.225435 0.138495 0.004514 
3.483652 0.570086 0.381810 -0.195418 1.068804 1.181416 0.738022 0.740007 0.235822 0.702773 0.072635 -0.059526 
3.279550 -0.379706 0.454143 -1.303856 1.504945 1.422567 -0.012282 0.658262 0.348192 0.393411 0.234657 -0.022254 
3.252934 0.288474 0.232379 -1.133076 0.916831 0.776255 0.524738 0.595441 0.103888 0.095626 0.110872 0.014110 
3.561883 -0.039969 -0.003035 -1.742398 1.195005 0.508664 0.306423 0.688266 -0.070534 0.346615 0.140630 -0.002281 
2.947848 -0.242582 0.075565 -1.395702 0.875998 1.060563 0.379219 0.642281 0.326366 0.271318 0.186269 0.033806 
3.023358 0.040602 0.032163 -0.432908 0.954189 1.553986 0.348084 -0.474351 0.203742 -0.253919 -0.184572 0.061260 
3.416058 -0.057628 0.277579 -1.130779 1.439487 0.345939 0.846371 0.826131 0.464701 0.457707 0.156535 -0.030899 
3.492738 0.019269 0.217165 -0.554143 0.905815 1.527086 1.165214 0.710238 -0.019482 0.515483 0.068670 -0.023935 
3.583797 0.142450 0.127468 -0.894280 1.184322 0.562125 0.803729 0.508998 0.193606 0.608465 0.022908 -0.055887 
3.368751 -0.092425 -0.052694 -1.175124 1.074959 0.797594 0.282421 0.514380 -0.102170 0.078002 0.072688 0.032108 
3.425096 0.023131 0.686756 -0.663325 1.493527 1.277388 0.800181 1.320282 -0.070985 0.312069 0.105068 -0.081410 
3.411742 -0.108032 0.540368 -0.504063 1.668340 1.078817 0.335458 0.648829 0.348682 0.457331 0.526208 0.044969 
3.477339 0.453803 0.472353 -1.309271 1.346768 1.787867 0.587352 0.423560 0.298256 0.404841 0.276513 0.004040 
3.026677 0.088482 0.461037 -0.971660 0.613890 0.997589 0.901990 0.341884 0.255719 0.482678 0.194242 0.003280 
3.380511 -0.216149 0.907882 -0.844164 1.557329 1.303849 0.264910 1.219350 -0.073702 -0.269709 0.174695 0.012037 
3.199411 0.359403 0.645816 -0.747068 1.133904 0.805051 0.601783 0.685923 0.449189 0.063358 -0.016317 0.005733 
3.324277 -0.179888 0.408263 -1.010484 0.340104 1.146450 0.202242 0.744032 0.168454 0.191096 0.153212 0.021821 
3.218019 0.277908 0.714094 -0.710475 0.970091 0.835799 0.472917 0.328601 0.297109 0.275886 0.329668 0.012055 
3.439955 0.060893 0.281612 -0.488260 1.415379 0.439851 0.735020 1.075882 -0.025612 0.181672 0.114343 -0.028999 
3.426742 -0.260748 0.834588 -1.334269 1.806020 1.487508 0.729960 -0.042771 0.395728 0.309801 0.134860 0.037969 
0.940663 1.709631 1.316966 0.524221 0.508091 -0.019819 0.392369 0.916020 0.819494 0.249848 -0.078446 -0.031843 
0.755806 1.138836 1.698396 1.130809 1.591241 1.782995 0.908471 0.671247 0.081160 0.308133 0.160345 -0.077107 
0.482812 1.050956 1.957047 1.034120 1.544255 0.647175 1.878540 1.043717 0.447874 0.426017 -0.100857 -0.067641 
0.759280 0.763702 1.032464 1.363183 1.712129 2.343580 0.962410 1.074178 0.052040 0.043043 0.162880 -0.071501 
0.623305 1.239704 1.615259 1.439532 1.271148 1.744555 1.003506 0.372098 0.459519 -0.187799 -0.006516 -0.011048 
0.761111 1.138171 0.990327 1.492919 1.961357 1.771192 1.658400 -0.113627 0.042692 0.320278 0.091443 -0.059283 
0.515499 1.327780 0.872962 1.288794 1.895533 1.681790 1.356821 0.470337 0.061385 0.557813 0.043037 -0.105060 
0.995410 1.541282 1.209939 1.351666 1.635045 1.250282 0.825785 0.737631 0.228556 0.107316 0.029173 -0.034682 
0.242680 1.467282 2.591819 1.475394 2.108614 0.559474 0.273358 0.100209 0.411346 0.051321 0.012860 -0.065863 
0.628466 0.864884 2.038544 2.067078 0.856160 1.640937 0.186161 0.952233 0.069072 0.103807 -0.072180 -0.067179 
0.990161 0.772661 1.781008 1.048785 0.838723 1.625151 0.409744 0.134643 0.650047 0.196442 0.130985 -0.110641 
0.840566 1.786080 1.033449 1.191358 1.258214 0.981402 0.131134 0.432352 0.295313 -0.062329 -0.114069 -0.046473 
1.062159 0.668757 0.527011 1.241793 1.427840 0.703714 1.255771 0.893258 0.204950 0.184190 -0.160999 -0.069838 
0.783953 1.257033 0.727292 1.411114 0.976052 0.187519 1.119215 0.883066 0.796201 0.194727 -0.143262 -0.125854 
0.523410 1.614913 0.901771 1.162374 0.946362 1.389587 1.247371 0.821163 0.810833 0.594883 -0.200835 -0.072441 
0.829538 1.229527 1.377971 1.659793 1.455305 1.283589 1.367461 0.213582 0.633010 0.583961 -0.192409 -0.053986 
0.617776 1.592039 0.977513 1.103572 1.976992 1.514981 0.739066 0.318785 0.172937 0.477413 -0.053775 -0.090902 
0.720646 1.105566 1.434088 1.289972 1.411625 1.259699 0.909441 1.055204 0.681448 -0.442569 0.218900 -0.092690 
1.181844 1.267396 0.744310 1.187084 2.134416 1.091496 0.846737 0.271511 0.582234 0.197632 0.147017 -0.108040 
4.122449 -0.127330 0.708010 1.158067 1.223579 1.575463 1.226368 0.546233 0.762065 0.337470 0.073946 -0.000289 
3.956254 2.716450 1.053841 0.120396 0.292905 0.706013 0.852294 0.573056 0.189574 0.141816 0.263141 0.064633 
6.954109 3.005025 -0.533229 -0.144569 1.594529 0.958083 -0.072947 0.431345 0.375592 0.360066 0.230641 0.081458 
6.304640 3.697372 0.941959 0.051404 0.524364 1.066740 1.529538 0.238191 -0.228072 0.195886 0.144863 0.082526 
2.991173 2.409432 2.074833 1.864970 1.617864 1.119191 0.663989 0.343120 0.019153 0.063264 0.007036 -0.004841 
2.721928 2.106694 1.837632 1.509424 1.176656 0.798366 0.535940 0.333227 0.109803 0.058422 0.043059 0.001550 
3.238591 2.325407 2.350747 1.119673 1.662865 2.310360 0.857116 1.658959 0.432292 0.175925 0.129390 0.023397 
-1.#IND00 -1.#IND00 -1.#IND00 -1.#IND00 -1.#IND00 -1.#IND00 -1.#IND00 -1.#IND00 -1.#IND00 -1.#IND00 -1.#IND00 -1.#IND00 
-1.#IND00 -1.#IND00 -1.#IND00 -1.#IND00 -1.#IND00 -1.#IND00 -1.#IND00 -1.#IND00 -1.#IND00 -1.#IND00 -1.#IND00 -1.#IND00 
