3.642324 1.067850 0.929104 0.517170 1.693180 1.243951 0.549182 0.416488 -0.726311 -0.234016 -0.127184 -0.063291 
3.760956 1.328009 1.201873 0.351872 1.775909 0.120402 0.210346 0.433129 -0.168650 -0.203690 -0.078278 -0.063670 
3.950862 0.545634 1.805475 0.325871 1.299771 0.665563 0.634277 -0.133712 -0.733907 -0.207170 -0.166030 -0.124716 
4.101050 0.765008 1.345918 0.061223 1.387548 0.707082 0.537557 0.979519 -0.239839 0.176881 0.000107 -0.097869 
3.331073 1.741987 1.339385 0.741550 0.940953 0.426104 0.324526 0.194141 0.309633 -0.042483 -0.317056 -0.107304 
3.159926 1.139368 0.783523 0.040351 0.299845 0.123028 0.204864 0.114065 0.013964 -0.118902 -0.053627 -0.124295 
4.000857 0.598485 0.465254 -0.045663 1.279322 1.212084 0.333027 0.321859 0.013508 0.103414 -0.133590 -0.124171 
3.795392 0.368673 0.800251 -0.927720 1.353532 0.812643 1.018633 0.906875 0.330210 0.029670 0.257109 0.016857 
3.592226 0.479793 1.298571 -0.103146 1.510937 0.601730 0.830988 0.708048 -0.044308 -0.104901 0.229928 0.009265 
3.692573 1.110217 0.615176 -0.687253 1.444176 0.488000 0.868712 0.780250 0.252721 0.110172 0.032794 -0.037172 
3.700599 0.457351 0.767770 -0.793969 1.220274 0.791560 0.958886 0.495089 -0.054994 -0.046659 0.056693 -0.008182 
3.612190 0.641601 1.193454 -0.756122 1.605719 0.750112 0.811249 0.817072 0.386730 0.370391 0.138119 -0.055013 
3.809064 0.622936 1.443937 -0.045704 1.194265 1.234291 0.645681 0.371045 -0.064801 -0.058345 0.002404 -0.038879 
3.839123 0.569933 1.034991 -0.698705 0.856576 0.974189 0.666775 0.438197 -0.212707 0.034147 -0.026337 -0.094112 
3.673611 0.898443 1.402119 -0.435010 1.318368 1.117632 1.110152 0.957607 0.180854 0.391856 0.142948 -0.035226 
3.793410 0.586475 1.343931 -0.753930 1.217846 0.955268 0.777863 0.225677 -0.037668 0.030779 -0.039559 -0.001810 
3.687081 0.514353 0.862354 -0.981339 1.508118 0.805639 0.490768 0.715830 -0.147385 0.147030 -0.083699 -0.098723 
3.660233 0.397382 1.068675 -0.915969 0.933429 0.529542 0.775898 0.511881 0.150485 0.160749 -0.031134 -0.097337 
3.708239 0.567583 1.159435 -0.873184 1.103006 0.250087 0.656084 0.567241 -0.156917 0.218740 -0.151993 -0.078549 
3.614237 0.750957 1.230371 -0.740832 1.086417 0.340182 0.970478 0.477568 -0.044891 0.248605 0.138556 0.039665 
3.624088 0.064831 1.059588 -0.689064 0.580482 0.989441 0.552537 0.979595 0.261529 0.405556 0.277388 -0.026209 
3.819820 0.766516 1.218321 -0.599183 0.653291 1.296397 0.177805 0.898984 -0.013626 0.346346 -0.078444 -0.107370 
3.567083 0.379477 0.858178 -0.323575 0.579009 0.655125 0.053984 0.252346 0.048281 -0.164306 0.125865 -0.055118 
3.556154 -0.534956 0.645644 0.448861 -1.193228 0.919500 -0.577108 0.264832 0.223830 0.223297 -0.024662 -0.011354 
1.040174 1.053828 1.018797 1.335898 1.407310 0.747853 0.404348 0.566717 0.501856 0.376504 0.010339 -0.077547 
0.468825 1.238778 1.591845 1.645838 1.597807 1.122786 0.751623 1.043475 0.445776 0.292938 -0.087022 -0.062859 
1.070178 0.784462 0.487456 1.866248 2.005403 1.696088 2.001450 0.644900 0.148126 0.032069 0.059028 -0.014367 
0.692183 1.682057 1.971372 1.397065 0.902291 1.614603 1.692819 0.161434 0.056717 0.353786 0.011846 -0.027863 
0.637043 1.159033 1.337649 1.109541 1.618857 2.413099 0.688135 0.762464 0.263467 0.347529 -0.075692 -0.036562 
0.822163 0.967571 1.968174 1.583222 0.996742 0.713387 2.033054 1.023881 -0.172175 0.525942 -0.059974 -0.088490 
0.621767 1.266884 1.485241 1.624411 1.427099 1.253885 0.401157 1.141426 0.566478 0.062027 -0.101475 -0.047803 
0.616981 1.280992 1.793220 1.030968 1.594186 1.761926 -0.064310 0.885168 0.191267 0.275684 -0.121356 -0.044333 
1.068534 1.446234 1.330446 1.562194 1.167145 1.405692 0.629457 0.811612 -0.613974 -0.118383 0.005846 -0.013949 
0.861928 0.940985 2.368909 0.613284 1.059948 1.546821 0.726834 0.486569 0.321952 0.156150 -0.120103 -0.076443 
1.159542 1.935771 -0.048235 1.633023 1.225249 0.462212 0.477852 1.084315 0.505889 -0.256583 -0.254661 -0.026912 
1.182452 1.427663 1.408926 1.012465 1.144651 0.141633 1.329345 0.710545 0.055897 -0.350439 0.124659 -0.045410 
0.709884 0.798324 1.438204 2.444522 1.423012 0.692271 1.223344 0.221918 0.342288 -0.073421 0.062556 -0.063559 
0.934436 1.377425 0.944496 0.944007 1.119461 0.883180 1.500317 0.262212 0.357814 0.520267 0.085629 -0.125097 
1.045477 0.842448 1.591839 0.850060 0.924284 1.408018 1.667178 0.050323 0.357479 -0.111456 0.142604 -0.129620 
1.307914 0.459463 1.534057 1.655939 1.205559 1.430984 1.214469 1.096620 0.172339 0.058072 -0.053431 -0.046246 
1.408472 0.943131 1.821361 1.154092 -0.079777 1.771486 0.869065 1.168493 -0.099014 0.634065 0.004770 -0.103465 
1.732935 1.198581 0.411576 1.859666 1.919691 -0.236596 0.520627 1.363617 0.202897 0.101391 0.405031 -0.072727 
3.241124 0.795776 1.508320 0.502648 0.227116 0.162355 1.728683 0.697056 0.684134 -0.334766 0.163276 0.026869 
3.387301 1.390032 1.179297 0.786773 1.043644 1.080977 0.637558 0.550144 0.298114 -0.174838 0.295064 0.053855 
3.559174 1.155694 2.351242 1.859434 0.677569 0.659067 0.711782 -0.497454 0.269459 0.379639 0.181409 0.014986 
2.911420 1.687230 1.670802 2.176588 1.191982 0.606039 -0.732447 -1.098122 0.280460 0.508674 0.025131 -0.049556 
4.755664 0.948509 2.320768 1.319290 0.059437 0.206081 0.583043 0.387294 -0.336543 0.843487 0.689087 0.072518 
4.567826 3.254826 2.015393 0.675603 -0.351869 -0.280930 0.392986 0.611358 0.651555 0.624325 0.478371 0.130342 
-1.#IND00 -1.#IND00 -1.#IND00 -1.#IND00 -1.#IND00 -1.#IND00 -1.#IND00 -1.#IND00 -1.#IND00 -1.#IND00 -1.#IND00 -1.#IND00 
-1.#IND00 -1.#IND00 -1.#IND00 -1.#IND00 -1.#IND00 -1.#IND00 -1.#IND00 -1.#IND00 -1.#IND00 -1.#IND00 -1.#IND00 -1.#IND00 
