3.315213 0.433669 0.612246 -0.239324 0.885844 1.209231 0.594775 0.662861 0.743776 0.133803 -0.109115 -0.051659 
3.402325 0.213756 1.355063 -0.234328 1.409882 1.051743 1.558052 0.741557 0.000353 0.033310 0.066849 0.019328 
3.531585 0.532753 1.233661 -0.305709 2.143531 0.540844 0.762631 0.036710 0.291052 0.523683 0.165981 0.033238 
3.499000 0.815693 1.401957 -0.297018 2.085922 0.385296 1.168036 1.046103 0.233887 0.389246 0.501876 0.063929 
3.379206 0.323667 0.529231 -0.622675 2.253046 1.201305 0.515324 0.895732 0.603334 0.360685 0.279678 -0.041780 
3.799107 0.301894 0.918959 0.440955 1.568092 1.046263 0.606630 0.781051 0.316788 0.183142 0.340273 0.037384 
3.479637 0.508796 0.689063 -0.798909 1.889248 0.849933 0.818689 0.611746 0.686128 0.076377 0.075061 0.023000 
3.232314 0.543089 0.960566 -0.628821 0.875269 1.696136 0.901025 0.696806 0.450637 0.670481 0.135402 -0.030586 
3.108847 0.271238 0.497271 0.072779 1.520490 1.074261 0.670328 0.615056 0.127807 -0.098248 0.278256 0.027737 
3.071266 0.012602 0.314652 -0.651980 1.563201 0.919806 1.419007 0.579624 0.242417 0.041044 0.054619 0.032446 
3.355131 0.105584 0.579517 -0.519663 1.437664 1.708021 1.453777 0.856700 0.355207 0.095503 0.187549 0.024565 
3.593148 0.295494 0.442274 -0.848186 1.201154 0.926245 0.839942 1.467749 -0.222903 0.122478 0.099977 -0.076858 
3.360685 0.352690 0.675864 -0.843578 1.536725 1.454986 1.034079 0.998212 0.354814 0.324980 0.223777 -0.009029 
3.409878 0.393501 1.069508 -0.634905 1.594549 1.755605 1.064627 0.870465 0.599561 0.276046 0.316376 0.020701 
3.380225 0.340315 0.498066 -0.549516 1.884874 1.716359 0.849128 0.964814 0.429637 0.487362 0.098230 -0.065148 
3.472354 0.294701 1.243396 -1.117706 1.004593 1.054540 0.207538 1.012443 0.077895 0.339122 0.254606 -0.044001 
3.237920 0.615280 0.564983 -0.822661 1.375451 0.420315 0.490375 0.283345 -0.088123 0.778594 0.034306 -0.060999 
3.163205 -0.124459 0.746231 -1.005231 1.571311 1.101378 0.224989 0.872174 0.197811 -0.070520 0.110205 -0.027652 
3.479721 0.574416 1.270829 -0.200563 1.738251 0.750235 1.179709 1.289480 0.105797 0.476747 0.159119 -0.045134 
3.562169 0.694992 0.237161 -0.470360 1.591185 0.676104 0.994448 0.251033 0.572405 0.335466 0.095719 -0.012314 
3.583022 0.824112 0.966155 -0.084668 1.993807 0.503020 0.425736 0.843869 0.294119 0.241534 0.277035 0.007933 
3.608093 0.610245 0.953263 -0.108009 1.421335 0.970201 1.044176 0.566055 0.075554 0.399322 0.240272 -0.018793 
1.098016 0.944816 0.991044 0.352104 2.552361 -0.716231 1.151479 0.250569 0.344687 0.247766 0.138184 0.030908 
0.877331 1.560273 1.306826 1.123925 2.006576 -0.414137 1.712355 1.208973 0.529200 0.274693 -0.021385 -0.024540 
0.483831 1.106731 1.966271 1.171852 1.290184 1.800566 1.156653 0.418728 -0.028831 0.302887 -0.003941 -0.035444 
0.878117 1.217152 1.243347 1.439103 1.803898 0.848346 0.784891 0.910176 0.446260 0.165622 0.211974 -0.081897 
0.937099 1.243707 1.131170 1.709153 1.931432 0.618925 0.385194 1.346723 0.552528 0.313991 -0.092471 -0.016738 
0.832502 1.035232 1.082294 1.968403 1.574946 0.944379 0.922973 1.066556 0.169971 0.033202 0.114657 -0.049591 
0.688940 1.152254 2.034377 1.678165 1.268820 1.147018 0.699054 0.850864 0.577855 0.265515 -0.152526 0.001776 
0.879084 1.447545 1.323682 0.842355 2.300156 0.975658 1.327041 0.948366 0.406395 -0.069428 0.187808 -0.076709 
1.099083 0.771156 1.513966 1.376645 1.344939 1.396536 0.712190 1.079234 0.277443 0.034648 -0.064719 -0.046888 
1.223750 1.338306 1.776042 1.213053 0.973361 0.714593 0.418535 0.635509 0.542659 0.021766 -0.036794 -0.022157 
0.862623 1.742602 0.732176 1.615089 1.320632 1.094844 0.662905 0.906731 -0.071772 0.129995 0.053843 -0.116057 
0.949190 1.216898 1.508554 1.352982 1.382728 0.523691 0.961094 0.464041 0.224391 0.475497 -0.152192 -0.070857 
1.444375 0.987595 1.755970 0.318749 0.741577 0.995183 0.043291 0.855778 0.025913 0.232928 -0.275942 -0.070291 
1.134426 1.382003 0.593668 1.857357 1.374722 1.162852 0.427811 -0.197307 0.766884 0.106316 -0.101334 -0.071738 
0.864457 1.730723 1.000663 1.314068 1.057059 0.400449 1.237999 1.368604 0.328839 -0.374135 0.174796 -0.089323 
0.567595 1.001411 1.536767 1.600956 1.367292 1.372384 1.200453 1.073882 0.397829 0.081940 0.114375 -0.128742 
0.672453 1.089960 1.656865 1.249911 1.971722 1.983639 0.576843 0.905651 0.181157 -0.000297 0.033514 -0.020007 
0.497461 1.059949 0.801045 2.828450 1.435963 2.303102 1.378981 0.353240 0.175144 0.057624 0.203912 -0.053674 
1.094963 1.388353 0.827701 1.895397 1.566692 1.658217 1.240995 0.266012 0.015042 0.566379 0.133878 -0.039881 
4.154263 0.081467 0.709004 0.757764 0.563116 1.326870 1.868947 0.833040 0.728376 -0.237352 -0.001620 0.053845 
6.197180 1.753675 -0.163114 0.414908 0.849982 0.903326 1.101170 0.683606 0.644714 0.462854 0.295077 0.075968 
4.847585 3.315578 1.159636 -0.213857 -0.032450 0.871355 1.027031 0.627842 0.231770 -0.052821 0.065345 0.022737 
6.944272 2.476321 2.993239 1.788635 -1.352985 0.786262 1.221657 0.861399 0.830276 0.439345 0.074086 0.036118 
4.724159 0.714284 2.497290 3.949367 2.081712 0.740288 0.949046 1.544944 0.527037 0.046701 0.135549 0.085665 
5.148088 0.592896 2.356054 0.636448 0.594049 -0.225037 -1.276932 0.805840 0.334550 0.301752 0.564629 0.103273 
5.141600 1.903494 1.854565 0.338540 -0.123490 -0.017588 0.299357 1.098694 0.517448 0.135455 0.217322 0.065852 
-1.#IND00 -1.#IND00 -1.#IND00 -1.#IND00 -1.#IND00 -1.#IND00 -1.#IND00 -1.#IND00 -1.#IND00 -1.#IND00 -1.#IND00 -1.#IND00 
-1.#IND00 -1.#IND00 -1.#IND00 -1.#IND00 -1.#IND00 -1.#IND00 -1.#IND00 -1.#IND00 -1.#IND00 -1.#IND00 -1.#IND00 -1.#IND00 
