3.236905 0.212418 1.495383 -1.031351 1.526307 1.051260 0.222416 0.642918 0.015267 0.431945 0.405665 -0.002396 
3.011116 0.085457 1.009174 -0.436864 2.520897 1.022461 0.802047 0.788481 0.007742 0.194777 0.024935 -0.026687 
3.355345 0.379592 0.396499 -0.427971 1.300284 0.710027 0.649623 0.187549 -0.175876 0.335455 -0.070549 0.002064 
3.558551 -0.045634 0.664744 -0.913607 1.498606 0.820528 0.804087 0.830623 0.107042 -0.099573 0.167965 0.058108 
3.003990 0.022647 0.881142 -1.733900 0.602769 0.838890 0.494454 0.320350 0.024562 0.277655 0.236167 -0.005577 
3.231958 0.114015 0.896583 -0.926091 0.623280 0.634879 0.968032 0.827525 -0.267185 0.484859 -0.054037 -0.070023 
3.136792 0.210223 1.232096 -1.078061 1.556838 0.824292 0.363462 0.501311 0.175469 0.338612 0.281331 0.021879 
3.227925 0.337419 1.355973 -0.089182 1.341874 1.320367 0.758075 1.321969 0.688570 0.177945 0.149784 -0.002175 
3.536935 0.058233 0.899400 -0.362916 1.132577 0.386006 0.986821 0.459454 0.294377 0.397390 0.142533 0.021467 
3.325477 0.096868 0.774445 -0.620323 0.818778 0.718004 0.713039 0.642829 -0.004271 0.240194 0.277091 0.038907 
3.297921 0.163403 1.015643 -0.754072 1.317596 0.449470 0.940744 0.473946 0.637686 0.645510 0.111744 0.005249 
3.074354 0.129158 0.369006 -0.904733 1.366605 1.100599 0.700931 0.634436 0.406847 0.609974 0.003970 -0.044482 
3.317366 0.210285 1.107331 -0.390776 1.575624 1.203766 0.968518 0.920251 0.464358 0.609413 0.318081 -0.037314 
3.358786 0.225515 1.234030 -0.777075 1.211848 0.953687 0.967694 1.037624 0.588908 0.145401 0.258416 0.042375 
3.054002 0.207592 0.632545 -0.853857 1.764195 1.039968 0.975030 0.403399 0.469933 0.400125 0.003571 -0.047102 
3.017073 0.267928 0.778008 -0.260243 1.566816 1.085766 0.391989 0.250395 0.307927 0.472602 0.120741 -0.018988 
3.128181 -0.092362 0.484927 -1.161101 1.138632 0.643857 0.331133 1.005224 0.206726 0.304222 0.295046 -0.016536 
3.328764 0.681972 1.249728 -0.382335 1.518711 1.267058 1.023907 0.731145 -0.042881 0.167233 0.207675 0.009873 
3.487696 0.516947 0.736406 -0.132708 2.108602 1.071923 0.635322 1.436215 0.576091 0.259566 0.141661 -0.033106 
3.441026 0.518622 0.701694 -1.359281 1.330924 1.304389 0.178790 1.134964 -0.170402 -0.166904 0.239171 -0.033136 
3.324310 -0.204641 0.856037 0.042441 1.432059 1.119772 -0.036124 1.205242 0.511462 0.080311 0.112844 -0.111250 
3.152585 0.870666 0.813293 -0.538961 1.580421 1.303971 0.668357 0.572343 -0.060612 0.307396 0.085647 -0.043123 
1.185390 1.034230 1.532751 0.988398 1.624193 0.466620 1.035820 0.518046 0.856000 -0.135851 -0.019023 -0.042109 
0.783826 1.333550 0.929419 0.854965 0.880679 2.699594 1.251706 0.565764 0.111240 0.468984 -0.015559 -0.074634 
0.446678 1.626211 1.310374 1.100491 1.439311 1.543323 1.531221 1.109018 0.725276 0.033352 0.069076 -0.095980 
0.702156 1.007931 2.029591 1.497559 1.556926 0.472607 1.215978 0.972254 0.509128 0.319472 -0.058820 -0.020990 
0.511016 0.922959 1.819527 1.740317 1.226005 2.234606 0.963963 1.074045 0.296947 -0.108168 0.121994 0.006771 
0.544415 1.459538 1.473355 1.630007 0.955520 1.078446 1.116910 1.101000 1.091341 0.139345 -0.164922 -0.045513 
0.502043 1.692538 1.490819 0.648624 1.559841 2.021115 1.431501 0.542918 0.184712 0.494532 0.001674 -0.087807 
0.723702 1.774071 1.964412 0.933780 1.645528 0.359255 0.546368 0.794587 0.577302 0.249610 -0.174970 -0.012624 
1.182908 0.931008 1.708900 1.302822 1.259385 0.617932 0.204980 0.414734 0.556926 0.011390 0.150145 -0.122200 
1.226923 0.648685 1.187868 2.629014 0.939219 0.461803 0.731894 0.942188 0.178448 0.234676 -0.124895 -0.054462 
0.780850 0.837254 0.781219 2.414609 1.006928 1.272247 0.941889 1.042383 -0.165677 0.073880 -0.044026 -0.067694 
0.704386 1.679511 1.300008 1.224664 0.680296 1.191700 0.753691 0.574617 0.384798 -0.026950 -0.241974 -0.036261 
0.985513 1.202603 0.811065 1.783687 1.316006 1.110738 1.285026 0.099654 0.641957 0.358575 -0.339183 -0.003928 
0.977924 0.736513 1.853369 1.437449 1.113489 1.421242 1.127277 1.341887 0.449439 0.018862 0.160742 -0.083619 
0.941780 0.790783 1.398854 1.366927 1.513834 1.360827 1.052572 0.981947 0.483984 0.334609 -0.161763 -0.074039 
1.027814 0.877099 0.988155 1.208705 1.927006 1.606164 0.714505 0.481288 0.985814 -0.273784 0.006482 -0.086160 
1.072962 1.009390 1.691479 0.958076 0.951171 0.932089 0.725610 1.382298 0.652392 0.141839 -0.098646 -0.085414 
2.559755 0.016541 0.621637 2.104892 1.450772 1.560713 1.028103 0.277111 0.488911 0.195029 -0.080294 -0.032550 
5.088182 0.486437 0.578510 1.170026 1.200319 1.635533 1.319278 1.042049 0.954464 0.332947 -0.225356 -0.114309 
4.362236 3.066332 1.789664 0.691634 0.563549 0.523857 0.800543 0.162419 0.240356 0.424591 0.141433 0.039981 
3.227919 1.344673 0.952659 0.656435 0.264313 0.697690 1.572280 1.418919 0.271020 0.512254 0.103584 -0.028396 
2.576759 0.770609 1.083366 1.238026 0.728304 -0.142482 0.734521 0.738100 0.658865 0.507420 0.289437 -0.018877 
2.573509 0.419498 1.283452 0.834466 -0.409682 -0.448847 1.399138 0.145045 -0.044052 0.612496 0.299157 -0.065791 
3.580096 0.445678 1.213315 1.877753 0.116266 -1.270071 0.052413 0.357274 0.102044 0.533108 0.002046 0.003413 
5.142903 0.832326 2.155571 0.879524 -0.368987 -0.514518 0.624991 0.947528 0.432571 0.695049 0.475139 0.071581 
3.689046 2.091822 1.676458 0.858893 0.947310 0.626079 0.391901 0.407567 0.727255 0.493456 0.083295 0.009133 
-1.#IND00 -1.#IND00 -1.#IND00 -1.#IND00 -1.#IND00 -1.#IND00 -1.#IND00 -1.#IND00 -1.#IND00 -1.#IND00 -1.#IND00 -1.#IND00 
-1.#IND00 -1.#IND00 -1.#IND00 -1.#IND00 -1.#IND00 -1.#IND00 -1.#IND00 -1.#IND00 -1.#IND00 -1.#IND00 -1.#IND00 -1.#IND00 
