3.647911 0.437804 0.338131 -0.616509 1.234145 0.375942 0.527362 0.759808 -0.083750 -0.095600 0.221038 0.016806 
3.773675 0.627182 0.690724 -0.181752 1.756566 0.331480 0.598100 0.622428 -0.196228 -0.043177 -0.022628 -0.005560 
3.719759 -0.044066 0.884362 -0.375865 1.695277 1.383970 -0.038337 0.528754 0.015203 0.192787 0.138345 -0.075545 
3.723504 0.207037 0.751171 -0.678782 0.806595 1.089423 0.595685 0.546913 0.175727 0.275967 0.276872 0.002176 
3.524139 0.535155 1.076582 -0.262395 0.419229 0.811349 0.511196 0.475330 0.036034 0.228068 0.164437 -0.027037 
3.741266 0.169653 0.610768 -0.389854 0.999914 0.656614 0.670900 -0.155915 0.133853 0.057909 0.150921 0.010480 
3.660860 0.342632 0.506440 -0.762518 2.505113 0.851284 0.677481 0.756513 0.580146 0.522421 -0.134131 -0.081426 
3.722398 0.795241 0.917658 -0.505973 1.467643 1.131165 1.205420 0.455404 0.409602 0.521713 -0.025799 -0.037709 
3.598905 0.247068 1.110608 -0.501947 1.781653 1.281845 0.702470 0.732742 0.728949 0.245423 0.240354 0.000941 
3.720903 1.073859 1.062168 -0.422067 2.180030 1.098827 0.556870 0.790724 -0.026885 0.258057 -0.069626 -0.059724 
3.645481 0.594714 1.267741 -0.861649 1.707346 1.062974 0.641891 1.065181 -0.032009 0.375845 0.146696 -0.044345 
3.497486 0.503909 1.089743 -0.480301 1.808457 0.403118 1.116616 0.541767 0.188504 -0.120795 -0.011752 -0.015098 
3.396296 0.395099 0.930766 -0.691524 2.089781 1.090357 0.973587 0.863443 -0.306783 0.174809 0.037093 -0.065057 
3.704648 0.148715 0.744157 -0.904522 1.720351 1.539985 0.848771 0.918013 -0.010021 0.063936 0.116107 -0.037780 
3.551390 0.745379 0.271741 -0.727040 1.725369 1.659764 1.265701 1.008446 -0.108019 0.258341 0.278287 0.009440 
3.376768 0.195436 1.034478 -0.439974 2.082927 1.361860 1.224256 0.676428 0.064624 0.143100 0.051392 -0.024482 
3.287170 0.577226 0.417769 0.700503 2.226760 1.218484 0.538151 1.042726 0.546222 0.276359 0.255367 -0.007475 
3.394809 0.929671 0.889232 0.113051 2.165221 1.490728 1.137925 1.695985 0.512556 0.200080 0.097376 -0.020796 
3.732871 0.132969 0.882870 -0.878135 1.402356 0.764020 1.178399 1.300121 0.560986 0.235996 0.228443 0.026815 
3.292681 0.314429 0.803710 -0.407484 2.272492 0.979389 0.661957 1.020800 0.553916 0.447080 0.073505 -0.082974 
3.400221 0.411882 0.550115 -0.976354 1.384116 0.686030 1.324367 0.952712 0.514701 0.505925 -0.059315 -0.067409 
1.835537 1.523320 0.140568 -0.897453 0.715612 0.778619 -0.601723 -1.461757 0.604754 0.068767 0.540243 0.069533 
0.849685 0.491304 1.733960 1.864033 1.670498 0.217321 1.261564 1.131561 0.713762 0.272830 -0.237871 -0.043621 
0.889606 0.917304 1.245248 2.051412 1.565517 1.417804 0.759232 0.363102 0.722418 0.202579 -0.054668 -0.049249 
0.876739 1.089887 1.248051 1.401148 0.984324 1.824712 1.168845 0.731195 0.666227 0.297337 -0.188787 -0.032338 
0.834803 1.174550 1.157774 1.777519 1.435260 1.651460 0.868837 0.607449 0.203065 -0.097990 0.266768 -0.052044 
0.616503 0.477969 1.486480 1.948197 0.949090 2.443563 0.970661 1.297597 0.488811 0.068804 0.068768 -0.065277 
0.546422 1.065212 1.723112 1.199870 1.436505 1.044797 2.065060 0.304678 0.581125 0.527564 -0.148692 -0.083835 
1.056748 0.876983 1.132160 0.746943 2.245402 1.074485 1.345505 0.801940 0.320690 0.490666 0.034231 -0.132825 
0.904641 1.365036 1.182401 1.696928 1.241986 1.140691 0.281976 0.708860 0.323611 -0.158834 -0.198661 0.003920 
0.780015 1.696160 1.587883 1.472415 0.445577 0.192604 0.884985 0.050794 0.412239 0.357445 -0.101207 -0.072694 
0.922675 1.478008 1.532774 1.442595 0.520361 0.425716 -0.424341 0.777811 0.411381 0.133906 -0.047702 -0.076315 
1.181902 0.982630 0.711201 1.157017 1.352490 2.157400 1.103654 0.181575 0.474777 0.084003 -0.076725 -0.047377 
0.853843 1.275086 1.437608 0.511752 1.528274 0.196384 0.666798 0.704932 0.687815 0.045729 0.144101 -0.168782 
1.224689 1.611388 0.739633 1.791924 0.455891 1.160878 0.649164 1.391911 0.723393 -0.117159 0.130321 -0.108734 
0.973356 1.069300 1.608889 1.566604 1.469562 1.438563 0.657205 1.175738 0.092555 0.296429 0.004084 -0.071679 
0.800569 0.797138 0.976013 1.758190 1.399481 1.154786 1.716902 0.566674 -0.079871 -0.004784 -0.200410 -0.015048 
0.704550 1.015792 1.474220 1.487477 1.386867 1.226054 1.628129 0.506790 0.172111 -0.173534 0.125815 -0.075970 
0.716107 2.006135 -0.034198 2.682713 2.160936 -0.035855 0.907764 0.963293 0.034466 0.226109 -0.116248 0.021822 
3.919343 0.060139 0.829476 0.371903 0.780052 1.201540 1.213412 1.282814 0.668420 0.199447 -0.004094 -0.019805 
4.280665 2.360114 0.343274 -0.224035 0.464355 1.220097 1.176380 0.624635 0.181336 0.146036 0.323521 0.087414 
8.105783 2.952174 1.017197 -0.376188 0.763784 1.111001 0.642829 0.372902 0.100192 -0.079452 0.081720 0.107291 
6.058906 4.861608 3.276362 1.814025 1.134412 -0.416402 0.678747 0.624824 0.980676 0.300419 0.179006 0.039379 
4.713868 2.086609 3.290491 0.617109 -0.486115 0.230617 1.183512 0.829021 0.067769 0.471499 0.662374 0.133701 
3.136705 2.343377 2.189630 1.319381 0.880636 1.043859 0.377567 0.393471 0.796395 0.680543 0.432614 0.068515 
3.250128 2.453509 2.268248 1.678912 1.304558 0.922552 0.502751 0.727328 0.752278 0.537972 0.325786 0.066646 
4.289488 1.487785 2.014159 0.973789 1.693926 1.707587 1.548894 0.897610 0.463207 0.583695 0.525480 0.118169 
3.742320 1.119185 1.521647 -0.291234 1.984397 1.690820 1.684781 1.507986 0.254009 0.710221 0.189819 -0.019163 
-1.#IND00 -1.#IND00 -1.#IND00 -1.#IND00 -1.#IND00 -1.#IND00 -1.#IND00 -1.#IND00 -1.#IND00 -1.#IND00 -1.#IND00 -1.#IND00 
-1.#IND00 -1.#IND00 -1.#IND00 -1.#IND00 -1.#IND00 -1.#IND00 -1.#IND00 -1.#IND00 -1.#IND00 -1.#IND00 -1.#IND00 -1.#IND00 
