3.514664 0.065705 1.112657 -0.963020 1.170266 0.678839 0.350981 0.438912 0.205277 0.187532 0.245813 0.059399 
3.334955 0.269351 0.599946 -0.772916 1.835290 0.485849 0.115605 0.460717 0.256293 -0.124579 0.048291 0.024964 
3.300117 -0.162942 0.661613 -0.611395 1.295366 1.156087 0.536898 0.285244 0.161590 0.381965 0.105372 -0.013011 
3.329317 0.280605 0.109825 -0.459809 1.108094 0.098068 1.000889 0.353150 0.412579 0.030237 0.110197 0.046456 
3.325455 -0.017415 0.452921 -0.727516 0.683400 1.713310 1.054591 0.782148 0.453224 -0.139576 0.108021 -0.017873 
2.948021 0.314067 0.093629 -0.893411 0.358992 0.792254 0.309454 0.306272 -0.073135 0.207214 0.131356 -0.005789 
3.454027 0.238075 0.590902 -0.317809 1.765916 1.128783 0.975249 0.096435 -0.100537 0.653388 0.183524 -0.021118 
3.496537 0.101326 0.631135 -0.505365 1.155390 1.243294 0.863836 0.953849 -0.385110 0.473475 0.273886 -0.009565 
3.100819 0.106699 0.694507 -0.480716 1.646813 1.075375 0.798486 0.731373 0.035460 0.295754 0.285834 -0.038177 
3.208231 -0.327583 0.344815 -1.119641 1.478545 0.795931 0.687670 0.609378 0.247323 0.296757 0.051962 -0.076503 
3.453094 0.298085 0.925668 -0.891963 1.355294 0.659081 0.978482 0.857168 0.551927 0.393141 0.144223 -0.033715 
3.084729 0.399713 1.079953 -0.383629 1.295564 1.166707 0.456060 0.951851 0.536376 0.657423 0.098507 -0.065995 
3.752442 0.307025 0.412650 -0.890986 1.647380 1.000773 1.338092 0.573710 0.570694 0.362932 0.084685 -0.001696 
3.411961 0.016812 0.311923 -0.697596 1.222519 0.155971 0.094552 -0.035767 0.346150 0.203002 0.094643 0.020527 
3.471811 0.190434 0.863362 -0.973597 1.242545 1.134612 0.589702 0.352997 0.142567 0.364567 0.171890 0.018012 
3.376987 0.103117 0.748311 -1.014779 1.607721 1.278854 0.342178 1.345173 0.756186 0.514790 -0.005693 -0.121689 
3.320856 1.029054 0.777919 -0.620619 1.457527 1.387310 0.655610 0.924377 0.228923 0.437506 0.266490 0.008801 
2.908301 0.494091 0.513839 -0.756036 1.803160 1.574626 1.040410 0.834428 0.626071 0.239406 0.149530 -0.012831 
1.666085 1.226002 1.681129 1.272345 -0.708061 0.396161 0.299570 0.927823 0.724536 0.550707 -0.079199 -0.003108 
0.784958 0.985930 1.380181 1.667758 1.774254 1.581375 0.975611 0.549934 0.251377 0.471398 0.175653 -0.088054 
0.914862 0.585018 1.721100 1.201767 2.309482 0.596555 1.877640 0.830677 0.460390 -0.125449 0.305563 -0.068197 
0.605286 1.659722 1.133906 1.473385 0.385540 2.121128 0.483065 1.043077 0.514574 0.285124 -0.139550 -0.018249 
0.957794 0.956007 1.374917 2.092712 1.715880 1.320543 0.839459 0.332265 0.263946 0.148957 -0.138016 -0.014130 
0.831892 1.151745 1.401919 1.104335 1.414603 1.242515 1.562974 0.544999 0.129643 0.339050 -0.202512 -0.013452 
1.122921 1.537806 1.398533 1.327842 0.376020 0.883502 1.205654 0.494348 0.495322 0.182773 -0.063811 -0.067052 
0.754884 1.009165 1.152695 1.667624 1.740010 1.347504 1.167203 0.417633 0.506118 0.014481 -0.102867 -0.038422 
1.198328 0.940560 1.887127 1.188889 0.435956 1.199500 0.712230 0.470443 0.224091 0.037829 0.013800 -0.043792 
0.890244 1.173298 2.586896 0.774862 1.631842 -0.290613 0.621533 0.403356 0.937839 0.099130 0.077047 -0.069794 
0.869872 0.863539 1.018545 1.084738 1.357542 1.439289 0.938004 0.384404 0.339888 0.191247 -0.344692 -0.058252 
1.160187 1.280565 0.625835 0.722419 1.845575 0.531529 0.484865 0.871559 0.568567 -0.153730 -0.289817 -0.026728 
1.197304 1.045978 1.641030 0.646415 1.534847 0.737100 0.805605 0.656112 0.674930 -0.091717 -0.159398 -0.027874 
0.767883 1.118895 1.468963 1.253398 1.154680 1.324891 1.299090 0.595203 0.291921 0.433139 -0.201838 -0.076504 
0.580936 1.127722 1.023920 1.606748 1.302023 0.902572 1.570478 0.585875 0.629052 -0.072286 -0.055606 -0.129237 
0.912757 1.251004 1.471414 1.461348 1.620235 0.167566 1.393528 0.557405 0.517119 0.435045 -0.012413 -0.072914 
0.718433 0.949102 1.249239 2.224312 0.807401 1.008882 1.042162 1.198504 0.637502 0.292865 -0.019077 -0.072877 
0.971261 1.578970 0.699739 2.731722 0.819941 1.040931 1.356604 0.401793 -0.153878 0.370694 -0.151771 0.013725 
2.589555 0.592758 0.959470 0.371236 2.323152 1.260646 0.857412 0.472728 0.370686 0.221001 0.153256 0.021193 
5.456883 1.016516 0.822837 1.194798 0.132379 0.172438 1.202481 0.140770 0.657275 0.041188 0.011885 0.035998 
5.093995 0.739033 0.673920 1.072566 0.910611 1.367879 1.391908 1.008310 0.558173 0.016438 -0.011564 0.014344 
3.798818 0.477386 2.342865 0.579643 0.823757 0.085779 0.695715 0.275550 0.672391 0.589419 0.250447 0.051262 
3.358999 0.966184 0.832472 0.262420 0.823391 -0.041946 -1.056568 -0.219682 0.160390 0.392085 0.570677 0.113770 
4.251854 2.131605 2.278736 1.621521 0.801679 -0.009966 0.378408 1.004263 0.920501 0.010904 0.017793 0.027786 
3.734902 2.503934 1.696059 0.815004 0.684029 0.476807 -0.207571 -0.061129 0.449641 0.689296 0.129529 0.040751 
4.768901 2.127373 2.075637 -0.841212 0.791103 2.078484 0.751853 1.070928 -0.095131 0.471702 0.576906 0.121203 
3.927559 0.981151 1.317000 0.232724 2.139175 1.743311 1.264983 0.904419 -0.005576 0.066815 0.411400 0.099513 
3.900243 0.598815 1.980949 0.548659 2.209041 1.565645 0.682413 0.958143 0.507725 0.507804 0.290723 0.011364 
3.074649 0.677172 0.468821 -0.931747 1.788380 1.254510 1.215679 -0.431998 0.019054 0.573285 0.223730 0.062499 
3.322099 0.458580 0.857979 -0.905240 1.827725 1.571301 0.545693 1.364073 0.513231 0.275167 0.337381 -0.033724 
-1.#IND00 -1.#IND00 -1.#IND00 -1.#IND00 -1.#IND00 -1.#IND00 -1.#IND00 -1.#IND00 -1.#IND00 -1.#IND00 -1.#IND00 -1.#IND00 
-1.#IND00 -1.#IND00 -1.#IND00 -1.#IND00 -1.#IND00 -1.#IND00 -1.#IND00 -1.#IND00 -1.#IND00 -1.#IND00 -1.#IND00 -1.#IND00 
