3.626690 0.336503 1.719046 -1.180748 0.125585 -0.599262 0.148506 0.157551 0.124519 0.219266 0.459347 0.136500 
3.242308 -0.129811 1.952016 -0.351933 1.310121 0.589385 0.217132 0.651758 -0.445409 0.116828 0.346903 -0.041732 
3.072974 0.024663 1.377407 -0.483926 1.307026 0.099472 0.940075 0.169021 -0.172813 -0.041923 0.251264 0.019141 
2.564093 -0.156254 1.183511 -0.954142 1.138330 0.545294 1.409903 0.789460 0.408598 0.252422 -0.163941 -0.074002 
2.939422 0.072405 1.247383 -0.933393 1.395048 0.789752 1.261204 0.296991 -0.161257 0.407213 0.170677 -0.052445 
2.987755 -0.063545 1.705533 -0.638508 1.392414 0.445033 0.856152 0.371162 0.010953 0.473124 0.366306 -0.007753 
2.745752 0.142220 1.972015 -0.626594 1.317891 0.161074 0.823318 -0.124429 -0.089148 0.260354 0.263101 0.005606 
3.391419 0.036689 1.885629 -0.549147 2.187394 1.274411 1.049247 1.127103 0.018561 0.396903 0.364926 -0.010505 
2.847126 -0.093205 1.389346 -0.410194 1.912123 0.310030 1.912250 0.989547 -0.031587 0.320877 0.103460 -0.009055 
3.372505 -0.284612 1.555866 -0.631855 1.806204 1.434663 0.946835 0.970923 -0.293839 0.450277 0.320873 -0.069842 
2.883473 -0.260354 1.427887 0.003083 1.534029 0.650460 1.396459 0.718590 -0.051685 0.179701 0.230737 0.020363 
3.157924 -0.227870 1.090691 -0.491768 1.860181 0.455453 1.190192 0.964256 0.273505 0.505128 -0.061238 -0.045642 
3.127087 -0.444431 1.455999 -1.000745 1.297124 0.858196 0.289559 0.540390 0.391489 0.198853 -0.030675 -0.047975 
2.867283 -0.117224 0.871248 -0.698035 1.731732 0.917902 0.907074 0.630466 0.178616 -0.049079 0.067683 0.003472 
3.182096 0.278524 0.736086 -0.965866 2.535529 0.752638 0.408934 0.277185 0.475485 0.538893 0.258275 0.022115 
3.391403 0.233712 1.578719 -0.381501 1.683766 1.146882 1.517773 0.678446 0.231849 0.218512 0.309933 0.022925 
3.404325 0.173072 1.620539 -0.633114 1.947919 1.189005 1.229443 1.075004 -0.051773 0.278400 0.078903 -0.063413 
3.550029 -0.105560 1.674777 0.033927 1.720437 0.240533 0.715683 1.165822 0.469831 0.188374 0.158414 -0.002110 
3.078906 0.240645 1.163152 -0.631600 1.717062 0.512923 1.348735 1.262164 0.396903 -0.244676 0.140585 0.044386 
3.151027 0.562167 1.400965 -0.603305 1.866939 0.722725 1.132445 0.736313 0.402107 0.253400 0.465774 0.050004 
3.393335 0.343795 2.150101 -0.386067 1.334052 1.437654 1.480025 0.827676 0.565883 0.335904 0.251946 0.025722 
3.591072 0.846117 1.188334 -0.800055 0.445731 0.484751 0.217694 0.159366 0.334993 0.339509 0.510541 0.087197 
1.016597 1.215562 3.074270 0.608314 1.165632 -0.666668 0.022100 1.250627 0.917347 0.176923 0.249503 0.001904 
0.684583 1.242725 1.380812 1.448964 1.381791 1.462277 1.567244 0.958204 0.109438 0.307860 0.086903 -0.064952 
0.820131 1.072180 1.316712 1.391835 1.643143 1.427124 0.986599 0.810173 0.638949 0.123060 0.114781 -0.061257 
0.866105 1.116737 0.635048 1.500910 1.754783 2.420390 1.349536 0.358463 0.291016 0.210006 0.088123 -0.014010 
0.724407 1.089240 1.369585 1.051266 2.821850 1.227413 1.405631 0.431700 0.201024 0.143663 0.119993 0.011326 
1.030449 1.205273 1.014367 1.847820 1.328588 0.757630 1.829007 0.465863 0.224238 0.383085 0.177464 -0.089896 
0.834844 0.585196 1.397460 2.129808 1.673867 1.512928 0.787281 0.701506 0.347173 0.289816 -0.025061 -0.081705 
0.828318 1.349754 1.865939 1.667497 0.980376 0.864269 0.967846 0.695572 0.042751 0.196768 -0.083104 -0.029536 
1.151633 0.526398 1.272792 1.962318 1.469329 0.302555 0.605507 0.747407 0.933839 -0.138328 0.131240 -0.153535 
0.890222 2.203776 1.114460 1.155751 0.540871 1.065229 1.263121 0.401016 0.741827 0.119314 0.152036 -0.108306 
1.200644 1.360018 0.679134 1.294899 1.516675 1.347660 0.681035 0.692070 -0.171875 0.116331 0.045028 -0.062783 
0.595372 1.801476 1.317271 0.713984 1.410630 1.218238 0.970979 0.647423 0.777099 0.360269 -0.234089 -0.050143 
0.753663 1.833890 0.812577 1.143188 1.861974 1.123529 0.767010 1.088596 0.254113 0.639687 -0.148100 -0.014963 
0.965425 1.023701 1.326615 1.750278 1.392349 0.962929 1.225601 1.184629 0.641908 0.083398 0.129998 -0.055709 
2.162021 0.586524 1.703307 0.653260 0.808831 0.585921 1.038236 0.833603 0.702939 0.188506 0.213627 -0.051425 
2.301214 0.188314 1.451402 0.728412 1.336557 1.156917 1.366785 0.499503 0.540924 0.331951 -0.003870 -0.026407 
3.448044 -0.693757 1.515104 0.845568 1.166657 0.945373 1.791576 0.590424 0.412418 0.308768 -0.000130 -0.007485 
3.461140 0.515159 0.902370 0.890048 1.348988 1.267311 0.421476 0.114759 0.837516 0.327593 0.412621 0.045435 
3.775612 0.170516 1.930805 0.904435 1.261672 1.027441 0.288409 0.406291 1.168441 0.438159 0.050699 0.006431 
3.421126 2.808282 2.145245 1.486249 1.142763 0.840602 0.663073 0.599215 0.464064 0.384315 0.215719 0.045822 
3.265214 2.725768 2.235376 1.860550 1.441326 0.954676 0.516030 0.219241 0.270474 0.320912 0.230083 0.043456 
3.087269 2.211513 1.771974 1.565641 1.193797 0.856685 0.744821 0.628455 0.240218 0.263088 0.106775 0.024520 
3.125936 1.854643 1.289012 0.728838 -0.306128 0.331356 0.453056 -0.059363 0.016334 0.499959 0.610019 0.086092 
2.853494 1.604229 1.609536 1.144993 0.646451 -0.934437 -1.111058 0.113869 0.751213 0.515074 0.101075 0.042626 
6.067333 0.735729 1.584720 1.473299 0.857755 -1.094853 0.240326 -0.002439 0.427657 0.257181 0.275101 0.197362 
3.759057 2.259798 1.738853 -0.041738 0.311057 0.626693 0.220648 0.453916 0.270863 0.313942 0.408545 0.068393 
-1.#IND00 -1.#IND00 -1.#IND00 -1.#IND00 -1.#IND00 -1.#IND00 -1.#IND00 -1.#IND00 -1.#IND00 -1.#IND00 -1.#IND00 -1.#IND00 
-1.#IND00 -1.#IND00 -1.#IND00 -1.#IND00 -1.#IND00 -1.#IND00 -1.#IND00 -1.#IND00 -1.#IND00 -1.#IND00 -1.#IND00 -1.#IND00 
