3.295121 0.191912 0.508136 -1.133536 1.038231 1.465072 0.794873 0.296861 0.063698 0.321605 0.076290 0.017374 
3.441383 -0.073016 1.065793 -1.183513 1.521979 0.908489 0.363818 0.107254 0.032645 0.310046 0.237222 0.021592 
3.319040 0.215237 0.543726 -0.970216 1.062222 0.068977 0.622775 0.721073 0.355203 0.251945 -0.023852 -0.000333 
3.501766 0.130699 0.829226 -0.583386 2.092903 0.212106 0.538322 0.665573 0.299949 0.517959 0.331635 0.031299 
3.156953 0.413469 0.661281 -0.608804 1.381027 1.186869 0.572815 0.924978 0.125385 0.431710 0.202896 -0.034043 
2.886714 -0.273431 0.866150 -1.296192 1.259607 1.157441 -0.168630 0.267383 0.183200 0.134420 0.186214 0.037178 
3.244258 -0.351069 0.636673 -1.225593 0.914331 0.456527 0.251844 0.740156 0.148101 0.616547 0.353797 -0.021313 
3.048335 -0.308704 0.902278 -1.333558 0.721618 0.004265 1.032273 0.500762 0.578739 0.139957 0.008668 0.055870 
3.026066 -1.089147 2.548949 -0.906099 1.039977 2.235821 0.855709 0.553363 0.610237 0.488456 0.151812 -0.045347 
2.571470 -0.557103 1.332887 -0.284797 1.865719 0.217161 0.118805 0.639288 0.278796 0.166145 0.173874 0.044864 
2.876612 -0.662262 1.409419 -0.871400 0.763152 0.999405 1.179074 1.406922 0.614237 -0.051259 0.397647 0.028185 
2.514830 -0.704598 0.973836 -0.704156 1.115105 0.578272 0.542224 0.648012 -0.145393 0.247462 0.279622 -0.005300 
2.637446 -0.666783 1.347143 -0.577693 1.352303 0.564188 0.165258 1.189844 0.512805 0.290758 0.167457 -0.044157 
3.031733 -0.453878 1.530978 -0.816549 1.453425 0.224766 0.131475 1.024667 0.179578 0.150708 0.420175 0.032346 
2.855019 -0.950033 1.427739 -1.012276 1.067355 0.634632 0.189067 0.803475 0.215485 0.118038 0.337832 0.001705 
2.677931 -1.065585 1.390291 -1.404786 1.398518 0.537360 0.326971 0.450482 -0.065108 0.590576 0.227700 -0.020480 
3.134752 -0.465660 1.293628 -0.987050 1.257851 0.240955 0.668979 1.808028 0.382782 -0.115993 0.404299 0.017402 
2.962803 -0.775374 1.665159 -0.713748 1.292867 0.591714 0.502779 0.597388 -0.007038 0.098574 0.373577 0.012708 
2.792124 -0.982179 1.535518 -0.852022 0.938751 1.394073 0.560976 0.469361 0.075063 0.159937 0.078952 -0.025249 
3.018212 -0.681527 1.419786 -0.997845 1.191767 0.621857 1.065067 0.898692 -0.371929 0.300955 0.316549 -0.003899 
3.191563 -0.878560 1.089205 -0.836558 1.276350 0.329513 -0.414871 0.733115 0.473227 0.093461 0.092376 0.017482 
2.760465 -1.124062 1.614718 -1.125956 0.937402 0.225197 0.645151 0.623242 0.064866 0.091718 0.276009 0.038348 
1.407983 1.244712 -0.190896 0.685374 0.623461 0.575899 1.105737 1.357708 0.379471 0.220228 -0.305121 -0.020432 
0.615048 1.059006 1.148240 1.382417 2.430896 0.277832 1.926916 1.055421 0.418281 0.355878 -0.083355 -0.060370 
1.280798 0.913592 1.130241 0.880430 1.556847 1.386651 1.096272 0.970487 0.533214 -0.013465 -0.052519 -0.034260 
0.428594 1.256653 1.542775 1.133113 1.168868 1.319968 1.577858 1.652552 0.510971 -0.091366 0.022029 -0.061230 
1.030912 1.619537 0.599423 1.286654 2.121385 0.763374 1.368460 1.022282 0.440409 -0.057971 -0.125355 0.012945 
0.710629 1.449474 0.835519 1.441663 1.790982 0.971522 1.134565 0.890273 0.926461 0.191395 -0.076189 -0.100945 
0.731150 1.383131 1.061239 1.759880 1.269644 1.167762 0.912659 0.388612 0.573509 0.188170 -0.179613 -0.042706 
0.967564 1.257460 1.647596 0.801806 1.050863 1.454078 0.477536 0.498555 0.290055 0.017011 -0.063005 -0.055867 
0.787075 1.033510 1.359674 1.770881 1.420656 1.222213 0.648551 0.678359 0.180104 0.035196 -0.128494 -0.052900 
0.864992 1.787043 1.634537 0.853068 1.512296 -0.246576 0.663343 0.050909 0.198623 0.589057 0.218682 -0.125320 
0.998001 0.989373 1.683616 0.816889 0.700373 1.152708 1.904225 -0.045620 0.567352 -0.352153 0.064509 -0.091832 
1.330826 1.423244 0.777672 1.006514 1.013953 0.930450 0.216032 0.473993 0.354411 0.185914 -0.012286 -0.086636 
1.256350 1.002094 0.851928 1.350748 1.608200 0.876591 0.535047 -0.112334 -0.279870 -0.008540 -0.191282 -0.039395 
1.236312 0.940929 0.912128 2.002010 1.042163 -0.028557 1.545585 -0.189763 0.787787 0.112024 0.010150 -0.089945 
1.009134 0.708485 0.816787 2.008257 1.689727 0.759568 1.237447 0.758187 0.607182 0.252043 -0.042118 -0.052330 
0.974488 0.733333 1.615968 1.507564 1.167868 1.633762 0.985280 1.257063 0.158654 0.173679 0.103187 -0.053671 
0.850927 1.245634 1.281962 0.747885 2.051986 1.412022 1.285353 0.655204 0.503068 0.314424 -0.010762 -0.027033 
0.679184 0.761808 1.433149 1.411915 1.239233 1.859553 0.876161 1.138084 1.155239 -0.039258 0.177642 -0.086237 
1.200496 0.844019 1.449776 1.359627 1.908095 0.596052 1.009148 0.702313 0.361285 -0.000739 0.330255 -0.081334 
2.703562 0.399004 2.169498 0.706467 0.965883 1.133830 1.226758 0.896498 -0.121761 0.168191 0.159295 -0.021274 
4.532532 3.228919 1.566891 0.586084 0.480012 0.817628 0.690882 0.519690 0.459756 0.293669 0.283245 0.069961 
5.113492 3.636801 1.691757 1.032797 0.743725 0.546768 0.925483 1.075752 0.110771 -0.202495 0.078585 0.029469 
4.974567 2.863386 1.692857 1.377164 1.481583 1.279194 0.483174 0.557362 0.629837 0.248751 0.189221 0.048414 
3.849893 2.425368 2.230587 1.623488 1.245837 1.538839 1.533600 0.278299 -0.412377 -0.004927 0.076384 0.020174 
7.125286 2.501599 1.646164 1.143375 0.424272 -0.127344 0.803055 0.925496 0.232949 0.132079 0.273146 0.142829 
3.556086 3.009616 2.322749 1.536289 1.173725 0.577432 0.440271 0.229129 0.074561 0.310307 0.379228 0.081605 
-1.#IND00 -1.#IND00 -1.#IND00 -1.#IND00 -1.#IND00 -1.#IND00 -1.#IND00 -1.#IND00 -1.#IND00 -1.#IND00 -1.#IND00 -1.#IND00 
-1.#IND00 -1.#IND00 -1.#IND00 -1.#IND00 -1.#IND00 -1.#IND00 -1.#IND00 -1.#IND00 -1.#IND00 -1.#IND00 -1.#IND00 -1.#IND00 
