3.480831 0.429721 0.809471 -1.099225 1.448907 1.570363 0.714534 0.441942 0.343034 0.320387 0.135458 -0.017454 
3.195055 -0.043033 0.404996 -0.859054 1.110371 0.893996 1.049598 0.500123 0.598572 -0.211116 -0.025407 0.049101 
3.518559 -0.179764 0.109521 -0.643975 0.502429 1.139779 1.452550 0.734456 0.701554 0.053672 0.028131 0.030733 
3.414470 0.182199 0.710998 -1.280893 1.320479 0.482419 0.451723 1.122736 0.358867 0.397595 0.138835 -0.022269 
3.265650 -0.175636 0.574334 -0.845103 1.172231 1.295680 0.151286 0.651788 -0.043438 0.251389 0.201909 -0.013277 
3.350180 0.378502 -0.056575 -0.663314 1.349577 0.524631 0.356147 0.962630 0.367958 0.447002 0.169784 -0.054105 
3.547367 -0.015255 -0.158404 -1.071790 1.175325 0.804997 0.554930 0.482110 -0.268775 0.238798 0.273137 0.012854 
3.212270 0.021333 0.865442 -1.077555 0.813413 0.537457 0.526081 0.538283 -0.062134 0.275340 0.136674 0.030910 
3.279939 0.156699 0.562590 -0.734554 1.825941 1.512851 0.870564 1.439529 0.515666 0.451084 0.130474 -0.071509 
3.406760 0.399581 0.731274 -0.891007 1.598583 0.570648 0.330152 1.006971 0.300686 0.019380 0.115211 0.022012 
3.507975 0.024500 0.030620 -0.462233 1.138822 0.727175 0.732586 0.934776 0.351973 0.468925 0.272272 0.005688 
3.437529 0.093046 0.285665 -1.204077 0.961648 1.926337 1.200363 0.724582 0.553621 0.437076 0.121088 -0.016637 
3.325211 -0.173637 0.522571 -0.835176 1.125705 0.906982 0.121675 0.366215 0.402025 0.439692 0.466889 0.047395 
3.235150 -0.364172 0.210577 -1.090114 1.167391 0.820876 0.302474 0.522868 0.051454 0.124741 0.233882 0.015477 
3.421395 -0.327102 -0.015673 -2.085702 0.491167 1.097297 0.591788 0.658116 0.134243 0.500048 -0.018217 -0.043675 
3.152367 0.140771 0.827858 -1.336504 1.380968 1.123888 0.649258 0.628184 0.787947 0.128443 -0.046903 -0.022850 
3.294157 0.146838 0.889102 -0.194157 1.387793 -0.047527 -0.128833 0.355718 0.113650 -0.058144 0.152579 0.023084 
3.296004 0.037656 0.214272 -1.323516 1.082484 0.426864 0.952222 0.911556 0.632187 0.165340 0.241631 0.010904 
3.521069 0.500224 0.443627 -1.484251 1.291343 1.381897 0.289851 1.039449 0.163380 0.575706 0.079415 -0.073263 
3.473707 0.341411 0.717030 -0.602250 0.779403 1.336050 1.166749 0.167924 0.679182 0.531825 0.256044 0.035995 
3.271448 0.278342 -0.011699 -0.821426 1.462890 0.668146 0.362831 0.862249 0.345442 0.210734 0.044098 -0.040650 
3.326248 -0.382333 0.474519 -0.643202 1.152843 1.045620 0.348505 0.466244 0.357788 0.529950 0.092789 -0.031843 
3.662383 -0.148965 0.960324 -0.742928 1.492063 0.841289 0.606574 0.797788 0.474618 0.038696 0.042899 -0.001601 
1.133939 1.577199 -0.030022 0.093763 0.611785 0.651217 -0.466430 0.331832 0.484406 0.983887 0.291675 -0.023245 
0.663903 1.346729 1.893454 1.962434 1.153619 0.646241 0.954698 0.140134 0.454156 0.228669 0.086061 -0.083078 
0.636218 1.366379 1.324811 1.129596 1.107264 1.231506 1.202778 1.651969 0.350988 0.230346 0.034100 -0.084796 
0.793201 1.786215 1.376689 1.675416 0.898820 1.357722 0.443925 0.759021 0.399697 0.428204 0.036816 -0.041208 
0.806306 1.354309 1.662449 1.456210 1.192787 0.401063 0.148785 1.283084 1.122246 0.234738 -0.022880 -0.073917 
0.859193 1.257133 1.160582 1.209647 1.421612 1.860747 0.501381 0.515016 0.661987 0.333157 0.066554 -0.090327 
0.958644 1.143817 0.807796 2.717999 2.119361 1.033754 0.998910 0.640134 0.162074 -0.227860 -0.008587 0.046605 
0.670385 1.390554 1.729168 1.936528 1.075059 2.018343 1.373292 -0.324844 0.221092 -0.036255 -0.001535 -0.023464 
0.767466 1.031396 2.268749 0.826976 2.265615 0.972166 0.753420 0.688427 0.201579 -0.110282 -0.162053 0.004169 
1.031507 1.418582 0.967558 1.582267 1.732184 0.291585 0.467714 0.597761 0.562171 0.127435 0.045438 -0.081658 
1.026950 1.247512 1.763494 1.116002 0.807176 0.502014 1.113723 -0.043862 0.451682 0.429387 -0.200199 -0.075117 
1.119435 0.677814 1.290584 1.631722 1.035451 -0.196609 1.204765 0.552259 0.482068 0.513361 -0.285627 -0.154945 
1.141682 0.811414 1.108541 1.763427 0.602884 0.382073 0.608649 0.952435 0.638330 -0.088619 -0.100057 -0.119721 
0.793946 1.136625 1.600021 0.857715 1.294184 1.024862 0.189643 1.563277 0.578308 0.112010 0.020616 -0.081809 
0.824970 0.849261 1.515974 1.283818 2.017828 1.094563 1.064776 0.656470 0.365264 0.580790 0.117618 -0.130825 
0.761278 1.193668 0.909028 1.893065 1.458142 1.274164 0.657089 1.715564 0.240114 0.246236 -0.058839 -0.036057 
1.516946 0.704014 1.399771 1.210492 0.468306 1.272837 0.751330 0.452876 0.636106 0.259158 0.121373 -0.001980 
1.495348 0.616479 1.115467 1.439714 0.726921 1.061512 0.950353 1.284706 0.530221 0.175528 0.081923 -0.006157 
1.429950 0.805485 1.034829 0.626029 1.437123 1.293740 1.468647 1.365184 0.505796 0.271762 0.187825 -0.095933 
4.883853 -0.624986 1.389747 1.526242 0.901493 1.151965 0.722734 0.439978 0.879973 0.578876 -0.169650 -0.103260 
4.850086 1.759998 1.639823 1.070788 -0.051705 -0.005943 0.835167 0.463916 -0.168094 0.089125 0.354208 0.099848 
2.905318 2.083408 1.620415 1.014751 0.220616 -0.120281 -0.042596 -0.002238 0.154200 0.194921 0.129888 0.010755 
2.767794 1.131978 3.392470 1.385262 1.103780 -0.149007 -0.113458 0.326222 1.272072 0.432039 0.233613 0.097732 
3.544026 0.788963 0.700481 0.627146 -0.103091 -0.183681 0.568599 -0.309742 0.184604 0.708477 0.353836 0.045554 
3.353531 0.855919 0.991776 2.426737 1.155624 -0.305664 0.748485 1.012906 0.829081 0.882413 0.130345 -0.016494 
-1.#IND00 -1.#IND00 -1.#IND00 -1.#IND00 -1.#IND00 -1.#IND00 -1.#IND00 -1.#IND00 -1.#IND00 -1.#IND00 -1.#IND00 -1.#IND00 
-1.#IND00 -1.#IND00 -1.#IND00 -1.#IND00 -1.#IND00 -1.#IND00 -1.#IND00 -1.#IND00 -1.#IND00 -1.#IND00 -1.#IND00 -1.#IND00 
