3.518351 -0.176211 0.610260 -1.042524 0.791362 0.213925 1.332781 0.719850 0.578214 0.276529 0.142061 0.025401 
3.500289 -0.364050 0.271794 -1.261121 1.862858 1.170682 0.829110 0.813467 0.522464 0.255213 0.392144 0.071188 
3.037928 -0.170875 0.194439 -0.469791 0.860896 0.755593 0.578686 0.531228 0.035260 0.370594 0.116204 0.008403 
3.440894 0.205009 0.718349 -1.030753 1.250642 0.799345 -0.015312 0.428232 -0.144227 0.080608 0.208799 0.032998 
3.201639 -0.244340 0.438720 -1.305754 0.608060 1.259392 0.611245 0.825361 0.119830 0.419133 0.072831 -0.039387 
3.440733 0.211681 0.003183 -0.598374 1.644201 0.743662 0.177678 0.826338 -0.109410 0.121502 0.258344 0.025384 
3.176444 -0.168001 -0.168305 -0.891398 0.435224 0.537723 -0.508958 -0.076926 0.262244 0.270274 0.171822 0.016689 
3.463597 0.033459 0.175146 -0.960730 1.400699 1.150113 0.279475 1.321727 0.555860 0.325342 0.179411 -0.053358 
3.349044 0.061334 0.362893 -0.486315 1.302382 0.784456 0.759020 0.364790 -0.028978 0.262880 0.159768 0.007994 
3.474257 -0.129246 0.335195 -0.712514 1.258389 -0.369679 -0.150264 0.488530 0.175851 0.629284 0.186202 0.005851 
3.325666 0.004863 0.641268 -0.792556 2.200811 0.843606 0.894315 0.857616 0.413333 0.394930 0.119638 -0.004172 
3.578611 0.116664 0.643443 -0.825223 2.273066 2.058315 0.526545 0.926859 0.501719 0.502654 0.377249 -0.023629 
3.348914 -0.080801 0.659010 -1.272348 1.977527 0.994815 0.437188 0.361298 -0.045754 0.168089 0.266185 0.045164 
3.565739 0.391880 0.264564 -0.650805 1.328657 1.219465 0.394408 0.880946 0.090909 0.738701 0.252768 -0.020742 
3.505528 0.163371 0.718487 -0.681104 0.813743 0.793364 -0.353334 0.742269 0.036623 0.320814 0.215422 -0.009255 
3.327235 -0.220335 0.471033 -1.204496 0.559916 0.242843 0.138797 0.837294 -0.162005 -0.125128 0.025444 -0.007567 
3.397488 0.480404 0.809390 -1.005950 1.391084 0.723497 0.405793 0.557288 0.081388 0.065608 0.206430 0.060885 
3.435942 0.496942 0.987268 -0.029414 1.242069 1.122606 0.557169 0.797898 0.490143 0.330863 0.080450 -0.017347 
3.282880 0.314651 0.102570 -0.037104 1.151731 2.211799 1.050407 0.381970 0.659583 0.504720 0.050536 -0.045845 
3.067837 0.202364 0.809258 -0.007909 1.526919 1.614737 1.067843 0.195025 0.320477 0.444646 0.212657 0.009448 
3.354231 0.291883 0.588309 -0.621059 1.258193 0.722220 0.203473 0.730478 0.207959 0.063859 0.205762 0.020186 
3.519570 0.582598 0.129959 -0.850794 2.238903 0.374661 0.253318 0.415822 0.217522 0.514842 0.140247 0.020422 
1.785187 0.622310 1.288745 2.521805 0.147847 0.155595 -1.197366 1.283687 1.392710 -0.097386 0.407975 -0.013177 
0.715497 0.716759 1.234667 2.456449 1.632323 2.142215 0.838618 0.365010 0.424341 0.400115 0.009009 -0.054702 
0.695101 0.801074 0.839384 2.002474 2.614619 0.907874 2.011758 0.667926 0.172698 0.349927 -0.204231 0.035051 
0.817158 0.765295 1.784142 1.228195 1.136108 1.406777 1.399815 0.952456 0.489441 0.217125 0.063802 -0.082417 
0.758681 0.955879 1.460278 1.573775 1.104007 1.685091 1.041536 0.769420 0.499799 0.169869 -0.019995 -0.064396 
0.642931 1.118743 1.785816 1.926996 1.314140 1.348864 1.190666 0.202295 0.276518 0.140493 0.018774 -0.040090 
0.966056 1.016919 1.243216 1.021354 1.483320 1.305317 1.047802 1.194882 0.793891 0.014572 -0.000033 -0.118951 
0.817057 1.082461 1.648893 1.166151 1.665668 1.074619 0.584632 0.875813 0.508561 0.109741 -0.105537 -0.056091 
0.798514 1.275701 1.717508 1.427311 1.401687 1.608550 0.223561 0.671621 -0.056073 0.484911 -0.303299 -0.061737 
0.904785 0.934421 1.869217 1.324247 1.587906 0.182400 0.787581 0.401373 0.496954 0.373149 -0.096776 -0.081530 
1.388614 0.463986 1.672544 1.494825 0.609545 0.525241 0.855088 0.218973 0.727941 -0.077876 0.063039 -0.078690 
0.875874 1.436653 2.107701 0.865603 0.835260 0.601306 0.675720 0.195773 0.670098 0.288834 -0.044687 -0.076066 
0.965046 1.188452 0.587098 0.701750 0.413882 2.284713 0.743885 0.976689 0.261897 0.182096 -0.101422 -0.113104 
1.114332 1.022971 0.893768 0.750571 1.553275 0.914787 1.818058 0.845158 0.188204 0.171366 0.007395 -0.111767 
1.123950 0.628419 1.211892 1.868567 1.223142 1.173372 1.182373 0.566373 0.306485 0.102948 -0.000594 -0.086217 
0.948996 1.154371 1.861995 1.291911 0.796664 1.007134 1.237357 0.201774 0.492418 0.289128 -0.020533 -0.086596 
0.776426 1.025499 1.064860 1.382640 1.672361 0.967014 1.427591 1.256054 -0.097294 0.320639 -0.216477 -0.016127 
1.078783 1.180453 1.530607 1.577096 1.517435 0.704878 1.407108 0.038455 0.200637 0.745161 -0.044068 -0.057880 
2.196777 0.610846 0.496722 2.106295 0.944869 1.231144 1.069805 0.599392 0.928541 0.017063 0.133100 -0.032570 
3.551476 -0.212761 0.992762 0.702617 0.776103 0.625815 1.247998 0.247964 0.684753 0.396435 0.020197 0.005298 
3.707344 0.735025 1.315910 0.844266 0.019152 1.630577 0.247824 1.217842 0.393234 0.385585 0.110101 -0.002370 
3.201038 0.395331 2.088244 1.439249 1.315716 0.762950 1.316088 0.312310 0.430636 -0.066512 0.019176 0.040357 
2.341695 0.363063 1.481089 1.848626 0.686299 0.622171 1.102432 0.316629 -0.199021 0.701669 0.325618 -0.051212 
2.904852 0.171057 1.269913 0.450695 0.903515 -0.058215 0.690070 -0.368707 0.261075 0.855566 0.362994 0.011298 
3.182707 0.718816 1.436833 1.572092 -0.207521 0.244204 0.440169 0.255179 0.799015 0.715731 0.184321 -0.000375 
5.158139 0.740885 2.092570 0.896485 0.777986 0.395196 -0.116594 1.114518 0.695960 0.596571 0.400230 0.048079 
-1.#IND00 -1.#IND00 -1.#IND00 -1.#IND00 -1.#IND00 -1.#IND00 -1.#IND00 -1.#IND00 -1.#IND00 -1.#IND00 -1.#IND00 -1.#IND00 
-1.#IND00 -1.#IND00 -1.#IND00 -1.#IND00 -1.#IND00 -1.#IND00 -1.#IND00 -1.#IND00 -1.#IND00 -1.#IND00 -1.#IND00 -1.#IND00 
