3.341486 0.184730 0.517121 -0.854600 1.784973 1.160020 0.505505 1.072532 0.778955 0.248397 0.392533 0.010621 
3.329012 0.260238 0.582742 -1.293286 1.708236 1.640219 1.763793 0.626425 0.149776 0.257379 0.270824 0.035688 
3.576109 0.278784 0.362076 -0.239524 1.134844 1.170132 0.067121 0.282133 0.679373 0.115116 0.271737 0.038172 
3.355188 -0.126917 0.645406 -0.518483 1.295731 1.304861 1.019957 0.626051 0.124058 0.218609 0.012014 -0.027114 
3.545399 0.031121 0.673776 -1.250804 2.245681 0.246707 0.642733 0.568667 0.246285 0.487672 0.274979 0.053210 
3.629760 0.228537 0.795917 -0.635080 1.187982 1.240330 0.545263 0.688895 0.296280 0.049660 0.053625 0.014375 
3.681182 0.224471 0.882581 -0.662312 1.444169 0.844136 1.018711 0.961203 0.503119 0.319994 0.207728 0.030405 
3.408523 0.059017 0.253123 -1.276187 1.808878 1.325552 0.566598 0.799790 -0.331699 0.461593 0.103601 -0.055019 
3.528448 0.491616 0.307949 -1.126370 1.917090 0.370557 0.287203 1.149622 -0.064777 0.175886 0.213273 0.020584 
3.550736 0.409226 0.542502 -0.851597 1.634272 0.759091 0.125298 1.119314 0.546158 0.169211 0.107056 -0.016890 
3.598027 0.147252 0.838694 -0.104412 1.320493 1.638296 0.806035 1.136549 0.291566 0.300792 0.390130 0.021881 
3.432389 0.419779 0.284137 -0.749712 1.266545 1.282561 -0.077476 0.659013 0.694188 0.342630 0.301790 0.008906 
3.539726 -0.003761 0.703037 -0.221368 1.756566 0.819597 -0.198846 0.971522 -0.214399 0.246259 0.287426 -0.038129 
3.620046 0.373256 0.814941 -1.284433 1.200074 0.334165 0.570375 0.450198 0.154490 0.168706 0.148842 0.063192 
3.775315 0.358028 0.686129 -1.426883 1.695306 1.679402 0.666030 0.365099 -0.201418 0.425368 0.056584 -0.048537 
3.397559 0.692341 0.106499 -0.285929 1.448378 1.269307 1.380682 0.851716 0.441835 -0.374154 0.157181 0.059345 
3.499256 0.639965 0.440212 -0.494181 1.227794 0.117969 0.683188 0.931191 0.195193 0.278637 0.175927 -0.001920 
3.508457 0.856750 0.473424 -0.281792 1.207391 0.617046 0.909652 0.846788 0.630732 0.391831 0.282918 0.008619 
3.308097 0.268930 0.458653 -0.648116 1.535396 0.620271 0.275961 0.062510 -0.047210 0.479904 0.105486 -0.020398 
3.597991 -0.063753 0.437503 -0.534544 1.198733 0.300420 0.275247 0.975649 -0.551637 0.597153 0.319905 -0.036050 
3.797312 0.279305 1.477722 -0.752779 1.453206 0.522130 0.358970 0.693969 0.160744 0.096008 0.200917 0.014490 
4.654696 1.928859 0.795709 -1.028657 -0.226399 -0.332398 0.368967 0.861686 0.009722 -0.812659 0.072354 0.083156 
0.796795 1.161402 1.552388 1.724407 1.199741 -0.046519 0.407050 0.743136 0.840085 0.324992 -0.091618 -0.010606 
0.853429 1.203865 1.166091 1.688095 1.066732 1.223124 1.239997 0.925458 0.871835 0.391611 -0.153440 -0.063069 
0.805800 1.068973 0.980233 1.367313 2.313293 1.384644 1.331866 0.805658 0.302522 -0.006526 0.110135 -0.032567 
0.565743 1.115887 1.190652 1.974661 0.665118 2.557106 1.910771 0.490058 0.272861 -0.003886 -0.067986 0.009989 
0.255990 1.396468 1.690233 1.867235 1.020267 1.692228 1.459060 0.977987 0.407678 0.337480 -0.046866 -0.040567 
0.458182 0.948457 1.532650 1.607438 1.974097 1.427839 0.967877 0.278561 0.459404 0.360251 -0.100963 -0.042689 
1.042407 1.192036 1.104454 2.364445 0.604063 0.984267 0.855689 0.107065 0.811124 0.271432 -0.071715 -0.080270 
1.054785 1.408022 1.055957 1.077085 1.552406 1.075099 1.225176 0.120273 0.390974 0.223554 0.000559 -0.111533 
0.722021 1.094402 1.399676 1.654836 1.003813 0.817712 1.490638 0.409360 0.624351 -0.044022 -0.203877 -0.062575 
1.198670 1.292113 0.365340 1.925290 1.173648 1.293366 0.264329 0.379875 0.031065 0.103097 0.001419 -0.059758 
1.012947 1.388626 0.618261 0.456085 1.532670 1.925124 1.119482 0.181725 -0.044773 0.005307 -0.026914 -0.100856 
0.870270 1.299944 1.472315 1.077073 1.673809 0.778830 0.953923 0.049847 0.330700 0.069169 -0.036566 -0.064992 
1.144911 0.792937 0.945216 2.184231 1.676736 0.317654 0.275811 0.883588 0.934077 0.053575 0.226563 -0.089556 
0.887073 1.116236 2.042133 1.745064 0.422185 0.728304 1.373853 0.226063 0.737153 0.373347 0.053024 -0.096383 
0.714792 0.986039 1.562410 1.591099 1.189026 1.847884 1.054369 0.842856 0.570542 0.175300 -0.121663 -0.017020 
0.837743 1.011719 1.442855 1.515032 1.474491 1.437789 1.361508 0.234770 0.619830 -0.222021 0.107669 -0.009334 
0.977659 0.861775 2.394518 1.354326 0.435215 0.699348 1.094974 0.634440 1.159053 0.379689 -0.023647 -0.048874 
1.181342 1.083262 1.602026 1.083135 0.371574 0.977150 1.098770 0.877475 0.618164 0.302825 -0.294525 0.017481 
3.280462 0.390127 1.287548 0.162476 0.979604 1.748601 1.475854 0.284498 0.174569 0.260891 0.207992 0.009522 
2.051617 0.393227 0.837310 2.239235 0.726487 0.972484 0.698330 0.895848 0.652194 0.275780 -0.014437 -0.085451 
1.781406 0.332247 1.838760 1.664976 1.828896 1.034532 0.301759 1.094174 -0.053990 0.090206 0.125880 -0.016923 
1.903132 0.775454 0.320824 0.330002 -0.124272 -0.419303 -0.014515 0.091376 0.698249 0.235064 -0.007801 0.023875 
1.922698 0.390547 1.679229 -0.009519 -0.209817 -0.988860 0.899309 0.274842 0.178671 0.343723 0.353198 -0.020212 
3.288622 1.021470 2.221321 1.322143 0.812491 0.125481 0.500542 -0.011878 -0.050076 0.662097 0.239699 -0.000241 
5.346865 1.037964 1.889720 0.967051 0.924583 0.466819 1.067901 -0.388231 -0.022142 0.687812 0.205793 0.004851 
4.302608 1.737529 1.996685 0.137375 1.791358 0.713129 0.471790 0.888801 0.304782 0.500351 0.586532 0.122226 
-1.#IND00 -1.#IND00 -1.#IND00 -1.#IND00 -1.#IND00 -1.#IND00 -1.#IND00 -1.#IND00 -1.#IND00 -1.#IND00 -1.#IND00 -1.#IND00 
-1.#IND00 -1.#IND00 -1.#IND00 -1.#IND00 -1.#IND00 -1.#IND00 -1.#IND00 -1.#IND00 -1.#IND00 -1.#IND00 -1.#IND00 -1.#IND00 
