3.343311 -0.108850 0.848429 -0.508929 1.527024 0.954963 1.050098 0.782191 0.504208 0.091673 0.070265 -0.009301 
3.408719 0.370952 0.761918 -0.906205 1.303931 0.449444 0.581071 0.492806 -0.428983 0.152565 0.285371 0.052646 
3.339511 -0.045456 0.262150 -1.167941 1.503746 1.108367 0.883969 0.208196 0.028836 0.186896 0.209778 0.045716 
3.274083 -0.104801 0.911281 -1.168802 0.837045 1.155445 0.623330 0.631777 0.456934 0.024009 0.072405 0.009548 
3.479399 -0.511883 0.493151 -1.208604 0.989686 1.074219 0.223634 -0.017314 0.033619 0.394960 0.255528 0.056430 
3.252790 -0.031527 0.363201 -0.810969 1.001850 0.720361 0.572042 0.703402 0.223623 0.331669 0.255227 0.003187 
3.461709 -0.168295 0.681952 -0.795934 0.741561 1.338217 0.906437 0.804670 0.640915 -0.180413 0.026160 0.019325 
3.449531 0.198247 0.665721 -1.287290 0.768644 1.225618 0.969923 0.466298 -0.071361 0.250760 -0.044064 -0.017610 
3.370118 0.248265 0.952930 -0.619974 1.546953 0.963893 0.720405 0.703127 0.062037 0.108053 0.116658 0.023369 
3.214327 0.284300 0.671496 -0.720288 1.545484 1.598172 0.397446 1.133537 0.487125 -0.101294 0.097741 -0.040493 
3.179248 -0.140733 0.606586 -0.875522 0.770885 0.879282 0.992674 0.671955 0.022965 -0.129545 0.050561 -0.025719 
3.422997 0.014904 0.196625 -0.928574 1.372896 0.776154 -0.171550 0.852168 -0.185751 0.450910 0.131266 -0.061978 
3.175464 0.257842 0.848806 -0.929829 1.233964 0.823703 0.547029 0.734061 0.119871 0.238051 0.237383 0.019216 
3.703223 0.094273 0.583578 -0.592062 0.765558 0.720193 1.217195 0.521098 0.144911 0.488275 0.407201 0.068366 
3.674765 -0.086919 1.038782 -1.077388 1.839456 1.228777 0.802674 0.819632 0.219245 -0.008255 -0.008478 0.024690 
3.459830 0.091672 0.816012 -0.919900 0.933345 0.253172 0.874699 0.941554 0.540813 0.305516 0.017052 0.011059 
3.332603 -0.274460 0.312160 -0.998751 1.800657 0.625600 0.489567 0.764211 0.161421 0.080332 0.255666 0.044526 
3.473672 0.122571 0.842031 -0.929168 1.544035 1.312720 0.620469 0.978477 0.551888 -0.041132 0.277536 0.021241 
3.724513 0.561228 0.903044 -0.609017 2.170078 1.046329 1.057349 1.117982 0.403751 0.160782 0.096716 -0.009180 
3.721967 -0.011225 0.546033 -0.210529 1.420316 1.368701 0.209102 1.167980 -0.224115 0.268756 0.070687 -0.062731 
3.611466 0.233168 0.348082 -0.010494 1.497722 1.677945 0.608514 1.396089 0.341687 0.276195 0.386107 0.002568 
3.381079 -0.050428 0.219916 -0.870299 0.904016 0.942192 0.491559 0.508006 -0.079019 0.212543 0.077795 -0.009615 
3.456392 0.387792 0.705636 -1.320372 1.065832 1.410489 1.266006 0.786148 0.232781 0.441210 0.022062 -0.069913 
0.820473 2.416067 0.191264 -0.397503 -1.497342 -0.657369 0.390380 -0.994466 0.344566 0.559335 0.068456 0.006777 
0.879469 1.318814 1.650555 1.556292 1.074485 1.404012 0.995908 -0.333151 -0.028591 0.436806 0.034419 -0.033267 
0.659444 1.093027 1.854992 1.864507 1.528994 1.024990 1.148408 0.222921 0.564328 0.302076 0.031500 -0.060328 
0.682596 1.345803 0.901843 1.869432 1.731256 1.813864 0.346255 1.063146 0.473110 0.204693 0.025253 -0.052740 
0.643449 0.596129 1.437007 1.381853 1.945699 1.917459 1.176526 0.920888 0.222900 0.288359 0.243923 -0.087736 
0.346087 1.467616 1.601415 1.240279 2.586681 1.503047 0.926996 1.325824 -0.134061 0.063707 0.154357 -0.012510 
0.710055 1.177116 1.698192 0.975602 1.588666 1.693837 1.245438 0.764823 0.419826 0.118743 0.021623 -0.045127 
0.878786 1.591028 1.666193 1.138257 0.829614 0.737795 0.361701 1.184695 0.691214 0.057082 -0.061996 -0.018833 
0.878615 1.262217 1.782907 1.130472 1.068592 1.213509 1.091408 0.376541 0.349254 0.380342 -0.029512 -0.046455 
0.714699 0.744653 1.464266 2.107431 1.510623 -0.029091 1.669476 0.414844 0.827470 0.537000 0.163496 -0.128116 
0.717403 2.042818 1.756115 1.360334 1.630752 -0.184761 0.771106 0.045457 0.195079 0.652914 0.023191 -0.103842 
1.153509 1.001091 1.969606 0.642883 0.757170 0.680957 0.870382 0.233148 -0.272489 -0.022276 -0.304267 -0.061811 
0.946528 0.487159 1.949463 2.106627 1.374166 0.166259 1.107765 0.814079 0.505714 -0.077983 0.108444 -0.065779 
0.656202 1.521576 1.373083 0.866887 1.712184 1.085643 0.490382 0.999440 0.522417 0.280103 -0.134432 -0.050907 
0.734308 0.575199 1.551050 1.474172 2.039310 1.547367 0.829269 0.462634 0.563102 -0.128471 0.183178 -0.077630 
1.314463 0.496954 1.624969 1.091608 1.609523 1.014711 1.234624 0.260266 0.503332 0.306698 -0.001076 -0.083407 
1.816543 1.062122 1.134288 0.396161 1.419632 0.723720 1.445585 0.565448 -0.206111 0.303133 0.343272 -0.017282 
1.498197 1.271111 1.400601 1.158492 0.908093 0.581249 0.192649 1.207735 0.619291 0.471255 -0.071655 -0.041814 
1.903086 0.870242 1.177962 1.186179 0.738299 1.058887 0.262074 0.195793 1.048685 -0.000124 0.140643 -0.015992 
1.893385 0.617982 1.697993 0.894285 0.736538 0.478745 0.976006 0.560980 0.119614 0.332044 0.367534 -0.060469 
2.029901 0.756064 0.456732 -0.055757 0.225895 0.680699 0.556256 0.358694 0.465718 0.461354 -0.191063 0.007219 
2.144659 0.328958 0.822483 -0.220092 -0.033160 -1.263908 1.063622 0.099952 0.044714 0.029135 -0.055612 0.059332 
1.677631 0.429524 0.812963 0.878967 0.396173 -0.431528 -0.504121 -0.475164 0.110452 0.015843 -0.265202 -0.029944 
2.947626 0.264125 1.082154 0.745570 0.461349 -0.798186 -0.663291 -0.400595 0.993905 0.064451 0.181713 0.043054 
3.929243 1.354213 0.146917 -0.146541 -0.337022 0.388159 0.527529 0.018953 0.087972 0.309409 0.123573 0.017169 
-1.#IND00 -1.#IND00 -1.#IND00 -1.#IND00 -1.#IND00 -1.#IND00 -1.#IND00 -1.#IND00 -1.#IND00 -1.#IND00 -1.#IND00 -1.#IND00 
-1.#IND00 -1.#IND00 -1.#IND00 -1.#IND00 -1.#IND00 -1.#IND00 -1.#IND00 -1.#IND00 -1.#IND00 -1.#IND00 -1.#IND00 -1.#IND00 
