3.460257 0.747258 0.674896 -0.108648 1.200688 1.251025 1.376784 0.958399 0.455332 0.445393 0.360082 0.011794 
3.440650 0.046367 0.299315 -0.726316 1.030593 0.224309 0.967260 0.010485 -0.162926 0.274496 0.079343 -0.050605 
3.303419 -0.238811 0.849484 -1.185012 1.433960 0.289899 0.530491 0.633445 0.061537 0.108285 0.280776 -0.013889 
3.522254 0.397475 1.147104 -0.714362 1.203676 0.520954 1.286776 0.981884 0.015111 0.259353 0.162125 -0.008051 
3.366307 0.238166 1.020665 -0.657153 2.122592 2.055579 1.584223 1.113627 0.207997 0.377089 0.277901 0.007839 
3.389453 0.585520 0.514396 0.031132 1.302264 0.373784 1.293025 0.018567 0.148776 0.167646 -0.055534 0.021520 
2.866013 0.914078 0.638951 -0.050282 1.345853 0.985908 0.360628 0.257108 0.603924 0.375813 0.209801 0.017753 
2.673418 0.543109 0.964512 0.290012 0.853015 1.603012 1.209572 0.411986 0.138864 0.164648 0.084927 0.014505 
3.172246 0.315080 1.167260 -1.155235 1.074761 0.772952 0.317941 0.805110 -0.329247 0.322125 0.243035 -0.033676 
3.455263 0.104066 0.725201 -1.140238 1.402063 0.675697 0.570111 0.900198 0.016244 0.493313 0.012389 -0.095442 
3.398781 -0.046649 0.405505 -0.162861 1.132336 0.503513 0.358339 0.691875 0.636260 0.288227 0.381276 0.058607 
3.426664 0.198237 0.864473 -0.868577 1.189857 1.078773 1.208275 0.707003 0.156749 0.557412 0.236950 -0.008676 
3.332511 -0.420271 0.842215 -0.658423 1.789863 1.681504 1.335035 0.913944 0.452352 0.379865 0.152241 -0.048558 
3.579421 0.832033 1.273264 -0.740606 2.104918 1.200012 1.046928 1.017199 0.244164 0.362893 0.042316 -0.038952 
3.759939 0.049255 1.248381 -0.375481 1.267288 1.366722 0.740123 1.065086 0.326188 0.094722 0.205148 -0.059415 
3.497606 0.519487 0.942088 -0.974938 0.712601 0.506857 1.218376 0.863234 0.149418 0.390834 0.170442 -0.010238 
3.630086 -0.133172 0.841719 -0.470206 1.212095 0.828640 0.675824 1.144048 0.590676 0.095831 0.172527 -0.049747 
3.743352 0.712074 0.694763 -0.167320 1.991490 0.356502 0.627036 1.549554 0.433745 0.281893 0.167209 -0.052561 
3.707620 0.847352 0.635337 -0.360231 1.386972 0.166145 0.298705 1.218357 0.182806 0.104090 0.068363 -0.076149 
3.083991 0.071563 0.337690 -0.439229 1.006691 1.134706 0.930179 0.432529 0.368493 0.078073 0.289982 -0.008129 
3.436090 0.437649 1.069869 0.219612 1.834484 0.701100 0.384507 1.275866 0.569653 0.277995 0.162892 -0.083994 
1.632802 0.603984 0.853525 0.093122 -0.365645 0.464787 -0.240391 0.959362 0.206998 -0.035051 -0.245371 -0.010548 
1.674876 0.271485 1.061405 0.658275 -1.591559 -0.405063 -0.093762 -0.318512 -0.061597 0.626835 0.293964 -0.071150 
1.328001 1.376694 1.357040 0.711002 -0.301113 -0.521940 0.540441 -0.186272 0.003266 0.416472 -0.033838 -0.004986 
1.146400 2.070157 0.406121 1.207873 -0.022841 -0.127957 0.079735 0.362181 0.195274 0.441921 0.189513 -0.002517 
1.563186 1.498746 1.540923 -0.416374 0.057045 0.144077 0.016386 -0.135105 0.012549 0.254722 0.282068 -0.050659 
1.072781 1.545478 1.061045 0.985270 0.486029 1.324915 -0.075570 0.560324 0.398181 0.239364 -0.182263 -0.050651 
1.073638 1.320301 0.635596 1.251022 0.575318 0.872695 2.091209 0.936102 -0.036592 -0.130774 -0.063079 -0.104847 
1.110272 1.278112 1.134700 1.076382 1.267110 1.481655 0.277694 1.435528 -0.219547 0.277144 0.048657 -0.035148 
2.814870 0.546128 1.666801 0.437167 0.968835 0.851960 0.573709 0.362929 0.512018 -0.072102 0.551377 0.055078 
5.323529 0.055882 1.384994 0.731656 0.253179 1.092439 0.560701 0.617229 0.147663 -0.143255 0.187629 0.113124 
6.654153 1.517477 0.547839 0.423841 1.158687 1.272606 0.382756 0.457352 0.783322 0.458362 0.147385 0.010977 
5.673442 3.809166 1.564384 1.069113 1.685594 0.962734 0.163228 0.294991 0.324906 0.261523 0.159397 0.034861 
1.135178 -0.333323 0.846649 1.604211 2.061479 1.472712 1.972732 0.817229 0.473414 -0.121298 -0.043469 -0.068547 
0.844030 1.223383 1.669599 1.141144 1.791697 1.241529 0.712209 1.153636 0.319742 -0.074456 0.297356 -0.110402 
0.950281 0.813930 1.019023 1.603181 1.321091 1.727462 1.268257 0.805882 0.402573 0.141820 -0.069144 -0.038961 
0.898992 0.651024 1.306445 1.496749 2.234605 2.075408 1.193256 0.653887 0.408279 0.568007 -0.174993 -0.011564 
1.257912 0.998987 1.055559 1.043335 1.215701 1.092087 1.023996 1.062111 0.574173 0.020668 0.046403 -0.037733 
1.121747 1.171023 1.403080 0.483960 1.256978 1.304877 0.878587 0.982048 0.914087 0.251163 -0.093072 -0.048534 
0.976488 0.538267 1.124096 1.851582 1.603225 1.440736 1.624497 0.917026 0.433594 0.230424 0.163417 -0.093838 
0.894312 0.814140 1.233385 2.602321 0.795977 1.353504 1.241145 1.078172 1.089303 -0.218359 0.106682 -0.053749 
1.015122 1.395257 1.368039 1.168614 1.723102 0.642708 1.700764 1.223535 0.241316 0.047250 0.073416 -0.033638 
1.643246 0.431569 1.105626 1.002579 1.442491 1.543916 1.443304 0.696522 0.259750 0.123208 0.334118 -0.048244 
4.146697 -0.555628 2.094728 0.667607 1.130742 1.053446 0.646284 0.709247 0.447709 0.385559 0.330898 0.029197 
6.084959 0.533707 -0.459870 0.374726 1.242471 0.564655 0.862154 1.316602 0.733320 0.043212 -0.043911 0.020772 
5.548884 -1.500012 0.895745 1.364486 0.528911 1.159683 0.390673 0.612439 0.907050 0.455825 0.202753 0.038204 
5.170720 -1.978557 2.032295 0.676928 1.346709 1.273176 0.655220 1.228437 0.363297 0.105456 0.297990 0.002384 
5.149732 3.698530 1.234948 -0.148039 0.159252 0.839163 0.899592 0.421164 0.022663 -0.111411 0.041367 0.033687 
-1.#IND00 -1.#IND00 -1.#IND00 -1.#IND00 -1.#IND00 -1.#IND00 -1.#IND00 -1.#IND00 -1.#IND00 -1.#IND00 -1.#IND00 -1.#IND00 
-1.#IND00 -1.#IND00 -1.#IND00 -1.#IND00 -1.#IND00 -1.#IND00 -1.#IND00 -1.#IND00 -1.#IND00 -1.#IND00 -1.#IND00 -1.#IND00 
