3.389993 0.428968 1.094340 -0.385342 1.360618 1.005447 1.090056 0.401974 0.724874 0.378717 0.179867 0.019902 
3.421123 0.594989 0.804776 -0.161066 1.539052 1.781187 0.366183 0.939877 0.056121 0.226719 0.255337 0.021827 
3.108808 0.751391 1.062987 -0.643959 1.313938 0.666003 0.358117 0.879686 0.183835 0.331402 0.390305 0.025213 
1.479922 -0.516070 0.895872 -0.126660 -0.754661 -0.676822 0.160541 -0.244367 0.042289 -0.139090 0.219498 -0.062618 
1.629725 1.039305 0.052585 0.261319 -1.132067 -0.373782 0.394089 0.007378 -0.139733 0.026215 -0.099730 -0.067481 
1.106940 0.304384 0.895573 0.367915 -1.070357 -0.928693 -0.250125 -0.804120 -0.253528 0.633579 0.123026 -0.086158 
1.779523 1.070795 1.498673 0.642149 -0.949384 -0.575646 0.272760 -0.212043 0.185688 0.088539 -0.115322 -0.054683 
1.322527 1.687019 1.244137 0.841865 0.449233 0.109111 -0.293762 -0.076508 -0.187112 0.313488 0.197007 -0.050503 
1.249537 1.901980 1.015729 0.679230 0.832774 0.266906 0.498331 0.081126 0.130332 0.312860 -0.135750 -0.050001 
0.992394 1.405733 1.814927 0.823086 1.112183 0.131215 0.419630 0.312675 -0.000217 0.124930 0.235489 -0.140475 
1.468135 1.209690 0.828668 0.665195 1.491130 1.007893 0.891546 0.375852 0.471586 -0.016990 -0.084854 -0.040362 
1.449640 1.142335 1.682511 1.347745 1.304692 0.792860 1.639606 -0.182036 0.256203 0.531784 0.134407 -0.023121 
3.845557 0.318410 0.725597 1.002612 0.943168 0.797985 0.715476 0.658913 0.703299 0.273842 0.149915 -0.003261 
4.215646 0.244387 0.803833 0.880449 0.499227 1.194070 1.048540 0.443206 0.227195 0.104271 0.254591 0.062558 
4.676429 2.205217 0.570409 0.873365 1.409170 1.483754 1.163800 0.758872 0.529037 0.130574 -0.154692 -0.075494 
2.962796 2.481233 2.233926 1.877433 1.495616 1.123261 0.822120 0.586337 0.391878 0.254158 0.165893 0.031256 
2.106879 -0.353211 -2.017292 0.771397 0.105005 -0.484800 1.420919 -0.534255 0.639141 -0.543230 -0.027146 0.011815 
0.612778 1.552576 0.642667 1.136072 1.907820 1.103090 0.931186 0.792034 1.175184 0.260888 -0.061152 -0.118649 
0.947977 0.598977 0.889861 1.750493 1.487821 1.318443 1.660844 1.011954 0.142705 -0.043903 -0.062130 -0.052911 
1.176603 1.231181 1.432493 1.359686 1.526794 -0.069823 1.481093 1.246859 0.171643 0.224907 -0.026458 -0.046616 
1.169622 0.819778 0.777093 0.783257 1.691551 2.459277 0.788596 1.004535 0.852920 0.558760 -0.157832 -0.088909 
0.862205 0.290020 1.224417 1.926182 1.088215 1.581666 0.928556 1.437870 0.735797 0.440678 0.132146 -0.161003 
0.720884 0.436400 1.762858 1.854980 1.967532 1.579053 0.564836 0.645639 0.977370 0.232253 -0.069587 -0.005720 
0.650601 1.116912 0.830432 1.679651 1.066357 1.981700 1.354419 0.643736 1.051718 0.548209 -0.136994 -0.087029 
0.650285 0.754333 1.066440 1.217310 1.846907 1.744073 1.567551 0.567080 0.899295 0.084771 0.049291 -0.066158 
0.554600 0.735579 1.604052 2.107612 1.625351 1.026139 1.386199 0.678576 0.112079 0.684946 0.011861 -0.059258 
0.301115 0.556445 1.390018 1.861456 2.300840 2.226764 1.837369 0.742705 0.184932 0.250281 -0.198205 0.121174 
0.753872 1.033621 1.793242 0.618394 1.206729 2.220082 1.526933 0.549042 0.556006 0.576708 -0.088736 -0.028500 
0.627210 1.126548 0.946992 1.507560 1.913388 1.209319 1.018729 0.605340 0.708612 0.381344 -0.068438 0.014399 
1.609513 0.606725 1.308531 1.118836 0.882025 0.723166 0.403341 0.603731 0.946748 0.523532 0.215332 -0.049588 
2.307808 -0.142133 1.890931 0.857130 0.928326 1.012669 0.410374 0.733103 0.229286 0.472274 0.035185 -0.018858 
5.359303 -0.626737 1.085277 -0.136871 2.138802 0.183358 0.767570 0.672028 1.013019 0.354413 -0.000363 0.162143 
5.192408 2.851875 0.149853 -0.323496 0.810331 1.343983 0.759294 0.375450 0.425462 0.430005 0.321945 0.075189 
4.065926 3.173820 1.767242 0.499182 0.144464 0.463743 0.820705 0.754843 0.368438 0.066692 0.035655 -0.013893 
3.972578 3.561453 3.521207 3.248053 2.532949 1.673929 1.174075 0.395332 0.007904 0.149461 0.277485 0.037073 
4.304203 2.204018 2.740979 2.154444 3.613172 2.789152 1.399026 1.411555 0.835275 0.636630 0.103671 0.035915 
2.878614 2.082309 1.956692 1.922916 1.818229 1.646557 1.099968 0.876481 0.697935 0.290111 0.196482 0.048111 
2.699616 2.075203 2.119501 1.840145 1.514307 1.370872 1.087280 1.106216 0.633043 0.519525 0.215723 0.046416 
3.386396 1.641595 1.940429 1.330097 1.786001 1.821591 1.426859 1.745668 1.107674 0.319483 0.237459 0.055980 
3.067671 1.043885 1.456785 1.246816 2.297628 2.107602 0.936901 1.128730 0.544858 0.231348 0.462618 0.064166 
3.442472 0.937027 1.187718 -0.156982 1.925836 0.938575 0.612556 0.954114 0.101108 0.398589 0.442150 0.033118 
3.405252 0.588483 1.087382 -0.039802 2.251620 1.526721 1.312499 1.009377 -0.002972 0.202092 0.169591 0.024566 
3.302645 1.211873 1.414334 -0.270523 1.353813 2.168445 1.281150 1.243367 0.710152 0.164328 0.209830 0.013694 
3.204752 0.866342 0.991528 0.111856 1.471317 0.860605 1.231693 0.728687 0.378771 0.573990 0.504888 0.033564 
2.970840 0.910106 1.114599 -0.402721 1.066597 1.074193 0.854746 0.788470 0.734030 0.554550 -0.073064 -0.050230 
3.210856 0.311071 0.808892 -0.955013 1.330183 1.032777 0.622229 0.427259 0.446154 0.301317 0.240810 0.040050 
3.168966 0.322284 1.132838 -0.582270 1.405679 0.962100 0.832050 0.116051 0.114792 0.243638 0.118148 0.014078 
3.225229 0.850781 0.892928 0.018789 1.645832 1.085142 1.110649 1.432240 0.119217 -0.048405 0.273916 0.028870 
-1.#IND00 -1.#IND00 -1.#IND00 -1.#IND00 -1.#IND00 -1.#IND00 -1.#IND00 -1.#IND00 -1.#IND00 -1.#IND00 -1.#IND00 -1.#IND00 
-1.#IND00 -1.#IND00 -1.#IND00 -1.#IND00 -1.#IND00 -1.#IND00 -1.#IND00 -1.#IND00 -1.#IND00 -1.#IND00 -1.#IND00 -1.#IND00 
