3.302624 0.577150 1.285380 0.105346 1.339941 1.078032 0.941436 0.975433 0.516717 0.080902 0.006833 -0.034695 
3.099121 0.110521 1.091196 -0.729725 1.926763 1.090022 0.472726 0.706666 0.297039 0.383316 0.106604 -0.088323 
1.534207 0.979092 0.829714 0.680968 1.002342 0.318035 -0.338563 1.053723 0.059906 0.062185 -0.335411 -0.016643 
1.274844 -0.009718 1.135650 0.583597 -0.682702 -0.378439 0.487297 -0.977973 -0.824858 0.778941 0.254898 -0.136425 
1.437696 0.650263 0.963434 1.221149 0.048170 0.259036 0.102627 0.526840 0.158715 0.585466 0.205439 -0.036879 
1.298711 1.678301 1.080519 1.563035 -0.473824 -1.570213 -0.943620 -0.101699 0.450464 0.635157 0.244189 0.025663 
1.227733 0.959684 1.010370 0.912810 -0.042609 -0.307810 -1.132133 0.095216 -0.140257 0.057770 0.146142 -0.015451 
1.646650 1.243781 1.120973 1.282557 0.000554 -0.917799 -0.655427 0.266806 0.076006 0.067707 0.118768 -0.073219 
1.283353 1.040725 1.897446 1.172705 -0.024393 -0.092139 0.319760 -0.098189 0.379354 0.287794 0.032283 -0.091007 
0.915404 1.751674 1.604591 0.331012 0.802521 0.565742 0.732027 1.109458 0.263953 0.309521 -0.164882 -0.063616 
1.231235 1.907011 0.569680 0.747910 0.519143 0.617829 0.866716 0.233317 0.927988 0.744316 0.079241 -0.033487 
3.483446 0.098793 1.576241 -0.218203 1.282393 1.009988 1.040877 0.536387 0.693170 0.475846 0.059807 -0.004887 
5.304557 -0.091763 1.670622 0.824606 0.930527 -0.185186 0.391792 0.662902 0.548870 0.336079 0.185360 0.061826 
4.038619 2.685206 1.416979 0.988266 0.733294 0.082297 0.201078 1.061862 0.728487 0.112322 0.094460 0.016127 
3.583423 2.635902 1.579265 0.889834 0.728471 0.495492 0.341167 0.575856 0.698837 0.339416 0.059572 0.004049 
1.017051 1.210901 0.718275 0.477128 1.003121 1.175663 0.640396 2.332237 0.894301 -0.038771 -0.175241 -0.125129 
0.946470 0.856290 0.843677 0.897332 1.820223 0.966779 1.259628 0.997112 0.408592 0.764693 -0.033876 -0.190909 
0.834104 0.611996 1.495969 1.044334 1.555166 1.843348 0.732984 1.445583 0.622160 -0.082743 -0.094905 -0.093528 
1.061999 0.479102 1.079728 1.247305 2.331945 1.622859 1.505570 0.759188 0.556392 0.102547 -0.001256 -0.050806 
0.964617 1.016896 1.187608 0.832777 1.629629 1.483040 1.240657 1.064450 0.424998 0.374447 0.110367 -0.086496 
0.877239 1.511433 1.720397 0.560533 1.640775 1.075761 0.481082 1.442025 0.725117 0.121046 -0.042083 -0.021494 
0.950456 1.278161 1.789802 0.847245 1.591383 1.262979 0.945282 0.206304 0.631615 0.501035 0.106730 -0.071503 
0.533659 1.023134 2.019341 0.967810 1.600414 0.890548 0.893766 1.119644 0.811045 0.316872 -0.038391 -0.057439 
0.604437 1.426429 1.230507 0.898460 1.775954 1.246407 1.185430 0.919338 0.649453 0.217580 -0.067069 -0.025531 
1.073580 1.063581 1.544045 1.303468 1.621421 0.914543 1.239857 0.540055 1.067371 0.338142 -0.041012 -0.042917 
0.783644 1.023594 1.312973 1.707889 1.278218 1.549583 1.256109 1.043700 0.266019 0.410277 0.238928 -0.119399 
0.718769 1.001030 1.315742 1.360087 1.694471 1.306374 1.089321 0.965620 0.644661 0.454235 -0.139471 -0.026568 
1.789068 -0.068267 1.925904 0.635811 1.816503 1.025449 1.444477 0.626796 0.563234 0.146297 0.460564 -0.046119 
5.972845 -0.095130 -0.955158 1.836483 1.286719 0.439567 1.177622 0.896206 -0.019400 0.152526 0.153280 -0.001494 
5.808688 -0.940334 0.408216 1.698522 0.496362 1.513700 0.994956 0.412793 1.089587 0.503834 0.043425 0.071437 
4.168952 3.499741 2.403622 1.194419 0.282089 0.049463 0.190445 0.431088 0.534608 0.388169 0.157839 0.045710 
4.256049 3.646314 2.418438 1.021321 0.217415 0.183482 0.539129 0.742063 0.565544 0.275761 0.120547 0.010964 
3.145700 2.751446 2.355934 1.825192 1.371898 0.860544 0.515998 0.348139 0.387501 0.363803 0.305013 0.037974 
4.954908 3.451729 3.782281 4.104836 3.639825 1.025790 1.069306 1.422767 0.136892 -0.247426 0.107154 0.048982 
3.192358 2.815810 2.496250 2.555013 2.259377 1.663435 1.525915 0.794916 0.298729 0.031604 0.141773 0.033773 
2.943225 2.422884 2.187665 2.084852 1.953458 1.690539 1.061643 0.855736 0.681197 0.368510 0.198258 0.051318 
4.121364 2.783821 3.133003 3.035021 3.571083 2.533581 2.323579 1.510564 0.671989 0.146857 0.227704 0.096534 
3.299049 2.190524 4.011593 2.306864 2.486058 3.429595 1.299953 1.228082 1.178337 0.094344 0.012164 0.105831 
3.243233 2.228208 2.444669 2.331564 2.469832 2.029230 1.164187 1.100987 0.895724 0.608846 0.194295 0.073623 
2.988737 1.904363 1.469530 1.009474 1.753110 1.733972 1.384261 1.452998 0.409451 -0.011441 0.249305 0.034408 
3.020342 0.707391 1.430577 -0.260173 1.967131 1.889190 0.796503 0.986176 0.218270 0.225986 0.403436 0.020413 
3.151120 -0.055147 1.394856 -0.738469 1.747497 1.889307 1.270126 0.819484 0.694143 0.274546 0.300531 0.023183 
3.242448 0.368526 1.437986 -0.809345 1.798021 1.308520 1.145526 1.017288 -0.103212 0.214948 0.364040 -0.011138 
2.918956 0.576536 1.174322 -0.864903 1.051945 0.967712 0.586052 0.806001 0.215545 0.196334 0.363779 0.015261 
3.105878 0.333108 0.652651 -0.023834 1.203854 1.553709 0.700032 1.230966 0.217559 0.496199 0.329464 -0.047930 
3.035566 0.035835 1.279810 -1.012123 2.217567 0.633225 0.487909 1.193029 0.240459 0.350762 0.143584 -0.063801 
3.251767 0.494285 1.346391 -0.094090 1.622214 0.305982 0.537268 1.136712 0.826698 0.087271 0.176959 0.036957 
3.002235 0.485147 0.948648 -0.072013 1.446240 0.336777 0.683589 0.427315 0.273944 0.386635 0.340634 0.036290 
-1.#IND00 -1.#IND00 -1.#IND00 -1.#IND00 -1.#IND00 -1.#IND00 -1.#IND00 -1.#IND00 -1.#IND00 -1.#IND00 -1.#IND00 -1.#IND00 
-1.#IND00 -1.#IND00 -1.#IND00 -1.#IND00 -1.#IND00 -1.#IND00 -1.#IND00 -1.#IND00 -1.#IND00 -1.#IND00 -1.#IND00 -1.#IND00 
