3.514760 0.324786 1.301782 -0.358121 2.102017 1.154486 0.993354 0.707927 0.336095 0.383645 0.154899 0.001888 
3.492141 0.461400 0.783780 -1.539184 1.684663 1.234306 1.236132 0.432199 0.097010 0.043645 -0.179498 -0.046309 
3.331645 0.683984 1.176602 -0.909321 2.049668 1.210111 0.499404 0.428445 0.331383 0.429083 0.008680 -0.047854 
3.511869 0.269711 0.995746 -0.588833 2.450429 0.498904 0.629388 0.810516 0.383545 0.377120 0.203674 0.015726 
3.449842 0.190699 1.034715 -0.502674 1.237012 0.847702 0.887594 1.258098 -0.080170 0.530719 0.151380 -0.042226 
3.568204 0.205080 0.781165 -0.184661 1.203974 0.956563 0.995693 1.348752 0.090588 0.197470 -0.017192 -0.061116 
3.390027 -0.088019 0.440772 -0.696589 0.512369 1.439006 1.033938 0.535087 -0.087637 0.236030 0.154899 -0.047392 
3.495139 0.575145 0.516848 -1.120927 1.619233 1.103575 0.975506 0.413048 0.153326 0.114774 0.112032 0.026238 
3.242901 0.201143 0.727871 -0.622095 1.498593 0.832124 1.025532 0.481155 0.072253 0.270075 0.198241 0.032661 
3.337512 0.503140 0.313728 -0.774186 1.794238 0.555537 0.788351 0.767778 0.400867 0.206974 0.213980 0.022427 
3.182616 0.373389 0.837124 -0.388448 1.322745 1.396854 0.932421 1.021620 0.348612 0.394861 0.226913 -0.022128 
3.359806 0.269969 0.539883 -0.659603 1.494332 0.710965 1.010901 0.565951 0.218853 0.269393 0.111005 -0.021693 
3.221865 0.036527 0.689216 -1.127951 1.469237 0.652787 0.705872 0.267307 0.174783 0.273736 0.066137 0.018979 
3.291412 0.136081 0.619009 -0.994597 1.659884 1.525213 1.035146 0.249588 0.111930 0.018380 0.055150 0.057865 
3.404018 -0.136175 0.608449 -1.325544 1.505900 0.766915 0.854680 0.580697 0.385010 0.281673 0.036281 -0.025154 
3.550092 0.402493 0.033836 -0.662492 1.365490 0.976514 0.797875 0.833626 0.106937 0.263266 -0.052434 -0.077329 
3.663358 0.650829 1.348475 -1.029576 1.910701 0.509386 1.287960 1.109829 0.581013 0.354521 0.187988 0.033489 
3.471951 0.325239 0.701117 -0.678782 1.572068 1.336899 0.903247 0.441708 -0.433994 0.070027 0.076382 -0.000732 
2.951675 0.428828 0.763112 -0.209577 1.420234 0.603062 0.690810 0.581207 0.149296 0.235572 0.110766 -0.035649 
3.187973 0.788926 0.740218 -0.884466 1.388596 0.917423 1.071967 1.033311 0.339903 0.215429 0.226144 -0.031417 
3.179688 0.235063 0.533430 -0.438354 1.788538 0.975207 0.938886 1.116801 -0.030650 0.144270 0.108110 -0.032624 
3.442716 0.663849 0.680288 -0.076426 1.849849 1.065396 1.169901 0.692623 0.496543 0.006137 0.103459 0.008343 
1.360303 -0.420746 0.520560 0.148083 0.205348 -0.078640 0.157385 1.814951 0.899004 0.433860 0.007641 -0.117967 
1.331927 0.469091 0.606814 0.438891 -0.639372 -0.527811 -0.962726 0.180686 -0.230589 -0.314825 -0.002571 -0.018825 
0.841486 2.626381 0.904444 0.069106 0.637175 0.059314 -0.197458 0.757223 -0.652104 -0.228858 0.037726 -0.014424 
1.584600 1.809050 0.947508 -0.060903 -0.363868 -0.216268 -0.167136 0.229808 -0.165023 -0.185756 0.074779 -0.000002 
1.034456 1.944500 1.509291 -0.034929 0.938962 0.000431 0.509503 0.031691 -0.143053 0.178273 -0.069175 -0.061029 
1.361989 0.967795 0.920240 0.841262 0.680587 0.963402 1.564956 0.680719 0.197567 0.078841 -0.283166 -0.034348 
1.124825 0.771189 1.643179 0.939571 0.593920 0.644049 0.324446 1.904014 0.874433 0.647839 -0.274130 -0.088750 
2.555020 0.428001 1.382665 1.479887 0.515579 -0.089963 0.817523 0.841607 0.774392 -0.013381 -0.049887 0.021625 
3.950403 0.346163 1.201463 0.144276 0.743043 0.025903 1.257525 1.074763 0.014838 -0.145824 0.176283 0.043733 
5.418830 0.991372 1.631297 0.282890 0.295574 0.982909 1.473308 0.619102 -0.085185 0.074953 0.044608 -0.005843 
5.884199 2.192833 0.506570 0.822827 0.958135 0.952744 1.124670 0.604348 -0.426296 -0.159620 -0.031207 0.013578 
4.294386 3.096134 1.735936 1.308586 1.254005 1.526710 1.488795 0.831865 0.319389 0.106209 0.159888 0.056868 
1.198289 0.925303 0.221834 1.465369 -0.288178 2.068915 0.997579 0.486381 1.078355 0.334331 -0.022419 -0.083556 
0.669242 0.706116 1.413005 1.206136 1.606034 2.077697 1.193702 1.011091 0.594701 0.039498 0.180147 -0.117797 
-0.014901 0.827095 1.406507 1.771109 1.727731 1.925961 1.852632 0.712521 0.855430 -0.023839 -0.187419 0.026943 
0.876974 0.979482 1.168356 2.201869 0.903403 0.908143 1.577593 0.843692 0.633429 0.252234 0.068540 -0.048852 
0.940129 1.033900 2.030357 1.068060 2.078202 1.569244 0.944650 0.794887 0.187683 0.283944 0.275758 -0.055785 
1.755076 0.669402 1.060644 1.651809 2.055192 -0.182232 1.029631 1.103792 0.575401 0.297785 -0.033175 -0.006458 
1.687964 1.336916 1.004142 1.855641 0.905832 0.323904 0.303389 0.889533 0.308858 0.255201 0.597009 -0.087459 
2.089043 -0.100447 1.337258 1.171896 1.739072 1.041499 0.703818 0.343782 -0.012579 0.365752 0.050559 0.006319 
2.224293 0.552788 1.125548 0.743755 2.316111 0.922756 1.255644 0.902110 0.603637 0.177954 0.048354 -0.022716 
2.894730 0.035033 1.295507 0.707934 1.628949 1.346669 0.895470 0.717747 0.729773 0.515860 0.183173 -0.069310 
6.238041 1.600861 -0.457868 0.169489 1.063117 0.750155 0.016111 0.348760 0.732903 0.081933 0.000919 0.034915 
6.421437 4.447667 1.200360 -0.363018 0.367393 0.290140 0.303527 0.597739 0.483465 -0.087777 0.034714 0.006653 
7.099244 2.580428 -1.178090 0.037578 1.836675 0.982576 0.345818 0.264179 0.419929 0.506989 0.273598 0.064695 
7.014760 -1.095272 -0.181094 2.239660 0.066352 0.927228 1.415900 0.723806 0.133015 0.296563 0.306595 0.102444 
-1.#IND00 -1.#IND00 -1.#IND00 -1.#IND00 -1.#IND00 -1.#IND00 -1.#IND00 -1.#IND00 -1.#IND00 -1.#IND00 -1.#IND00 -1.#IND00 
-1.#IND00 -1.#IND00 -1.#IND00 -1.#IND00 -1.#IND00 -1.#IND00 -1.#IND00 -1.#IND00 -1.#IND00 -1.#IND00 -1.#IND00 -1.#IND00 
