3.363014 0.457778 1.272273 -0.355852 2.070401 1.173737 0.819851 1.213848 0.366850 -0.072597 0.259205 -0.007908 
3.571782 0.504049 0.594244 -0.243192 0.962020 0.637672 0.932008 0.573141 0.330922 0.304355 0.037436 -0.039523 
3.549047 0.388827 1.713507 -0.895466 2.077035 0.810806 0.620429 0.656412 0.587747 0.157515 0.028619 0.001622 
3.807895 0.063528 1.476472 -0.221720 2.110471 -0.225842 -0.114988 0.583748 -0.437231 -0.050942 0.122648 0.014817 
3.488059 0.670462 1.724277 -0.160291 1.470094 0.602012 0.581056 0.124719 0.009512 0.105071 0.001955 0.021252 
3.893895 0.390118 2.181272 0.227129 0.882832 -0.099403 -0.019413 -0.005273 0.195858 0.115716 -0.082724 -0.018262 
1.456029 0.168072 0.745443 -0.259471 0.183877 -0.322543 0.284222 0.125819 0.042911 -0.016245 -0.025505 -0.032893 
1.542457 0.049406 1.222886 -0.214733 -0.536688 -0.139522 0.238258 -1.040992 -0.048268 0.461508 0.413286 -0.033583 
1.329859 0.544643 0.919996 0.640522 -0.948949 -1.199176 -0.371013 -0.626628 -0.376444 0.439104 0.196792 -0.027948 
1.406272 1.039484 1.525695 0.748296 0.383348 -0.382133 0.405759 -0.387227 0.658510 0.174485 0.007944 0.068316 
1.517512 1.836033 1.434423 0.540950 0.324242 -0.220419 -0.065203 -0.878537 0.263011 0.162567 0.054245 -0.006582 
1.912987 1.982759 0.379585 0.332736 0.652899 -1.116453 -0.400609 0.250756 -0.556375 0.253196 -0.065195 0.005629 
1.601084 1.396281 1.284058 0.115849 0.543391 0.882741 0.507465 0.126682 0.212193 -0.026867 -0.044230 -0.054955 
1.016385 1.279929 0.740174 1.517578 1.670019 0.919784 0.417138 0.411636 0.096935 0.116925 0.039214 -0.091442 
1.281516 0.561434 1.299535 1.198498 1.403617 1.422632 0.685912 0.368289 0.875636 0.238732 -0.126937 -0.068143 
2.993152 0.350362 1.168595 0.740700 1.163204 1.267599 0.985537 0.628420 0.470951 0.235574 0.201696 -0.006021 
4.274565 1.170731 1.564923 0.759232 1.522933 0.965298 0.381557 0.325531 0.233310 0.218624 0.239843 0.048073 
5.589985 2.136081 0.603644 1.114092 0.882962 0.184118 0.115173 0.366234 0.106221 -0.359815 -0.122733 0.010505 
4.086245 3.209213 2.185831 1.307249 0.728861 0.390557 0.347239 0.397428 0.384066 0.406793 0.278377 0.066759 
3.416016 0.962201 2.308268 1.614856 1.739435 1.457935 0.961192 0.735085 0.376735 0.195379 0.047044 0.014308 
0.850963 0.841299 1.303176 1.245198 0.457689 0.944893 1.851875 1.118891 0.701763 -0.159224 -0.196822 -0.036741 
0.850974 0.901506 1.288469 1.637634 2.306437 1.812050 0.396521 0.582488 0.683438 -0.018517 0.146783 -0.055763 
0.553615 0.978620 0.929997 2.064577 2.139921 1.323917 1.745937 0.427234 0.899919 0.047676 -0.046221 -0.009679 
0.652291 1.131388 1.621122 1.276968 0.995592 1.441243 1.658283 1.016827 0.011913 0.553443 0.007966 -0.074659 
0.770649 0.976430 1.415936 1.597026 1.330844 1.165863 0.969486 1.212691 0.701689 0.217475 -0.054999 -0.062490 
0.713576 1.174379 1.020941 2.142366 1.087503 1.896795 1.204466 0.632883 0.487374 0.338015 0.104206 -0.101000 
0.562462 1.264510 1.274365 1.084034 1.983260 1.105682 1.234790 0.855202 0.436066 0.348639 0.039572 -0.103889 
0.706810 0.839308 1.643955 2.261895 1.655374 0.891938 1.038265 0.330431 0.527308 0.340640 0.165922 -0.099905 
0.722046 1.166647 1.278255 1.562828 1.671703 2.168083 0.482530 0.880531 0.280688 0.244816 0.125606 -0.040593 
0.420453 1.554152 1.793325 1.259453 0.295347 1.717191 0.634060 1.337493 1.068812 0.354455 -0.141355 -0.032111 
0.658164 1.364672 0.869073 0.953275 1.830291 2.200483 0.450151 1.015329 0.923901 0.283024 -0.008658 -0.066891 
3.056351 -0.091742 0.673635 1.274096 1.226162 0.756275 1.246839 0.771367 0.803312 0.075335 0.117846 0.022005 
2.783042 -0.134211 0.787064 1.491685 1.700652 0.523422 1.154197 0.343381 1.010124 0.143492 0.124723 -0.013029 
2.045416 -0.126411 1.884511 1.099155 1.365517 1.317586 0.740077 1.071529 0.560970 0.251263 0.260354 -0.057811 
1.637392 0.097538 1.862338 1.268021 2.055182 1.504795 1.096920 0.526394 0.259584 0.455561 -0.056499 0.003527 
0.931942 0.547478 0.955889 1.239267 1.811487 2.187383 1.716898 1.032008 0.082791 0.616091 0.109351 -0.106184 
1.439845 0.253167 1.044155 1.527566 1.169438 1.926101 1.305186 1.000405 0.743941 0.339836 0.000040 -0.052776 
6.491137 -1.104805 0.193907 1.700885 0.241406 1.157646 0.951282 0.452232 0.406669 0.620650 0.098828 -0.111569 
5.115075 2.799522 0.130974 -0.199979 0.961175 1.244058 0.652031 0.434319 0.640523 0.550322 0.386241 0.087202 
3.314862 2.945846 2.556268 1.919742 1.184734 0.464396 0.168401 0.120760 0.246833 0.357289 0.309220 0.055180 
5.202192 3.154289 4.408807 3.400520 2.924997 2.201318 1.103192 0.667490 0.118013 -0.276512 0.114464 0.024769 
4.994583 3.407996 4.204439 3.786152 2.846446 0.935533 2.005769 0.384309 -0.016548 0.195326 0.090973 0.003350 
4.482591 2.904512 3.211822 1.222797 2.254296 2.602886 2.216004 1.268028 0.079900 0.108975 0.083445 0.033054 
4.340880 2.517709 2.364813 1.687115 2.819084 2.712264 2.050027 1.411931 0.167542 0.139567 0.069242 0.047298 
3.954982 2.810054 2.461287 1.504742 2.970081 1.890839 1.335611 1.366924 0.740424 0.511551 0.063842 0.031590 
3.573044 1.662092 2.428165 2.206405 2.404898 1.845460 1.039330 0.998772 0.776718 0.267932 0.120917 0.048202 
3.280264 1.266022 1.397454 0.095556 1.699456 1.579719 0.881195 1.239435 0.157029 0.066599 0.053141 -0.028127 
3.331088 1.308179 1.573335 0.199232 1.975772 2.042198 0.992242 0.618451 0.771184 0.424914 0.183947 0.010063 
-1.#IND00 -1.#IND00 -1.#IND00 -1.#IND00 -1.#IND00 -1.#IND00 -1.#IND00 -1.#IND00 -1.#IND00 -1.#IND00 -1.#IND00 -1.#IND00 
-1.#IND00 -1.#IND00 -1.#IND00 -1.#IND00 -1.#IND00 -1.#IND00 -1.#IND00 -1.#IND00 -1.#IND00 -1.#IND00 -1.#IND00 -1.#IND00 
