2.794350 0.118180 1.307786 -0.931301 1.139679 1.104043 1.854207 1.093915 -0.136122 0.190274 0.173014 -0.080493 
3.296679 -0.262994 1.008500 -0.866704 1.500696 0.867007 0.958201 0.848805 0.270759 0.056033 0.332246 0.019098 
2.929267 -0.169629 1.449338 -0.243060 1.601261 0.654995 0.480870 0.576324 0.643950 0.465174 0.155204 -0.021097 
2.854664 0.051934 1.863316 -0.449148 1.564079 0.582454 0.640421 0.839688 0.474404 0.237457 0.084290 -0.017881 
2.781688 -0.211272 1.184071 -0.404043 1.406829 0.630444 1.235023 0.954628 -0.053101 0.112006 -0.010756 -0.071896 
3.123934 0.122038 1.450524 -0.862823 1.313182 1.152841 0.841644 0.689219 0.345500 0.264794 0.099734 -0.001212 
2.958401 0.128788 2.028289 -0.434892 1.726716 0.851741 1.190221 0.517194 0.202316 0.434204 0.231197 0.031369 
3.114701 -0.143756 0.894583 -1.110972 1.036328 0.505861 0.658193 0.493554 0.390234 0.406991 0.101440 0.006403 
3.674592 -0.196566 2.536606 -2.234684 1.976775 1.044138 -0.150698 0.587591 0.193518 0.108230 -0.156919 -0.008911 
1.280406 0.439122 1.355564 0.475790 -1.034824 -0.118513 0.594118 0.068515 -0.104064 0.297967 0.007078 -0.084718 
1.121826 0.860273 0.919718 0.548376 -0.641264 -1.223008 -0.851511 -0.722204 -0.347269 -0.145413 -0.108094 -0.065335 
1.026873 1.489136 1.333044 0.982313 0.470205 0.052734 0.345134 0.412077 0.916389 0.065343 0.093237 0.014648 
0.918442 1.918396 1.234907 1.347955 -0.009649 -0.304681 0.201560 0.633268 0.387596 0.365365 -0.033342 0.001101 
1.177048 1.358181 2.134708 1.571719 0.141472 -0.362615 -0.272896 0.441727 0.600780 0.482436 0.205186 -0.054823 
1.631148 1.288869 1.623997 0.345976 -0.059295 0.196215 0.390797 0.399813 0.870238 0.387154 0.313716 -0.060986 
0.852289 1.249322 1.349681 1.374502 0.959392 0.696470 0.565697 0.749729 0.651767 0.117994 0.006914 -0.083012 
1.032286 1.341456 1.071250 0.935934 1.812585 1.722458 0.348934 0.875000 0.379396 0.254958 -0.012827 -0.028085 
3.301839 -0.466016 1.850095 0.866961 1.606803 0.922132 0.696716 0.776351 0.345528 0.053373 -0.023474 0.022398 
3.469024 -0.494239 1.206851 0.796078 2.116276 0.916288 0.668834 0.393836 0.941872 0.276353 0.071033 0.034109 
4.017289 2.111524 0.836650 0.719475 0.879173 0.696862 0.400196 0.220277 0.147042 0.122549 0.130956 0.040565 
6.866033 4.584100 1.875889 0.353515 0.047720 0.431026 0.332407 0.602922 0.326935 0.219989 0.162827 0.072736 
1.249274 1.098042 -0.025734 0.107802 0.109529 0.332183 0.910632 1.842681 0.653089 0.174094 -0.018385 -0.066848 
0.636435 1.404272 0.965910 1.581456 1.821775 1.509656 0.962537 0.469138 0.404179 0.402630 -0.034621 -0.039850 
0.777489 0.928339 1.037397 1.455344 2.694577 1.413682 1.833644 0.051708 0.587794 0.035562 0.095311 -0.022366 
0.910940 0.807384 1.316083 1.643900 1.813356 1.410014 0.877024 0.655729 0.898037 0.215669 0.175609 -0.101600 
0.786728 1.036349 1.026582 1.158648 1.301848 1.622758 1.383270 0.845537 0.235659 0.425844 0.137537 -0.135476 
0.719731 0.720840 0.997306 1.957430 1.594282 1.165282 1.545937 1.634452 0.706925 -0.180231 -0.009109 -0.037381 
0.791426 0.370934 1.241382 1.785847 2.097533 1.127805 1.892583 0.796110 0.199538 0.642724 -0.185359 0.002430 
0.661018 0.329649 1.090454 1.424094 1.796343 2.186590 1.800291 0.762829 0.541063 0.528784 -0.070406 -0.058859 
0.589160 0.603377 1.462732 1.623766 1.822197 0.744568 1.856440 0.898583 0.454344 0.111676 0.208533 -0.070440 
0.785724 0.775766 1.453412 1.305038 1.441244 1.512252 1.365213 1.178213 0.710277 0.025839 -0.086230 -0.017765 
1.083634 1.325150 0.903168 1.359069 1.397491 0.179201 0.756657 1.507154 0.327646 0.232358 0.267816 -0.077753 
1.611321 0.215516 1.430742 1.100596 1.812244 1.431880 1.434850 0.490997 0.278463 0.193827 0.308655 -0.018371 
0.796878 0.462834 1.077299 1.899736 1.901282 1.801999 1.187199 1.003517 0.511813 0.342909 0.020057 -0.042896 
1.080625 1.004960 1.266808 1.619769 1.268058 1.172740 1.130229 0.898690 0.478981 0.506676 0.056196 -0.058903 
0.860725 1.010720 0.912113 1.363443 1.543144 1.488350 1.472040 0.713879 0.064867 0.562486 0.202735 -0.100340 
1.555211 0.478836 1.900135 0.932328 1.684916 0.377853 1.047743 0.307083 1.011727 0.342074 0.312002 -0.095604 
4.766737 -0.027116 0.346815 0.907882 1.076751 0.716291 0.516913 0.340839 -0.370700 0.304965 0.043020 -0.033375 
6.833244 2.686794 -0.657839 -0.270272 1.551461 1.301434 0.587748 0.803225 0.461345 0.488816 0.220084 0.035046 
6.152300 2.567344 2.144529 1.708653 -0.656276 0.000309 1.418305 1.016279 0.035260 -0.178784 0.148207 0.062672 
5.087783 2.951279 3.598909 3.478446 1.512754 -0.458619 -0.156566 0.721198 0.038831 -0.222615 0.206909 0.126011 
2.961045 2.419625 2.126511 1.927764 1.570349 1.211825 0.835411 0.508597 0.293397 0.234828 0.161138 0.014558 
2.735562 2.094308 1.907362 1.562531 1.164908 0.826748 0.606161 0.463494 0.354084 0.247390 0.169212 0.024789 
2.979679 1.702634 1.474904 1.455567 2.767066 2.270433 0.885896 -0.048668 -0.010607 0.662255 0.488960 0.052125 
3.696282 1.556563 2.370919 1.847255 2.425399 2.135399 1.163938 0.968550 0.870354 0.143122 0.171082 0.072529 
2.936353 1.825442 1.613212 0.874348 2.279929 1.555750 1.705615 1.300473 0.419346 0.458913 0.252451 0.041626 
2.789230 1.376445 1.040473 0.506370 1.623856 1.597994 1.030866 1.460775 0.250186 0.228091 0.258249 -0.000571 
3.051868 0.248217 1.287718 -0.360045 2.095286 1.276170 1.875902 0.920777 0.186797 0.561252 0.399574 0.014266 
-1.#IND00 -1.#IND00 -1.#IND00 -1.#IND00 -1.#IND00 -1.#IND00 -1.#IND00 -1.#IND00 -1.#IND00 -1.#IND00 -1.#IND00 -1.#IND00 
-1.#IND00 -1.#IND00 -1.#IND00 -1.#IND00 -1.#IND00 -1.#IND00 -1.#IND00 -1.#IND00 -1.#IND00 -1.#IND00 -1.#IND00 -1.#IND00 
