3.307537 0.690072 0.572511 -0.808853 1.078930 1.113754 0.046641 0.398455 0.228092 0.207341 0.273966 0.022129 
3.320970 0.234199 0.417737 -0.048634 1.220082 0.743540 0.776591 1.251548 0.176779 0.035007 0.069689 -0.054999 
3.642513 0.056614 0.922440 -0.591666 1.474624 0.213796 0.273358 0.489738 0.342847 0.185652 0.099609 -0.039243 
3.581459 0.304491 1.099878 -0.564006 1.662841 0.636538 0.907885 0.228713 0.432952 0.357336 0.043546 0.024042 
3.562982 0.502456 0.277333 -0.976640 1.407120 0.948408 0.354541 0.492358 0.288580 -0.225874 0.069981 -0.005676 
3.757856 0.779142 1.027481 -1.230297 1.195015 1.309795 0.631571 0.608830 -0.250086 0.579382 0.215509 -0.029820 
3.345290 0.146258 0.280826 -0.331524 1.017203 0.197687 -0.120914 0.480032 0.186068 0.360136 0.423697 0.030152 
1.610709 -0.437376 0.404847 0.004801 -0.904408 -2.632224 0.777786 -0.705572 -0.935990 0.644207 -0.190914 -0.011886 
1.663363 0.049573 1.296530 -0.191947 -0.083737 0.209114 0.369067 0.644692 -0.401182 -0.062900 -0.033735 -0.042039 
1.645167 0.281480 0.353992 0.470341 -1.136209 -1.500319 -0.800561 -0.575954 0.016507 -0.075554 -0.054373 -0.132584 
1.559885 0.863093 0.843944 1.024288 -0.206774 -1.021465 0.544779 -0.962872 0.479083 0.234282 0.111353 0.017746 
1.498178 1.474294 0.945588 0.239103 -0.247870 0.012187 -0.218556 -0.362675 0.470693 0.235473 0.073860 0.043662 
1.579249 1.286017 1.273899 0.417532 0.408942 -0.040754 0.242452 0.114926 0.293950 0.295634 -0.056402 -0.062699 
1.534981 1.247241 0.943548 1.594764 0.711079 0.468708 0.537754 -0.202095 0.023597 0.008204 0.021039 -0.091534 
0.738729 1.453239 1.763518 0.322103 1.228118 0.697240 1.559545 0.765345 1.175943 -0.133905 -0.165671 -0.049675 
2.146641 0.740177 1.314254 -0.180877 0.791606 1.059255 0.795840 0.648597 0.561359 0.359199 -0.112723 0.007619 
3.414442 -0.094237 1.502344 0.943965 0.804645 1.093043 0.654790 0.889270 0.407911 -0.109469 0.115268 0.015818 
5.205565 1.369556 0.663702 0.629943 -0.089669 0.177403 0.954328 0.891321 0.360646 0.255612 0.190021 0.040557 
5.473239 2.361466 0.470924 0.923451 0.581057 -0.043789 0.938405 0.843855 -0.039939 0.439595 0.266088 0.082297 
1.324025 0.851659 -0.190857 0.532050 1.046740 0.135675 0.862952 1.535563 0.736199 0.070537 -0.004250 -0.046482 
1.047859 0.928641 0.836726 1.292980 1.300817 1.452169 1.353388 0.453206 0.677709 0.248103 -0.216955 -0.073365 
1.046243 1.388407 0.829588 1.520656 1.084541 0.810245 0.820393 0.667517 0.485558 0.127196 -0.129950 -0.061437 
0.696251 1.282895 0.876312 1.653027 1.824836 1.201629 1.627199 1.066854 0.191249 0.096709 0.161911 -0.065741 
1.295274 0.817597 1.203006 1.282020 1.915522 0.820001 1.107496 0.221886 0.619724 0.067911 -0.000634 -0.033457 
1.072305 1.157388 1.071439 1.603539 1.286811 0.658348 1.494300 1.132723 0.055880 0.134358 -0.057434 -0.024813 
0.808062 0.947568 1.354085 1.436564 1.189070 1.920163 0.469574 1.243895 0.412835 -0.138827 0.058511 -0.028813 
0.460906 0.891465 1.221446 1.918336 1.735383 1.617207 1.536997 0.348842 0.760703 0.026137 0.070959 -0.042798 
1.368838 0.383069 0.801708 1.633616 1.603719 1.526323 1.353108 0.848251 0.469854 0.460106 -0.102129 -0.065717 
4.766267 0.065300 1.178388 -0.207041 1.562323 1.079225 0.737289 0.510404 0.511550 0.117232 0.097258 0.069834 
5.165348 -0.101665 0.366866 0.442354 1.247370 1.459473 1.278655 0.600688 0.622598 0.235214 0.067080 0.019556 
5.361172 -1.393239 0.838347 1.559047 0.738425 1.825801 1.212401 0.401637 0.725981 0.332874 -0.035391 0.007636 
4.393492 -0.620138 0.482837 1.149628 1.040842 1.446534 0.844577 1.136444 1.096138 0.271138 0.125253 0.023127 
4.310659 -0.094053 0.002957 1.558335 0.860180 0.971881 1.250150 0.649655 0.750333 0.496469 0.166286 -0.036726 
4.462391 0.324954 -0.046550 1.258677 0.842731 0.803999 1.329983 0.917046 0.450217 0.239173 0.502244 0.086395 
4.895154 2.980608 0.127580 0.137576 0.657724 0.151614 1.887250 0.099935 0.299062 0.258365 0.309904 0.105169 
4.276080 3.490840 2.298407 1.077549 0.432449 0.365559 0.558602 0.739209 0.717033 0.461846 0.157759 0.029545 
4.678593 3.570361 1.959388 0.629631 0.261805 0.695545 0.940632 0.688434 0.114605 -0.058466 0.100454 0.022532 
6.447817 3.856774 4.190832 2.152505 0.965068 1.402798 0.027733 -0.180615 0.182388 0.093484 0.117429 0.086904 
3.567628 2.025846 1.682223 1.833421 3.201854 3.010627 0.935496 0.380804 0.053321 0.365940 0.317982 0.067561 
3.391479 2.603920 2.518810 2.701303 2.630177 2.243876 1.638412 1.146214 0.542579 0.211382 -0.006213 0.041432 
3.129463 1.759178 0.800194 0.311099 1.704838 2.133859 2.336857 1.733611 0.574136 0.187319 -0.015511 -0.001641 
3.631924 0.758113 1.888580 -0.110838 2.264913 1.395978 1.587480 1.827069 0.535456 0.669084 0.315747 -0.014429 
3.790190 1.019067 1.186983 0.466947 1.496498 1.784480 1.537990 1.684523 0.994928 0.610030 0.177889 -0.015624 
3.558342 0.888438 0.599013 -0.013690 1.987580 1.720388 1.075196 1.838283 0.732879 0.268851 0.049323 -0.051644 
3.371693 0.506433 0.128549 -0.487174 0.738445 1.467719 0.785593 1.485649 0.724245 0.322399 0.095794 -0.067036 
3.472442 0.578158 0.604298 -0.653590 1.105520 1.392363 1.158459 0.102521 0.450682 0.196855 0.224962 0.029321 
3.357705 0.489205 0.387589 -0.935986 1.195815 1.401741 1.194972 0.915388 0.408563 0.255865 0.187940 0.012495 
3.555985 0.395987 1.009608 -0.435861 1.436597 1.005334 0.610698 0.763858 0.602731 0.784080 0.395652 -0.013076 
-1.#IND00 -1.#IND00 -1.#IND00 -1.#IND00 -1.#IND00 -1.#IND00 -1.#IND00 -1.#IND00 -1.#IND00 -1.#IND00 -1.#IND00 -1.#IND00 
-1.#IND00 -1.#IND00 -1.#IND00 -1.#IND00 -1.#IND00 -1.#IND00 -1.#IND00 -1.#IND00 -1.#IND00 -1.#IND00 -1.#IND00 -1.#IND00 
