3.244843 -0.096010 1.360627 -0.684277 1.335309 -0.140680 0.935619 1.202356 0.096526 -0.082583 0.104659 0.006338 
3.514993 0.623001 2.060592 -0.970272 1.623966 0.078320 1.157403 0.657340 0.212403 0.531767 0.288445 0.062028 
3.444312 0.310450 1.481389 -0.621529 1.884102 -0.092802 0.884413 0.174342 0.093710 0.470443 0.104263 0.029371 
3.564005 0.290095 0.880745 -0.331420 1.119763 -0.250729 0.397583 0.240674 -0.138712 -0.177686 0.031861 -0.036851 
3.263494 0.127758 1.396785 -1.344777 1.094778 0.555421 -0.168535 -0.239377 -0.597243 -0.025817 -0.019312 -0.089692 
3.680377 0.327659 1.332375 -1.505066 0.655697 0.007956 -0.167891 -0.390753 -0.087612 0.153942 0.155684 -0.028582 
3.322101 0.610385 0.755030 -0.829574 1.251556 1.544957 0.744901 0.279951 -0.008319 0.544013 0.286149 0.021814 
3.536845 0.618882 0.951676 -0.776149 0.825897 0.331136 0.443471 0.620670 0.362260 0.429879 0.139463 -0.008372 
3.548187 0.819485 0.782908 -0.800469 1.270589 0.836825 -0.073272 0.968850 0.017730 0.265564 0.128432 -0.051691 
3.360236 0.712323 0.734776 -0.693733 1.125522 1.236432 0.660846 0.820621 0.088096 0.231821 0.005462 -0.070378 
3.743646 0.548455 1.248290 -0.764474 0.716584 0.417948 0.412421 0.119129 0.046698 0.214622 0.151378 0.024324 
3.713945 0.997668 1.479414 -0.603830 0.836145 0.887165 0.229453 -0.227463 0.311666 0.328806 0.233815 0.047993 
3.581937 0.662869 0.373473 -0.126689 0.856640 0.644498 0.106653 0.472247 -0.238618 0.156709 0.076614 -0.060397 
3.936915 0.740486 1.250975 -0.259977 0.880629 0.819410 1.037617 0.579738 -0.278287 0.567664 0.289955 0.008456 
3.793709 0.344606 0.826004 -0.623963 1.292541 0.577642 0.991395 0.462000 -0.050129 0.421343 0.202746 -0.021081 
3.806464 0.809548 0.626434 -0.826501 1.307468 0.720360 -0.188456 0.188927 -0.210959 0.070366 0.110275 -0.044901 
3.463049 -0.152267 0.831202 -0.716694 0.897458 0.454476 0.042236 1.245900 -0.246599 -0.176935 0.299523 0.013098 
3.387882 0.966625 1.582686 -0.461941 1.682542 0.576035 0.490200 0.767545 0.076547 0.487218 0.235216 -0.009262 
3.560397 0.577102 0.897261 -0.825262 0.590831 0.858921 0.317224 0.207190 0.224721 0.443647 0.033665 -0.059764 
3.693092 0.630258 1.092816 0.058232 0.999021 0.741411 1.121336 0.823824 0.524225 0.039829 0.322429 0.059385 
3.413676 0.765598 1.300556 -0.100059 1.559711 0.881939 0.625774 0.290932 0.657233 0.497809 0.391694 0.018611 
1.541613 0.037539 1.155920 0.506216 -1.081904 -0.286770 1.010894 0.364609 -0.370254 0.267653 0.285205 -0.076298 
1.240179 0.816291 -0.218353 -0.472294 -0.616580 -1.053851 -0.777316 -0.573421 -0.521600 -0.029668 0.123785 -0.074777 
1.268682 1.925895 0.905760 0.816612 0.718470 0.285159 -0.505614 0.043097 0.417933 0.753265 0.135432 -0.013452 
1.204846 2.385586 1.072622 0.619911 0.098644 -0.789770 -0.640870 0.084539 0.132942 0.580304 0.042823 -0.011768 
1.387725 1.712518 1.996547 -0.076876 -0.113925 0.484762 0.415328 0.000983 -0.186336 0.364413 0.100992 -0.057314 
1.191142 1.600386 1.214927 1.049234 0.763924 -0.031921 -0.171604 0.846649 0.036937 0.619502 -0.023806 -0.077814 
1.156036 1.695525 0.851672 1.235084 0.561815 0.109474 1.300358 0.047616 0.121351 0.660212 0.123474 -0.101473 
1.740172 1.191866 0.493079 0.997708 0.795774 0.657349 0.794312 0.827579 0.405924 0.302547 0.249064 -0.040078 
2.760448 0.491724 1.288368 1.034614 1.066685 0.412943 0.356840 0.417532 0.127925 0.579227 0.091981 -0.022061 
4.381510 0.559096 1.258275 1.464169 1.125400 1.208511 1.263736 -0.023415 0.291460 0.189800 -0.009220 0.000717 
4.631593 2.355707 0.704089 0.984810 1.386857 0.669913 0.120690 1.017132 0.669082 -0.436191 0.003997 0.030606 
1.654275 0.008584 0.953071 0.857935 -0.064074 -0.650534 1.975803 0.983479 1.860462 0.081382 -0.007603 -0.136019 
0.959685 0.900337 1.847586 0.510972 2.489363 0.516008 0.415889 0.339316 0.806745 0.342126 0.007319 -0.088134 
0.592245 0.969781 0.877200 1.511530 1.644304 2.117829 1.648507 0.689810 0.560779 -0.013769 -0.146931 -0.012001 
0.622278 1.164177 1.621921 1.501068 1.030212 0.634131 1.552577 1.080528 0.555351 0.268840 -0.246526 0.031201 
0.643588 1.226950 0.998708 1.228852 1.197518 2.295261 1.233771 0.841903 0.494625 0.159331 0.150869 -0.078018 
0.568521 1.065668 1.305129 1.673798 1.746755 1.380027 1.038644 0.926203 0.759472 0.530445 -0.002415 -0.071185 
0.693043 1.257227 0.599454 1.729440 1.675485 1.043003 1.815797 1.181173 0.537886 0.237481 0.042448 -0.048189 
0.773635 0.704691 1.244170 1.679859 1.325798 1.595106 0.945303 0.855312 0.992016 0.035508 0.158429 -0.060320 
0.835769 1.270929 0.421861 1.069524 1.775596 2.050027 2.238004 0.249582 0.899664 0.384105 -0.006599 -0.059765 
0.928806 0.926389 0.324938 2.103747 2.325928 1.994852 0.486419 0.944983 0.833597 -0.103221 0.147549 -0.051093 
0.913375 0.960377 1.709665 1.584579 1.620964 1.410440 1.659635 0.901937 0.109826 0.190358 -0.119642 0.027620 
0.750041 1.101804 0.527949 1.816771 2.533508 1.750096 1.069667 0.947144 0.289339 0.492915 -0.199800 0.021533 
2.507943 -0.280856 1.904632 0.571625 1.329888 1.121871 0.807064 1.451321 0.515051 0.091719 -0.042493 -0.016731 
1.189358 0.588647 1.512793 1.207750 1.563506 1.262618 1.477710 1.079891 0.786552 -0.086655 0.027610 -0.022664 
2.045370 -0.291279 1.897040 0.998357 1.687928 1.899851 1.023418 0.891918 0.212025 0.247571 0.454869 -0.046842 
5.192135 -1.965069 1.861409 0.823555 1.190986 1.718224 0.739120 1.205077 1.024129 -0.140964 -0.081874 0.060861 
-1.#IND00 -1.#IND00 -1.#IND00 -1.#IND00 -1.#IND00 -1.#IND00 -1.#IND00 -1.#IND00 -1.#IND00 -1.#IND00 -1.#IND00 -1.#IND00 
-1.#IND00 -1.#IND00 -1.#IND00 -1.#IND00 -1.#IND00 -1.#IND00 -1.#IND00 -1.#IND00 -1.#IND00 -1.#IND00 -1.#IND00 -1.#IND00 
