3.202271 0.383038 0.597184 0.002731 1.701002 0.460269 0.492634 0.753708 -0.242624 0.356368 0.361755 0.019704 
3.161590 0.856078 0.738339 0.336134 2.465903 0.883642 1.014994 1.141126 0.413738 0.242227 0.419419 0.036912 
3.207472 0.523875 1.496254 -0.566122 1.839710 1.707288 1.176176 0.289156 0.786968 0.703105 -0.011746 -0.042742 
3.363333 0.155137 0.919032 -1.187163 0.970246 1.047726 1.012679 1.072037 0.631293 0.131765 0.136151 -0.003452 
3.072705 0.147384 1.084439 -0.243017 1.687483 0.888465 1.211350 0.870624 0.549157 0.530147 0.030166 -0.038685 
3.395756 0.202651 0.971855 -0.554907 0.759225 0.631642 0.467028 0.505035 0.528679 0.175444 0.255617 0.026915 
3.395578 0.800866 1.038456 -0.142425 1.390812 1.219263 0.907393 1.008956 0.187491 0.266802 0.358950 0.023034 
3.349589 -0.080005 0.928920 -0.355036 1.014110 1.679275 0.781455 0.751028 0.156472 -0.035877 0.246151 0.003691 
3.269073 0.256371 0.908818 -0.766599 1.663210 0.441191 0.630035 0.968912 0.417413 0.329196 0.206214 -0.006284 
3.513507 0.228523 0.263014 -0.653223 0.778104 0.977866 1.036476 0.530123 0.274011 0.321587 0.121521 -0.036603 
0.508308 -0.739737 0.772482 0.124398 0.270758 -0.620821 -1.424431 -0.604577 0.083099 0.117736 0.121635 0.013706 
1.110113 0.609274 0.821295 -0.630582 0.171782 0.252474 -1.286135 -0.334164 -0.057138 0.222195 0.132083 -0.046679 
1.534363 0.420663 0.108570 0.656877 -0.320822 -1.221313 0.081275 -0.895880 -0.377724 0.124886 -0.166436 -0.127611 
1.219289 0.978920 0.598431 -0.484268 -0.731215 -1.779916 -1.361053 -0.706930 0.087887 0.050330 0.015681 -0.066737 
1.595693 0.970858 1.170742 0.886489 -0.059657 -0.852186 0.215515 -0.382272 -0.069856 0.477707 0.403429 -0.047208 
1.412711 1.216354 1.631685 0.975573 0.460019 0.611501 -0.086684 -0.619554 0.332917 0.104788 -0.027150 -0.055120 
1.244648 1.256570 2.314307 0.993914 0.760721 0.004937 -0.315658 -0.162640 0.170756 0.217206 -0.086750 -0.054350 
1.148266 1.652070 1.246561 0.937426 0.303355 0.228413 0.205729 0.372587 0.241623 0.336924 0.030304 -0.116378 
1.207418 1.269737 0.825812 1.287001 0.475994 0.877241 0.176126 1.444379 0.693349 0.292749 -0.069571 -0.107279 
1.277930 1.239609 1.506731 0.549977 1.335417 0.376905 0.927016 1.463849 1.041146 -0.063782 0.140370 -0.081162 
2.059571 0.518577 1.446474 0.811392 0.553658 0.898494 1.313466 0.956627 0.290477 0.422303 0.271036 -0.047097 
3.347911 1.272949 0.835486 0.860024 0.779329 0.626116 0.465894 0.116136 0.062113 0.172768 0.177105 0.014708 
6.425626 -0.146921 1.725461 1.046494 1.227750 0.499105 0.049864 1.314002 0.444493 0.024856 0.094615 -0.036106 
2.529187 -0.214612 1.178944 2.901236 -1.072358 -1.077536 1.458180 0.498279 1.363275 -0.172163 0.227027 -0.037606 
1.113602 0.574749 0.968294 0.430581 1.414873 1.303621 1.006682 1.304728 1.269443 -0.073522 -0.251072 -0.125990 
0.879135 1.068223 0.679440 1.396999 1.200544 1.694074 1.298001 1.073187 0.634537 -0.004510 -0.209946 -0.090701 
0.237145 0.901925 1.233975 1.406065 1.654681 1.704340 1.896633 1.013395 0.857907 -0.102504 -0.140511 -0.082136 
0.714395 1.150402 0.213261 1.548588 0.876586 2.843387 0.932571 1.196032 0.624382 0.313970 -0.069244 -0.114945 
0.775147 1.031592 0.950186 1.327568 1.095441 1.248024 2.022609 1.618635 0.500825 0.245033 -0.182901 -0.065770 
0.765837 1.110469 1.157372 0.984558 1.749985 1.847608 0.527522 0.960130 0.814462 0.676055 -0.191311 -0.063085 
0.315740 1.376057 1.137496 2.036167 1.485292 0.040322 0.897444 1.696102 1.061074 0.441187 0.238327 -0.177327 
0.705752 1.746364 0.627706 1.792916 1.623783 1.363641 0.895809 0.848364 1.165856 0.428773 0.081551 -0.076070 
0.806386 0.766646 1.368659 0.936300 1.385551 2.058487 1.459886 1.119901 0.213178 0.466916 -0.130947 -0.032106 
0.219964 0.649288 1.907724 2.100529 1.520333 1.363988 1.191728 1.028772 0.747815 0.300701 0.163829 -0.121133 
0.767591 1.453752 1.445252 1.808898 0.878953 1.200633 1.689754 0.803046 0.249090 0.124104 0.133440 -0.030158 
0.839910 1.352352 1.381155 1.837676 1.031237 1.466022 0.984522 0.671447 0.708736 0.264400 0.268824 -0.076681 
1.412505 0.969853 1.179157 1.482745 1.126015 0.430063 0.829489 0.727784 0.669194 0.629686 -0.171084 0.036837 
2.884686 -1.009773 2.292821 -0.199883 1.984760 0.407865 1.202046 0.758560 0.183472 0.358930 0.104507 0.075943 
4.970809 1.670125 -0.214994 0.581619 1.285523 1.148306 0.533037 0.519235 0.656769 0.397648 0.152209 0.019062 
7.529578 2.680798 -1.277111 -0.367970 1.710843 1.561659 0.199200 0.161094 0.424816 0.586571 0.325520 0.044657 
5.951553 3.225457 1.194924 0.168924 0.814055 0.886064 0.374578 0.860579 -0.335684 -0.071310 0.148691 0.092615 
5.168756 4.004973 2.895545 2.095057 1.022322 -0.454494 -0.049622 0.906134 0.659366 0.477905 0.278833 0.102544 
3.603053 2.896613 3.080000 2.791644 1.896855 1.745617 1.159289 0.676677 0.376118 0.509638 0.123422 0.042000 
3.194226 2.652091 2.549312 2.299084 2.016856 1.530133 1.255488 0.984650 0.619209 0.311296 0.153538 0.050247 
2.611528 2.095347 1.595848 1.130670 1.347458 1.335701 0.768257 0.438631 0.239437 0.127546 0.061848 0.016841 
2.650627 1.979839 1.651309 1.669351 1.412406 1.176564 0.781905 0.348841 0.315736 0.249684 0.150753 0.023417 
3.894463 2.144632 2.794904 1.330881 2.287376 1.839849 1.827881 1.449131 0.619915 0.645282 0.131715 0.045468 
3.368836 1.183765 1.375306 0.310443 1.675614 1.729389 1.133771 0.754138 0.686608 0.678024 0.380333 0.025981 
-1.#IND00 -1.#IND00 -1.#IND00 -1.#IND00 -1.#IND00 -1.#IND00 -1.#IND00 -1.#IND00 -1.#IND00 -1.#IND00 -1.#IND00 -1.#IND00 
-1.#IND00 -1.#IND00 -1.#IND00 -1.#IND00 -1.#IND00 -1.#IND00 -1.#IND00 -1.#IND00 -1.#IND00 -1.#IND00 -1.#IND00 -1.#IND00 
