4.210175 1.159066 1.162582 0.051552 1.079957 0.803427 0.526287 -0.204193 -0.759472 0.165838 0.042464 -0.010781 
3.802479 0.877669 1.232036 -1.013199 0.953721 1.581475 0.152167 0.296608 0.352164 0.103976 -0.158540 -0.039194 
3.943524 0.947448 0.710217 0.235052 1.158686 0.919854 0.737588 0.354125 -0.141313 0.427448 0.223215 0.024449 
3.616208 0.876171 1.331683 0.195974 1.446897 0.426182 -0.015422 -0.139642 0.057205 0.569234 0.335613 0.041554 
3.577933 0.567257 0.689617 -0.158276 1.666537 1.069898 0.685040 0.432173 -0.317337 0.411155 0.153802 -0.002541 
3.869569 0.797520 0.871660 -0.818886 1.432341 -0.067807 -0.256991 0.849041 -0.043573 0.146504 0.003194 -0.035062 
3.680348 0.895036 0.504927 -0.526677 1.265471 1.394412 0.802390 0.617734 0.434537 0.547700 0.218550 -0.011401 
3.410656 0.406709 0.813273 -1.255608 1.285337 0.828576 -0.094556 0.326514 -0.010661 0.554582 0.121137 -0.049866 
3.551103 0.283067 0.629490 -0.421284 1.171598 0.557780 1.389319 1.094065 -0.344898 0.520249 0.137230 -0.067466 
3.829651 0.737463 0.684258 -0.327161 2.266660 0.846977 -0.162197 0.562123 0.278828 0.241733 0.073172 -0.013886 
3.323526 0.528332 0.545047 0.055091 0.732196 0.756742 0.880540 -0.040369 0.100915 0.337776 0.361195 0.064141 
3.751720 0.201194 0.568801 -0.311224 1.261479 1.328617 0.492273 0.745237 0.313741 0.453234 0.349258 0.005387 
3.437063 1.108989 1.324255 -0.398188 1.404419 0.943136 0.290027 0.926186 0.433988 0.527651 0.114712 -0.054940 
3.567658 0.617898 0.758837 -0.866490 1.528291 0.681218 1.433319 0.600699 -0.003047 0.430647 0.008721 -0.043494 
3.548975 0.924598 1.146455 -0.266045 1.393475 1.180920 0.434546 1.135427 0.594635 0.606956 0.297122 -0.028085 
3.443528 1.125651 0.907774 -0.098635 1.107835 0.892637 0.296382 0.403073 0.523870 0.015087 0.137196 -0.020969 
3.462418 0.453969 1.257295 -1.304205 1.723641 0.767869 0.805333 0.967319 0.148549 0.216656 0.083720 -0.058250 
3.612964 0.480284 0.614033 0.095568 1.170264 0.778504 0.715517 0.687488 0.717945 0.287159 0.287441 -0.020913 
3.577000 0.629997 1.262619 -0.727735 2.087041 1.076802 0.212140 0.804178 -0.217149 0.528327 0.294850 -0.037815 
3.353619 0.651356 0.877843 0.022082 1.574875 1.232588 0.485391 0.751607 0.097942 -0.124461 -0.187160 -0.035325 
3.555916 0.825416 1.261256 -0.435786 1.778704 1.138956 0.710991 0.606878 0.593399 0.677299 0.293536 -0.022162 
1.427972 -0.033577 2.116490 0.274985 0.276626 0.289099 -0.315069 0.153754 -0.034667 0.754321 0.051201 -0.051233 
1.470451 -0.037959 1.047328 -0.357065 -1.213570 -0.456608 0.169144 -0.017863 -0.099763 0.468885 0.354691 -0.059284 
1.462395 0.425365 0.938724 0.438946 -0.722788 -1.386778 -0.426368 -0.352769 0.148923 0.478453 0.430762 -0.056261 
2.108901 1.453845 0.733979 -0.049650 0.396199 -0.294151 0.129950 -0.476526 0.074868 -0.599987 0.112034 0.008681 
1.412659 1.348241 1.449763 0.660161 0.253450 -0.408280 -0.583450 -0.027144 0.636537 0.216358 0.073052 -0.007590 
1.279990 1.497217 1.627169 1.192167 0.040737 0.350635 -0.792526 -0.676533 0.731870 0.386656 0.075608 -0.082231 
1.371275 1.348711 1.315196 0.359883 -0.763309 -0.102944 -0.170720 0.045617 0.606925 0.276466 0.123737 -0.003839 
1.088765 1.044172 2.142277 1.283461 0.139413 -0.113641 0.371693 0.931532 0.846169 0.103553 0.022931 -0.006080 
2.115556 0.625398 1.361462 0.988729 0.984271 0.225543 0.592452 0.936923 0.259155 0.327779 0.193187 -0.022023 
2.493803 0.046702 0.995258 0.914129 1.038877 1.089349 0.906703 0.572763 0.807677 0.290785 0.363188 -0.023205 
4.629526 0.167550 1.221019 0.084752 1.230445 -0.155482 0.270652 0.259150 0.748935 0.455199 0.254636 0.098928 
5.471008 2.800926 0.932437 0.513937 0.214172 0.169766 0.420023 0.532771 0.469108 0.186958 0.175850 0.065846 
1.294899 0.965685 -0.216516 -0.511605 -0.590256 -0.147212 1.047308 0.624115 1.197953 0.672542 -0.579169 -0.075322 
0.653458 0.523189 0.778033 1.413778 1.359536 1.650384 1.104185 1.555291 1.294715 -0.132330 -0.105731 -0.184680 
0.552980 0.846683 1.038675 2.001299 1.955833 1.859048 0.505055 0.506426 0.613350 0.166894 0.020144 -0.067440 
1.079486 0.795842 1.304826 0.894233 1.609597 1.216440 1.372958 1.309639 0.511103 0.223134 0.045665 -0.096125 
0.859307 0.871182 1.128578 2.177452 1.206166 1.585762 0.958716 0.343803 0.513759 0.578108 0.233049 -0.137890 
0.432353 1.403029 1.377197 1.673414 1.181052 1.343543 2.131551 0.468734 0.345835 0.123307 0.202953 -0.085729 
0.303751 1.533791 0.753723 2.230969 2.882960 1.233696 1.560710 0.209251 0.515129 0.404266 -0.023146 0.007542 
0.480989 0.934321 1.030054 1.495080 1.792418 1.855937 1.282468 0.515962 1.103757 0.281517 -0.014091 -0.105241 
1.237938 0.720096 1.450088 1.708954 0.996713 1.917747 0.124619 1.448489 0.665053 0.160341 0.287362 -0.086765 
2.553502 0.852887 0.298089 1.439758 1.137185 1.099641 0.870435 0.318543 1.085670 0.468120 0.062660 -0.042465 
2.843566 -0.941879 1.940680 1.066862 1.331818 0.662469 1.225082 0.402547 0.874796 0.507764 0.198115 -0.029653 
2.398421 -0.227306 2.124901 0.612886 1.245747 0.819014 0.792199 1.216238 1.016446 0.298302 -0.115558 -0.034706 
2.640294 -0.695555 2.109772 1.064943 1.270128 1.223677 0.813507 0.223713 0.573578 0.373349 0.250725 -0.017061 
2.139252 -0.370323 1.746447 1.263103 1.788311 1.803180 1.249239 1.073929 0.267742 0.254542 -0.068838 -0.022632 
4.071378 -1.152263 2.104979 0.308539 1.850337 0.606479 1.896097 0.142240 0.716895 0.593909 -0.135089 0.096724 
-1.#IND00 -1.#IND00 -1.#IND00 -1.#IND00 -1.#IND00 -1.#IND00 -1.#IND00 -1.#IND00 -1.#IND00 -1.#IND00 -1.#IND00 -1.#IND00 
-1.#IND00 -1.#IND00 -1.#IND00 -1.#IND00 -1.#IND00 -1.#IND00 -1.#IND00 -1.#IND00 -1.#IND00 -1.#IND00 -1.#IND00 -1.#IND00 
