3.328423 0.336918 0.258923 -0.337297 1.731446 0.259351 0.342223 0.531463 -0.054984 0.346919 0.231917 0.031552 
3.164150 0.073554 0.671652 0.055051 1.204789 0.544199 0.471658 0.612590 0.277450 -0.104787 0.225320 0.025242 
3.505443 0.158989 1.219843 -0.224360 1.291981 1.123698 0.300044 0.342077 -0.178375 0.430640 0.332232 0.007772 
3.271729 0.275890 0.707910 -0.349521 0.645236 1.061319 0.980607 0.762240 0.119951 0.101771 0.089630 0.008996 
3.173550 0.908534 0.537204 -0.724539 1.179435 0.700323 0.880549 0.861236 0.329150 0.269677 0.095570 -0.010393 
2.919199 0.484319 0.795240 -0.344899 1.664936 -0.061172 0.509750 0.572823 0.776450 -0.039946 0.248637 -0.009627 
3.042720 0.211925 0.580913 -0.962411 0.982396 0.719258 0.161423 0.095694 0.087224 0.312396 0.309626 0.001737 
3.161841 0.014356 0.527168 -0.253944 0.807463 0.899341 0.885044 0.704653 0.282799 0.174492 0.035994 -0.012437 
2.715999 0.408806 1.438972 -0.348458 0.582567 0.253604 1.084717 0.793661 0.153569 0.231061 0.214204 -0.034864 
3.032769 0.653099 0.541546 0.007052 2.151288 1.131559 1.164112 1.280972 0.451383 0.468933 0.370601 -0.014902 
2.920484 0.402308 0.663575 -0.239603 0.727273 0.562971 0.474392 -0.268537 0.156943 0.365642 0.464315 0.081109 
3.428700 0.133242 0.669870 -1.273389 1.214947 0.302686 0.407391 0.436205 0.387403 0.040801 0.323652 0.062700 
3.275447 0.305836 0.761406 -1.052094 1.218866 1.414046 0.942962 0.658421 0.445078 0.616915 0.125939 -0.039057 
3.370251 0.287937 1.247014 -0.472427 1.116141 1.276410 0.741400 0.571690 0.203348 0.318050 0.314866 0.038016 
3.466805 -0.018893 0.496973 -1.322782 0.866306 0.949749 -0.303045 0.553431 0.770644 0.360682 0.226191 -0.002534 
3.420599 0.108513 0.718705 -0.429214 1.255135 1.008509 0.321511 0.877486 0.256490 0.586288 0.210289 -0.059308 
3.231022 0.655910 0.437602 -1.275655 1.219619 0.673115 0.802871 0.456271 -0.223461 0.354705 0.075514 -0.021428 
3.382496 0.499662 0.965141 -0.252323 0.750568 0.417791 0.844405 1.522243 0.489834 0.375948 0.179453 -0.018072 
2.924260 0.328077 1.043199 -0.324321 1.275247 1.643440 1.231704 1.740401 0.710833 -0.106544 0.346303 -0.002417 
3.019600 -0.091243 0.698960 -0.421189 1.656275 0.859549 0.714262 0.583925 0.252120 0.263255 0.140956 -0.029665 
1.353756 -0.132814 1.360739 0.544743 -0.834913 0.397955 -0.118029 -1.233183 -0.356696 -0.269903 0.209486 -0.098212 
1.272353 -0.354177 0.873779 -0.192846 -1.286368 -1.516926 0.085450 -0.198259 -0.326907 0.277107 0.159290 0.017758 
1.208674 0.791051 0.466647 1.113002 -0.988031 -1.000310 -1.199494 -0.472198 -0.085076 -0.234706 0.060099 -0.135819 
1.293807 1.909502 1.513689 0.108345 0.324863 0.421100 -1.220057 -0.064391 0.105181 -0.151472 -0.021719 0.041502 
1.163713 1.894631 1.099391 1.574391 0.524447 -0.880424 -0.430075 0.005653 -0.213083 0.444827 -0.019401 -0.040399 
1.225424 1.530251 1.103244 0.457900 0.523464 -0.075602 -0.452666 -0.261153 -0.186694 0.178240 -0.112147 -0.024357 
1.319028 1.444690 1.522805 0.317465 -0.113013 0.658337 -0.033190 -0.123294 0.100264 0.333535 -0.202135 -0.028345 
1.080350 0.982933 1.399454 1.216604 1.085823 0.593387 0.479376 0.995766 0.137241 0.100647 -0.123568 -0.013566 
0.765407 1.403623 1.237375 1.008926 1.814784 0.045974 0.708868 1.686436 0.478545 0.157946 -0.216125 -0.064768 
2.118310 0.213272 1.457248 0.375371 2.069271 0.795921 1.197126 0.123253 0.934631 0.298164 0.059917 0.018679 
3.060219 0.576345 0.990271 -0.195182 1.702036 0.789097 0.313653 0.222618 0.594065 0.233103 0.244496 0.029729 
4.552158 1.515620 0.028764 1.032199 1.472689 0.935562 0.829258 0.311917 0.839252 0.158803 0.209292 0.035204 
5.452148 2.026714 0.390857 0.999330 0.963076 0.699686 0.880541 0.925037 0.118461 -0.219068 0.137997 0.111893 
1.347966 0.351586 0.546664 -0.363745 1.933827 0.036924 1.366464 0.712684 0.971384 0.363904 -0.359090 -0.071012 
0.993209 1.009380 1.493462 1.318610 0.651690 1.102721 1.565574 1.380880 0.740044 -0.002174 0.004224 -0.074610 
0.945622 1.014854 1.217517 1.753177 -0.003904 2.229910 1.026532 0.703721 0.468835 0.461764 -0.035840 -0.083606 
0.555018 1.704971 1.237315 1.135053 0.847576 1.303010 1.499383 0.818144 0.866851 0.060255 -0.014683 -0.043631 
0.807119 1.132374 1.760421 1.149787 0.993864 1.560491 0.931240 1.007107 1.102792 0.239245 -0.171675 -0.020771 
0.538653 0.971646 1.096948 2.960165 1.739177 0.676559 1.065979 0.815974 0.635926 -0.078954 0.107698 -0.045642 
0.603874 1.140158 1.266884 1.288766 1.338484 2.196633 0.989947 0.975248 0.162408 0.137672 -0.036870 -0.032322 
0.512823 0.760759 1.761371 1.915992 1.770940 1.097411 0.546862 1.055854 0.693427 -0.166186 0.128577 -0.058120 
0.956781 1.266616 1.406745 1.557728 0.785837 1.735106 1.106165 0.677736 0.529586 0.482848 0.031275 -0.074355 
2.601878 0.170164 0.809660 0.848557 1.853238 0.515687 1.582528 0.290900 0.613413 0.162741 0.088701 0.009316 
0.578787 1.163085 1.144372 1.852687 1.515844 1.220371 1.050260 0.704690 0.540762 0.457712 -0.089075 -0.024267 
0.847858 0.915194 0.902932 1.522050 1.565443 1.708226 1.752884 0.444562 0.377788 0.611405 -0.040970 -0.030322 
1.006880 0.594644 1.134597 1.453537 1.713806 1.886295 1.334243 0.815532 0.781567 0.554846 0.076942 -0.096363 
3.678175 -1.502753 2.548185 0.560654 1.840654 0.645621 1.319415 0.148310 0.153944 0.141969 0.065123 0.172544 
3.939687 -1.056306 1.048844 1.158697 1.515296 1.316095 1.256198 1.149357 0.774012 0.209977 0.130182 0.024403 
-1.#IND00 -1.#IND00 -1.#IND00 -1.#IND00 -1.#IND00 -1.#IND00 -1.#IND00 -1.#IND00 -1.#IND00 -1.#IND00 -1.#IND00 -1.#IND00 
-1.#IND00 -1.#IND00 -1.#IND00 -1.#IND00 -1.#IND00 -1.#IND00 -1.#IND00 -1.#IND00 -1.#IND00 -1.#IND00 -1.#IND00 -1.#IND00 
