0.016409 0.094333 -0.010015 -0.458826 0.152183 -0.031326 -0.292778 0.050266 -0.043662 0.277279 -0.163181 0.010618 
0.076071 -0.169993 -0.188808 0.414001 0.244951 0.147538 0.340567 0.136350 0.212654 -0.225517 0.321071 -0.040913 
3.502269 -0.023173 1.285344 -0.326994 1.787874 0.378482 0.729653 0.879925 0.616195 0.211270 0.293344 0.052047 
3.238943 0.566294 1.411062 -0.263469 1.812293 1.647431 1.018065 0.139776 0.331179 0.373015 0.346546 0.062897 
3.282580 0.735926 1.385419 -0.454030 1.656037 1.488988 0.771672 0.666472 0.260382 0.385484 0.159824 -0.015612 
3.221403 0.304209 1.871479 0.365535 0.077503 1.509260 1.948512 0.782455 0.027627 0.404205 0.304612 -0.027329 
3.126705 0.777009 1.006325 -0.588319 1.422652 1.971061 0.645743 0.065055 -0.190488 0.319629 0.070477 -0.009659 
3.022986 0.325004 1.012954 -0.616524 0.905662 1.496366 0.848434 0.382147 0.253410 0.282320 0.050032 -0.007084 
3.153509 0.501199 1.258986 -0.213579 1.509541 1.346711 0.422594 0.920640 0.394983 0.302911 0.163198 -0.031633 
3.471116 0.880636 1.192224 -0.616874 1.183939 2.219326 1.228711 0.615783 0.190700 0.748050 0.148487 -0.007904 
3.375395 0.703696 0.795625 -0.427607 2.099367 0.579639 1.020106 1.230626 0.069798 0.075198 0.212692 0.051366 
3.158443 0.970509 1.392512 -0.502192 1.678266 1.523836 0.507849 0.930934 0.077774 0.684324 0.426852 -0.014066 
3.189264 0.663464 0.759544 -0.894819 1.670141 1.632204 1.177460 0.612852 -0.125969 0.521348 0.345982 0.029791 
3.418855 0.760961 0.796896 -0.649367 2.142247 0.908334 1.798344 1.299877 0.516814 0.032419 0.208350 0.052478 
3.377662 0.605063 1.021803 -0.615552 1.389932 1.203067 1.187649 0.906248 0.390670 0.364366 0.131520 0.007122 
3.026686 0.230696 1.201934 -0.708630 1.127231 1.199767 0.749242 0.995234 0.232430 0.322611 0.107044 -0.043939 
3.342861 0.544194 0.995786 -0.505631 1.199522 0.944999 0.810695 0.305062 -0.021182 0.384276 0.158148 0.014316 
3.391602 0.577608 0.877907 -0.905824 1.506304 1.665908 1.118108 0.513743 0.156742 0.252423 0.176517 0.025561 
2.712815 0.318604 0.864160 -0.702400 1.201875 1.134634 1.067057 1.194107 0.360165 0.069905 0.176722 -0.062206 
3.390476 0.212115 1.396815 -0.299037 1.669725 0.742312 0.769933 0.735231 0.494607 0.094249 0.467047 0.085029 
1.576236 0.166162 0.501576 -0.351084 -0.822012 -0.466894 0.116348 -0.072011 0.626304 -0.123302 0.010115 -0.049810 
2.140063 0.395973 0.754262 0.135721 -0.329409 -1.311053 0.199806 0.322214 -0.032586 0.231160 0.098714 -0.044441 
1.611455 1.016240 0.689705 0.274288 -1.169035 -0.423569 -0.981083 -0.780018 0.295783 0.154532 -0.059366 -0.038350 
1.522681 1.121702 1.391923 1.028025 -0.560940 -0.484652 0.223606 0.121021 0.260598 0.272112 0.393062 0.038414 
1.692194 1.901329 0.680709 1.000641 -0.005175 0.069572 -0.995891 0.258650 0.034576 0.120623 0.050410 0.016546 
1.326795 1.513994 1.251945 0.909685 0.486797 -0.128839 0.081264 -0.423719 0.001487 0.220535 -0.008734 -0.025190 
1.063324 2.250513 1.518306 1.017272 0.653037 0.144076 -0.435522 0.233210 0.087083 0.190108 -0.015060 -0.056819 
1.075507 1.421616 0.948855 0.947543 0.203913 1.256535 0.274060 0.921063 -0.014685 0.298848 -0.174148 -0.076654 
1.428657 1.574036 1.084640 1.176014 1.143618 0.761853 0.055791 0.808330 0.673281 0.276833 -0.053338 0.002726 
3.584521 -0.292646 1.530855 0.944366 0.383245 0.787424 0.632708 0.232568 0.564032 0.447109 0.083494 -0.007974 
4.453601 0.050166 1.648269 0.556291 1.430783 1.319230 0.810880 0.363272 0.267520 0.144401 0.093134 0.032727 
6.692091 1.878810 -0.082064 0.843555 0.396072 0.440930 0.999155 0.957669 0.356108 0.139144 0.004523 -0.028405 
5.423442 3.348309 1.669493 0.938247 0.540341 0.129510 0.153835 0.680211 0.558877 0.358628 0.184425 0.049094 
1.993805 0.715641 -0.932973 0.131957 0.235239 0.831076 0.616908 0.930193 0.898123 0.405275 0.004700 -0.112763 
0.973139 0.655104 0.882828 0.653352 1.507666 0.819956 1.578031 1.187772 0.549776 0.116936 -0.153902 -0.122973 
0.483880 0.987436 1.619749 1.495731 0.665155 1.722443 1.138547 0.755112 0.715796 0.406950 -0.098501 -0.123576 
0.892197 1.052711 1.187441 1.454497 0.996803 1.399002 1.053542 1.402775 0.281627 0.615345 -0.079724 -0.088940 
0.707571 1.168658 1.681400 0.936191 2.070918 1.069196 1.179173 1.607395 0.422555 0.137290 -0.209164 0.025108 
0.630347 1.280220 1.347904 1.226826 0.972794 1.982662 0.549847 1.712584 0.781852 0.471013 -0.067720 -0.067163 
0.755753 1.409684 1.319633 1.622681 1.195728 0.101020 0.763461 1.463324 0.670318 0.750207 0.016587 -0.078782 
1.272664 0.959142 1.822072 1.993198 0.653991 1.427316 1.321705 0.346849 0.842019 0.163397 -0.084366 0.010475 
2.210118 0.712222 0.992045 1.021745 1.106054 0.064375 0.933988 0.799780 0.372527 -0.122791 0.344391 0.023401 
1.776313 0.415240 1.212861 1.464597 0.651203 1.460304 1.796704 0.526536 0.172638 0.315479 0.096716 -0.036495 
1.039386 0.633072 1.064374 1.824245 1.902635 1.353220 1.294828 0.922619 0.583431 0.554175 -0.096661 -0.037042 
0.943911 1.189486 0.868315 0.996127 1.496211 1.423649 1.512374 0.495364 0.640594 0.499509 -0.127708 -0.022656 
1.052301 1.006236 0.939659 1.342544 1.241835 1.494426 1.418906 0.964602 -0.257366 0.541984 0.199372 -0.072956 
1.542954 0.573183 1.087607 1.368861 1.437851 1.710247 1.520217 0.382379 0.492486 0.159970 0.427733 -0.053905 
5.539233 -1.719686 1.641537 0.444302 1.261801 1.100514 0.734016 0.466825 0.965417 0.571854 0.051574 0.068192 
-1.#IND00 -1.#IND00 -1.#IND00 -1.#IND00 -1.#IND00 -1.#IND00 -1.#IND00 -1.#IND00 -1.#IND00 -1.#IND00 -1.#IND00 -1.#IND00 
-1.#IND00 -1.#IND00 -1.#IND00 -1.#IND00 -1.#IND00 -1.#IND00 -1.#IND00 -1.#IND00 -1.#IND00 -1.#IND00 -1.#IND00 -1.#IND00 
