3.878551 0.799683 1.158821 -0.200293 2.343590 1.330028 1.290329 1.071723 -0.218729 0.181118 0.353245 0.074233 
3.563071 0.546708 1.076998 -0.185023 1.304094 1.237614 1.342794 0.741334 0.459629 0.363715 0.060616 0.003561 
3.889352 1.087338 1.459037 -0.010799 2.694232 0.775165 1.408434 1.346524 0.409502 0.355113 -0.113998 -0.028144 
3.736892 1.238123 1.121382 0.424105 1.751259 0.970226 1.351411 1.214404 0.155618 0.154305 0.327097 0.041174 
3.938524 0.706115 0.576304 0.183057 1.269053 1.761924 0.694661 0.647235 0.822023 0.445257 0.099143 -0.028524 
3.999172 0.599663 1.350890 0.284727 2.308875 1.634970 1.141846 0.613231 0.588335 0.819423 0.241044 -0.008038 
4.636471 1.181839 2.206780 1.720767 3.288387 2.408373 0.917613 1.196674 -0.077410 0.453422 0.249502 -0.007582 
4.279662 1.069238 0.603267 0.630464 2.657880 1.705576 1.166441 1.675338 1.301164 0.301607 0.231770 0.051845 
2.536119 1.875076 1.552128 1.314427 1.225159 1.141322 0.779243 0.516914 0.339883 0.146972 0.070765 0.022775 
2.497153 1.894025 1.494625 1.217586 0.898350 0.774069 0.820128 0.287331 0.061361 0.022763 -0.075374 -0.006813 
4.729415 2.707427 2.407521 1.766027 3.166583 1.556455 1.339664 1.436803 0.614194 1.071891 0.096597 0.002349 
3.823176 1.826771 1.338980 0.827834 1.797241 1.400977 1.307185 1.413209 0.855532 0.487514 0.350685 0.060476 
4.014428 2.548763 2.249701 1.996902 2.994246 2.708172 1.687664 0.689991 0.025098 0.392992 0.172340 0.063009 
3.271170 1.482930 1.157597 0.873267 1.551197 1.782924 0.870966 1.045428 0.689236 0.372214 0.296048 0.028017 
3.599410 1.585312 1.490362 0.704686 1.794345 1.861480 1.090249 1.400587 0.480857 0.302143 0.239215 0.012280 
4.493357 2.463958 3.336514 2.971641 3.989922 1.647535 1.191918 1.581910 0.110305 -0.018201 0.206506 0.051289 
3.929018 1.761216 1.663388 1.493808 3.170902 2.750768 1.912686 0.522193 0.543557 0.077619 0.137220 0.087679 
4.115791 0.368293 1.237818 -0.174293 1.290102 1.504454 1.425574 0.875568 0.913450 0.787126 0.224412 -0.027328 
3.682853 1.218887 1.236845 -0.435876 1.509842 0.618154 0.901098 1.754772 0.461919 0.075766 0.293791 -0.002821 
3.446844 0.858025 1.031938 0.028118 1.783711 1.604057 0.650941 1.339565 0.315444 0.580553 0.567523 -0.011039 
3.278696 1.042749 1.030304 0.187723 2.171237 1.125883 0.995809 1.155994 0.321678 0.484921 0.191582 -0.026595 
1.087057 0.618268 0.133009 -0.053805 -1.069487 -0.565539 -0.424310 0.097712 -0.389398 -0.069552 -0.039756 -0.024932 
1.730665 0.211206 0.735086 1.322111 -1.122924 -0.319730 -0.476489 -0.090017 -0.005647 0.271138 -0.101628 -0.027576 
1.613696 1.656382 0.625079 0.764849 -0.215791 0.178828 -1.068124 0.149485 0.168342 0.228301 -0.111551 0.039080 
1.395194 2.007236 0.858133 0.815876 -0.273010 -0.521888 -0.347580 -0.086931 -0.156346 0.128890 0.243054 -0.031191 
1.380841 2.016740 0.821502 0.160214 -0.312532 -0.060398 -0.656495 -0.125019 0.412843 -0.001059 0.107966 -0.019942 
0.916053 2.012106 1.906027 0.942056 -0.294317 0.349938 0.101413 0.561872 0.030557 0.070004 -0.127392 0.005041 
1.333671 1.490071 1.015653 0.623375 0.907757 0.800207 0.966951 0.842876 0.107775 -0.028501 -0.089962 -0.097235 
1.203949 1.020777 1.269690 1.200106 0.858248 2.232937 0.954452 0.617180 0.583903 0.217792 -0.110833 -0.014653 
3.159491 -0.145544 1.846500 0.609630 1.663846 0.571106 0.523558 0.737316 0.238544 0.527437 0.076622 -0.043017 
4.440430 -0.275518 1.726113 1.167794 0.714607 -0.108412 1.196950 0.581114 0.564129 0.643979 0.200317 -0.007710 
7.055241 -0.403656 1.370105 0.882770 0.553179 0.618554 0.567590 0.393055 0.510029 0.435224 0.150093 0.019102 
4.982840 3.592356 1.954342 1.233950 1.158343 0.474082 -0.178228 -0.294256 0.276629 0.515989 0.134428 0.037588 
1.794317 -0.104755 -0.178210 1.584665 1.765885 1.917891 1.104901 0.915466 -0.123110 0.118016 -0.029342 -0.036286 
0.924745 0.730740 0.973228 0.918553 2.334877 1.725469 1.343487 0.786049 0.271263 0.178877 0.037476 -0.091628 
0.369133 1.175012 1.284030 1.489434 1.555964 2.002137 1.815853 0.753714 0.580071 -0.120065 -0.125731 -0.001291 
0.766050 0.717169 1.611202 1.011827 2.023815 1.615880 1.128792 0.860757 0.406349 0.216139 -0.239777 -0.011130 
0.565760 0.843431 1.118807 2.227227 1.641538 1.342999 1.079332 0.570960 0.591881 -0.048884 0.179154 -0.069189 
0.601223 0.968890 1.573624 1.188349 1.736874 1.567037 0.939702 0.939178 0.588189 0.287649 0.028443 -0.074608 
0.948757 0.731493 1.543985 0.520123 1.154147 1.117242 1.806502 1.003978 0.435610 0.036522 0.040938 -0.022346 
1.217550 0.581201 1.038526 1.933729 0.877226 1.425081 0.535076 1.374708 0.839478 0.384781 -0.009019 -0.042170 
1.304254 0.477395 1.521034 0.642911 1.375796 1.304088 1.246718 0.749421 0.801688 0.437804 0.072127 -0.094800 
1.760122 0.274441 1.939867 0.975479 2.042942 -0.103116 1.543666 0.851154 0.790277 -0.000199 0.207033 -0.015429 
2.207282 0.487043 1.332219 0.720612 1.724954 0.865468 1.044321 0.095661 0.842098 0.150522 -0.100391 -0.007696 
3.663588 0.154203 0.142034 1.591455 1.242087 0.653526 1.007153 0.535262 0.323506 0.425975 0.136214 -0.018220 
2.386188 -0.600817 2.493609 0.486079 1.683371 1.110754 0.893013 0.699087 0.559827 0.384651 0.058130 -0.029768 
1.902749 0.014108 2.132537 0.362585 1.639802 0.655306 0.950565 0.962957 0.711657 0.294973 0.009694 -0.018484 
4.914258 -2.459089 2.950638 0.110328 2.110010 1.155492 1.491438 1.819574 0.107535 0.442805 0.038646 -0.056955 
-1.#IND00 -1.#IND00 -1.#IND00 -1.#IND00 -1.#IND00 -1.#IND00 -1.#IND00 -1.#IND00 -1.#IND00 -1.#IND00 -1.#IND00 -1.#IND00 
-1.#IND00 -1.#IND00 -1.#IND00 -1.#IND00 -1.#IND00 -1.#IND00 -1.#IND00 -1.#IND00 -1.#IND00 -1.#IND00 -1.#IND00 -1.#IND00 
