0.074457 0.104112 0.032217 -0.435930 -0.510985 0.046369 -0.107864 -0.261664 -0.266209 0.058319 -0.020875 -0.100877 
0.066281 0.098605 -0.188427 -0.313872 0.255642 0.198064 -0.762432 0.180810 -0.176381 0.253713 -0.047278 0.055566 
0.040890 0.135404 -0.530773 -0.069870 -0.133430 -0.241866 0.031998 0.132848 -0.264319 0.137188 -0.026326 0.030038 
-0.054017 0.444970 0.073268 0.113798 -0.260845 0.774253 -0.177512 0.056921 0.277925 0.140606 0.066897 0.014078 
-0.084581 0.297333 0.055422 0.223030 -0.667046 -0.360900 -0.376013 -0.246701 0.610415 0.203133 -0.000922 -0.091275 
0.284021 0.029026 0.214812 0.484150 0.192632 0.047426 0.642439 -0.607254 0.475824 0.393465 0.118210 0.093054 
0.189672 -0.197183 0.241002 -0.381022 0.175211 0.031628 0.199216 -0.372163 0.379780 0.080433 0.257821 0.022526 
-0.181130 0.230668 0.195297 0.068035 0.174531 0.279426 0.213155 0.211025 -0.271042 0.037322 -0.107072 0.100444 
0.018063 0.095791 -0.006574 -0.456558 0.154333 -0.028225 -0.288220 0.053232 -0.041751 0.279802 -0.161698 0.011227 
3.896066 0.620260 0.464543 -0.039817 1.694512 0.714219 0.182123 -0.423967 0.785946 0.381144 0.330906 0.044590 
3.483999 -0.482939 0.336825 -0.163539 2.000451 0.661909 0.544756 0.968755 0.493998 -0.024181 0.152918 -0.038423 
3.442598 0.141627 1.552759 0.060685 1.408566 1.240249 1.593864 0.634462 0.619536 0.591478 0.225800 -0.028443 
3.485819 0.452309 1.125493 -0.635110 1.666334 0.559853 0.246958 0.323846 1.007683 0.640195 0.318208 0.001739 
3.406555 0.049544 0.535462 -0.502232 1.768215 1.397042 0.781670 0.402340 0.449418 -0.176074 0.316536 0.035747 
3.584229 0.177567 0.526532 -0.686285 1.680516 1.203406 0.366960 0.518291 0.377696 0.112843 0.163413 -0.010383 
3.444179 0.369903 0.772629 -1.132010 1.190821 0.553587 1.014218 0.756659 0.452922 -0.057935 0.184719 -0.002599 
2.574018 0.780079 0.651267 -1.725436 3.330270 -0.487404 1.263148 0.628868 -0.078864 0.322034 0.098625 0.051011 
3.142246 0.472826 0.393853 -0.518535 1.732376 0.988930 0.331437 0.643488 0.583663 0.415947 -0.078138 -0.107458 
3.644069 0.008137 0.794632 -1.151146 1.774664 1.114646 0.274219 0.882139 0.523998 0.220287 0.170331 -0.041597 
3.646490 0.156316 0.145766 -1.718942 1.373495 1.331855 0.792135 -0.052706 -0.032594 0.455832 0.229638 0.052386 
3.519984 -0.272153 0.253665 -0.616129 0.700253 1.492628 0.575095 0.564775 0.000885 0.584788 0.285414 -0.012599 
1.174662 -0.270170 -1.212825 -0.377484 -0.950460 -1.703800 -0.486275 -0.244625 -0.661937 -0.248494 -0.056430 -0.166007 
1.476725 0.111296 0.599388 0.406503 -0.610446 -0.378162 -0.476475 -0.790000 -0.487021 -0.313525 -0.019870 -0.115416 
1.453776 0.792844 2.094326 0.654002 -0.206505 0.244465 -0.091542 -0.293057 0.712486 0.563375 0.166590 -0.036501 
2.091864 1.689463 0.359803 0.580682 -0.821057 0.580503 0.264994 -0.681645 0.466889 -0.314456 -0.021400 -0.020712 
1.294160 1.039237 1.353728 0.525562 -0.294001 -0.061660 -0.127221 0.136746 0.533593 0.260824 0.173506 -0.010350 
1.568962 1.831392 0.518968 0.296369 0.099139 -0.021089 -0.108909 0.534693 0.232320 0.152498 0.043118 -0.090556 
0.875171 1.918363 0.868513 1.395382 -0.084403 0.382789 0.915075 0.320163 0.350286 0.086408 -0.209277 -0.107395 
1.954796 0.902862 0.407826 1.172296 1.380875 -0.001017 0.592117 1.360445 0.487316 0.110364 -0.149116 -0.005021 
3.176341 0.078450 1.190723 0.605273 0.917957 0.796042 0.926048 1.071552 0.395124 0.026673 -0.011056 -0.014865 
3.255892 0.690892 0.859543 1.258968 0.750179 0.149531 0.372011 0.569902 0.662013 0.483250 0.068288 -0.037014 
5.074583 0.942516 0.815687 1.957676 1.654224 1.072705 0.636981 0.174747 -0.410186 -0.333682 0.124329 0.090218 
4.184835 3.377894 2.316470 1.445099 0.980284 0.754542 0.567817 0.374539 0.207214 0.136597 0.170488 0.046659 
2.758531 0.128533 0.511232 1.223299 0.853746 1.835016 -0.303258 0.532283 0.298080 0.656477 -0.048086 -0.039289 
0.650767 0.870948 0.557648 0.581575 2.308183 1.475503 1.174653 1.489203 1.249163 -0.320095 -0.209084 -0.161213 
1.168976 0.440169 0.867628 1.465090 1.657241 2.115609 0.980113 1.280273 -0.010001 0.105880 -0.220769 -0.035674 
1.071793 0.980910 0.385085 0.848028 2.349274 0.883029 1.343394 1.604933 0.295333 0.340044 -0.200493 -0.084372 
1.003295 0.709778 0.806266 1.003638 1.153317 1.524630 1.117679 0.500855 0.878959 0.523270 -0.096381 -0.126408 
1.059239 0.695473 1.028110 1.342692 2.348654 1.068951 1.183778 0.839813 0.738729 -0.101185 -0.079182 -0.019249 
0.197165 0.841053 1.476837 2.103521 1.986033 1.238464 1.530731 0.514942 0.971719 -0.053563 -0.083895 -0.000030 
0.748175 1.351165 1.155436 1.706753 1.329146 2.192408 0.886189 0.847884 0.720721 -0.113398 0.149060 -0.035846 
1.226024 1.015228 0.612883 1.618717 0.721211 1.519104 0.908243 0.862297 0.592197 0.502150 -0.090972 -0.084952 
1.020902 1.010330 1.502755 1.611519 1.104097 0.619185 1.164409 1.216153 0.492616 0.208101 -0.147732 -0.001838 
1.755548 1.595462 1.443127 1.337936 0.154934 0.860931 0.754041 0.487416 0.869101 0.377136 -0.320316 0.037587 
2.809508 -0.550069 1.717377 0.765649 1.247126 1.158871 1.565655 0.663619 0.771600 0.098478 -0.067597 0.001903 
1.370570 0.178389 1.440924 0.823339 1.803084 1.364925 1.420723 1.000966 0.562849 0.227327 0.116775 -0.060142 
3.598409 -1.283732 2.542870 0.691905 1.541096 0.510553 1.268509 0.395590 0.627536 0.631709 0.030109 0.017628 
4.211595 1.887463 0.050152 0.401454 0.988138 0.859268 1.113336 1.305422 0.563211 -0.158117 0.107028 0.040568 
-1.#IND00 -1.#IND00 -1.#IND00 -1.#IND00 -1.#IND00 -1.#IND00 -1.#IND00 -1.#IND00 -1.#IND00 -1.#IND00 -1.#IND00 -1.#IND00 
-1.#IND00 -1.#IND00 -1.#IND00 -1.#IND00 -1.#IND00 -1.#IND00 -1.#IND00 -1.#IND00 -1.#IND00 -1.#IND00 -1.#IND00 -1.#IND00 
