3.592564 -0.156328 0.604660 -1.399135 0.989520 0.689489 0.495329 1.115312 0.143401 -0.107940 0.190519 0.011558 
3.690090 0.063769 0.841989 -0.815948 1.067195 0.945151 0.483151 1.334233 0.382468 -0.109520 0.192560 0.019290 
3.462625 -0.274131 0.663367 -0.776902 1.281231 1.324581 0.945631 1.279889 0.322667 0.046308 0.085788 -0.013565 
3.443646 0.037518 1.035216 -1.254327 0.804685 0.200563 0.424876 0.803098 0.077487 0.580982 0.041686 -0.068207 
3.450645 -0.480002 0.439653 -1.452746 0.869742 0.510604 -0.060332 0.163666 -0.037225 0.330858 0.113704 -0.048673 
3.401895 -0.255774 -0.037795 -0.707298 1.532309 1.069035 0.316025 0.683468 0.200687 0.406874 0.319634 0.003533 
3.452044 0.231999 0.691091 -0.762341 1.657335 1.239926 0.724195 0.629190 0.272028 0.120405 0.135280 0.020532 
3.623346 -0.234916 0.644630 -1.668911 0.703134 1.192086 0.165316 1.089444 -0.089696 -0.011420 0.398880 0.033343 
3.486465 -0.356132 0.261281 -1.559759 1.194018 0.294709 0.270572 0.947371 0.216217 0.378224 0.211103 0.016044 
3.344306 -0.104436 0.154210 -0.888590 1.589106 1.298053 -0.335147 0.736801 0.153539 0.598046 0.062604 -0.090596 
3.636316 -0.105558 0.592591 -0.782402 0.639909 0.788120 1.021156 0.755239 0.265454 0.132438 0.170735 0.022063 
3.615828 -0.518072 0.626883 -1.112598 1.458413 0.853027 0.399262 0.360017 0.370059 -0.057224 0.055575 0.061616 
3.423194 0.325386 0.391978 -1.448367 1.120278 1.230406 0.508525 1.404034 0.424731 0.469340 0.136344 -0.057581 
3.317163 -0.248979 0.090857 -1.696673 1.302200 0.820335 0.387852 0.513525 0.237826 0.164297 -0.167599 -0.066771 
3.548238 0.405033 0.588049 -1.141029 1.642621 0.988578 1.183411 1.055771 -0.191332 0.449772 0.248022 -0.013771 
3.322177 0.035218 0.291861 -0.126358 2.052658 1.222806 0.602469 0.475086 0.181442 0.321464 0.167540 -0.009965 
3.271215 0.385047 0.605515 -1.364385 1.814149 1.113289 0.344862 0.521901 0.283006 0.386032 0.156232 -0.006860 
3.507889 0.342672 0.458135 -1.140035 1.204714 1.408094 0.973738 0.820421 0.130267 0.450564 0.228360 -0.013867 
3.768145 0.360128 0.326211 -0.724766 1.383802 1.032420 0.889767 0.292923 0.521047 0.384662 0.072956 -0.014040 
3.576751 0.058800 0.631308 -0.433288 0.914745 1.036959 1.055896 0.515501 0.403066 0.607571 0.086232 -0.066304 
3.517404 -0.159817 0.446029 -0.652597 1.954996 1.121952 0.663921 0.401190 0.213402 0.528303 0.288416 0.011399 
1.855858 0.486450 0.887760 -0.018764 -0.406323 -1.034835 0.920577 0.591802 -0.037864 0.141958 -0.061001 -0.073758 
1.823043 -0.028790 0.251693 0.494025 -0.572227 -0.487142 -0.659698 0.138684 0.370667 -0.286857 0.295045 0.085374 
1.582384 0.479078 1.845312 0.537703 -0.186271 -0.243071 -0.292662 0.185203 -0.231487 0.377154 -0.031964 0.023551 
1.391418 1.033400 1.340340 0.896890 0.493566 0.082575 0.293577 -0.009564 -0.201849 0.293701 0.178866 0.017496 
1.685643 0.835247 1.140674 0.251266 -0.176457 0.005799 -0.055996 0.637956 0.285150 0.288939 -0.047173 0.000498 
1.027887 1.428716 2.196829 0.983105 -0.461358 0.585787 0.041629 0.948663 0.193273 0.004856 -0.194021 -0.024251 
0.875202 0.945568 1.909369 0.257778 0.603537 1.085524 1.057890 0.966799 0.408981 -0.078536 -0.095083 -0.123781 
1.689035 0.423711 1.333086 1.157463 0.797080 1.067191 0.378138 0.629693 0.765113 0.274147 0.023839 -0.013565 
4.008459 0.521636 0.886453 0.632360 1.099841 0.546785 1.218835 0.792224 0.578395 0.271671 0.059730 -0.008284 
3.890880 0.839581 1.154805 1.114803 0.732514 0.445600 0.249353 0.509807 0.584788 -0.071033 0.318406 0.103202 
5.831776 2.081693 0.451961 1.219578 0.963310 0.580150 0.596537 0.385694 0.222254 -0.107678 -0.200062 -0.078617 
5.549633 3.969765 2.280851 1.718658 1.688881 1.000310 0.450101 0.934511 0.842395 0.454478 0.092121 -0.005223 
1.023939 1.672370 -0.428065 -0.865859 0.997036 1.336205 1.128234 0.406302 1.302146 0.411317 0.010750 -0.155056 
1.016854 0.485528 0.328268 1.806255 1.875534 1.123164 1.481904 1.313846 0.581310 -0.143079 0.089773 -0.137554 
0.996618 1.096535 1.144144 1.560987 0.868899 1.691000 1.021746 0.553712 0.775323 0.255152 -0.029985 -0.109367 
0.306497 1.442586 0.934547 1.107752 2.426684 1.211977 1.272727 1.659990 0.327566 0.019831 -0.015200 -0.091128 
0.744987 0.831577 1.255466 1.103719 2.701095 1.157139 0.626480 1.291864 0.286347 0.002653 0.059050 -0.065545 
1.022659 0.027060 1.511567 1.471939 2.847486 0.243527 1.642654 0.262185 0.969317 0.371680 -0.005417 -0.059170 
1.905715 0.461027 0.063923 1.803757 2.166361 0.339705 1.468856 1.338668 0.704831 0.097282 0.203950 -0.052918 
1.380764 0.424889 1.561005 1.963015 2.414950 0.384985 1.634404 0.076727 0.747278 0.403393 0.032677 -0.024810 
0.852610 0.591485 1.234658 2.419572 1.059597 0.522904 1.641580 1.527393 0.682213 -0.036852 0.017580 -0.027293 
1.115717 0.516402 2.469790 1.349055 1.330764 1.720100 0.737255 0.834945 0.624643 0.084816 0.220139 -0.044888 
1.685574 0.524546 0.934936 0.698725 1.792080 1.108199 1.824379 0.488234 1.091934 -0.160392 0.006239 0.007313 
3.357267 -1.007709 2.408665 0.956800 1.804298 0.917018 1.778968 0.738637 0.394374 0.131325 -0.277759 0.056105 
4.340878 -1.508173 1.952160 0.836050 0.873478 1.117850 0.787840 1.240231 0.728644 0.233947 0.199831 0.019206 
5.305636 -0.589756 0.497814 1.577520 -0.055011 0.843227 0.578280 -0.353815 0.408293 0.445594 0.081388 0.035941 
5.033345 1.872467 -0.162091 0.535219 1.091235 0.753786 0.745974 0.802492 0.621056 0.144487 0.119260 0.027992 
-1.#IND00 -1.#IND00 -1.#IND00 -1.#IND00 -1.#IND00 -1.#IND00 -1.#IND00 -1.#IND00 -1.#IND00 -1.#IND00 -1.#IND00 -1.#IND00 
-1.#IND00 -1.#IND00 -1.#IND00 -1.#IND00 -1.#IND00 -1.#IND00 -1.#IND00 -1.#IND00 -1.#IND00 -1.#IND00 -1.#IND00 -1.#IND00 
