3.300960 0.501745 1.240114 -1.141582 1.327453 0.891377 1.000771 0.641635 0.046756 0.022239 0.241465 0.039280 
3.450699 -0.174081 0.368224 -0.741463 1.549641 0.613434 0.892128 0.868287 0.451403 0.047279 0.184660 0.026744 
3.579092 0.076925 0.421210 -0.976048 1.675561 1.253045 0.413626 0.846596 0.671329 0.328321 0.184123 -0.020356 
3.701348 -0.068747 1.119564 -1.347822 0.775626 0.847145 1.006189 0.914903 -0.116150 -0.028657 0.119596 -0.009536 
3.432404 0.093614 0.861054 -1.151959 1.741154 0.868679 -0.107400 1.089416 0.153053 0.221940 0.153810 -0.089485 
3.545614 -0.218689 -0.067662 -0.674716 1.188167 0.941105 0.183899 0.867259 0.392939 0.191862 0.228834 -0.007520 
3.421679 -0.042007 0.691363 -0.890830 1.846849 0.507820 0.231311 0.447681 0.546254 0.266429 0.253025 0.026887 
3.603774 0.061676 0.483234 -0.745633 1.253166 0.497045 0.717836 1.263496 -0.041650 0.036565 0.178168 -0.011934 
3.291230 0.026022 0.166411 -1.092770 1.168540 0.551636 0.831395 0.708993 0.655636 0.028696 0.096831 -0.001775 
3.074877 0.203288 0.960582 -0.845258 1.122022 1.092499 0.627671 0.869799 0.181743 -0.045598 0.415937 0.026179 
3.445138 0.298357 0.440377 -0.949776 1.673779 0.653685 0.438531 0.332477 -0.235091 0.788456 0.259395 -0.003590 
3.513865 0.104948 0.878670 -1.376791 1.238685 1.545252 0.713543 0.244053 0.006013 0.283857 0.249028 0.025023 
3.544628 0.314064 0.574125 -0.389636 1.843675 0.563020 1.130983 0.543537 0.281757 0.262495 -0.035323 -0.001609 
3.797670 0.046834 0.741819 -0.960224 1.641459 0.930384 0.080734 0.408233 0.277805 0.203772 0.069498 -0.021151 
3.500995 0.090990 0.440727 -1.497150 1.653742 1.066200 -0.078679 0.642885 -0.099652 0.327225 0.240358 -0.030614 
3.473071 -0.104026 0.364815 -0.821682 1.435496 0.329980 0.772480 1.141920 0.117895 -0.109087 0.139256 0.061123 
3.804965 0.057113 0.579118 0.123229 1.744788 1.040748 1.055220 1.016985 0.035885 0.341263 0.213794 0.007369 
3.265920 -0.323826 0.572064 -1.417868 1.243938 1.101336 -0.179124 0.111335 -0.073427 0.333467 0.294864 0.011129 
3.494466 -0.039460 0.815365 -1.274025 1.639307 0.612988 0.487907 0.925255 0.101182 0.391233 0.325786 -0.018433 
3.404561 -0.075009 0.394184 -0.667384 1.679547 1.402717 0.409743 0.723530 0.339977 0.073950 0.256096 0.016868 
1.044132 0.371546 -0.171315 -1.108432 -1.066517 -0.813369 -0.192067 -0.056685 0.102296 -0.188691 -0.239366 -0.113503 
1.733357 0.048339 0.088511 0.026892 0.138824 -0.743103 -0.114531 -0.029054 0.349807 0.185021 -0.058729 0.015988 
1.332289 -0.126716 0.134792 -0.193356 -0.565855 -1.403705 -0.210390 -0.337944 -0.570032 0.028124 -0.097536 -0.073078 
1.498865 0.822416 0.197500 0.286352 -0.194354 -0.107086 0.372845 0.466899 0.203421 0.741283 0.151334 0.029624 
1.742674 1.515077 0.603904 -0.048643 -0.251907 -0.417050 0.042813 0.228193 0.276570 -0.009094 0.098332 -0.019203 
1.221644 1.654596 1.248404 0.429121 1.181966 -0.112456 0.353894 0.312737 0.329372 0.200835 -0.115470 -0.048624 
1.355488 1.164145 2.120514 0.832248 -0.025828 0.173789 0.799840 0.315139 0.554050 -0.072614 -0.020463 -0.053372 
1.086525 1.792632 0.461043 1.533554 0.667057 1.384914 0.836642 0.470947 0.282556 0.340280 -0.253278 -0.028709 
1.956034 0.393284 0.882355 1.456509 0.925898 0.792327 1.501173 0.250388 0.227073 0.360561 0.069687 -0.028124 
3.229690 0.396663 1.334495 0.786436 0.863941 1.420990 1.665195 0.217054 0.806937 0.266986 0.021835 0.005444 
4.666179 1.741421 0.993323 0.610550 0.494285 0.846838 0.761286 0.243262 0.058852 0.352564 0.071875 -0.018197 
3.951239 2.697574 1.366767 0.812271 1.209970 1.577533 1.066260 0.292815 0.170313 0.157387 -0.125660 -0.019931 
1.323277 2.112253 0.790379 0.281539 0.752886 0.686446 0.503426 0.397551 0.368639 0.237162 0.057888 -0.021675 
0.792497 0.511306 0.720349 0.580238 1.517659 1.933115 1.633624 0.820053 0.540487 0.273956 -0.242234 -0.189001 
0.564149 0.717075 0.651299 1.928637 2.171920 0.746826 1.963176 1.241412 0.397035 -0.243378 -0.006466 -0.100573 
0.660751 0.360994 1.191928 1.713306 1.195610 2.435048 1.021100 1.197378 0.661019 -0.087743 -0.043119 -0.050799 
0.536018 1.154922 1.160170 1.357258 1.898610 1.251773 0.995724 1.216726 0.616696 0.210820 0.054730 -0.104403 
0.753976 1.257608 1.652122 1.449361 0.996133 1.640993 1.352641 0.044045 0.913947 0.200020 0.096936 -0.074341 
0.375972 1.212371 0.850486 1.408731 2.102478 1.556585 1.883433 1.144036 0.320737 0.462517 -0.329721 0.005366 
1.080897 0.709613 0.960256 0.765222 2.461011 1.419734 1.307449 1.032926 0.579272 0.337091 0.101643 -0.092600 
0.945101 0.550280 1.500303 0.282427 2.490516 1.646278 1.399468 1.129636 0.522349 0.253553 0.068061 -0.054366 
1.394699 1.317680 0.725056 1.752349 1.688610 1.846061 1.271155 0.222003 0.870168 0.325725 -0.131488 0.012394 
1.620611 0.245249 1.408948 1.604707 1.120094 1.385440 1.116426 0.839576 0.963001 0.353436 0.227491 -0.105867 
1.238375 0.621198 2.063830 0.519853 1.738133 0.851745 1.382305 0.414085 0.815194 0.832458 0.184100 -0.132133 
1.228988 0.508242 1.349900 0.893486 1.495880 1.785881 1.571353 1.007718 0.253368 0.734858 0.086887 -0.122144 
1.116032 0.578071 1.627654 1.593536 1.424010 1.295527 0.644197 0.816078 0.566049 0.490769 0.025600 -0.068523 
2.150521 0.062522 1.630501 0.624164 1.777728 0.942003 1.523553 1.062656 0.648012 0.260842 0.079113 -0.026684 
5.912169 0.522000 -0.567209 1.409349 1.086272 0.294132 0.715761 0.730193 0.505119 -0.091985 0.126361 0.140847 
-1.#IND00 -1.#IND00 -1.#IND00 -1.#IND00 -1.#IND00 -1.#IND00 -1.#IND00 -1.#IND00 -1.#IND00 -1.#IND00 -1.#IND00 -1.#IND00 
-1.#IND00 -1.#IND00 -1.#IND00 -1.#IND00 -1.#IND00 -1.#IND00 -1.#IND00 -1.#IND00 -1.#IND00 -1.#IND00 -1.#IND00 -1.#IND00 
