3.643756 0.269280 0.759381 -0.594341 2.426079 0.966940 0.585131 0.750510 0.432086 0.356237 0.057594 -0.056930 
3.577126 0.517910 0.310674 -0.725759 1.138817 1.380038 0.439378 0.260997 0.113353 -0.048927 0.129764 0.026033 
3.277968 0.621226 0.284077 0.232374 1.025420 0.875576 0.452248 0.472827 0.294447 0.053385 0.314605 0.009869 
3.585207 -0.016727 0.646787 -0.462535 2.080237 1.236242 0.849216 1.307082 0.260109 0.278424 0.043539 -0.072856 
3.574776 0.297448 1.232436 -0.776939 0.740126 0.506548 0.321718 0.556818 0.632159 0.387112 0.092386 -0.035221 
3.533635 0.215579 0.962856 -1.012796 1.450498 0.521418 0.235309 0.843623 0.343252 0.390524 0.128265 -0.015110 
3.596775 0.341551 0.785573 -0.952907 2.034222 0.308856 0.125280 0.658780 0.186799 -0.055262 -0.036293 -0.045354 
3.953744 0.728553 1.244809 -0.640919 1.445276 1.417547 0.721543 0.509880 0.941276 0.211465 0.180234 0.050561 
3.556959 0.548151 1.256902 -0.260006 1.156567 0.714107 0.600266 1.229596 0.247371 0.108277 0.070885 -0.036064 
3.442622 0.856878 0.900269 -0.912546 1.252249 1.303157 0.615959 0.404438 0.267182 0.361882 -0.022178 -0.042721 
3.628223 -0.141797 0.670339 -1.361273 1.129484 0.799371 0.438901 0.894671 0.084739 -0.249983 0.117491 -0.047654 
3.630134 0.434737 0.760545 -0.461662 1.389728 1.185654 0.970217 0.977056 0.292419 0.094644 0.112190 -0.016854 
3.546946 0.366455 0.843860 -1.422451 1.195208 0.595664 0.956358 0.409682 -0.075695 0.180035 -0.075236 -0.033310 
3.431931 0.112331 0.420248 -0.857299 1.248831 0.334073 0.464278 0.627774 0.442387 0.014869 -0.143155 0.003502 
3.498993 0.027992 0.163900 -1.205837 1.041493 0.808231 0.273935 0.794935 -0.121323 -0.221540 -0.045023 -0.105977 
3.695981 0.754990 0.248919 -0.283835 1.324276 0.037962 0.748760 0.411691 0.415718 -0.023326 -0.035104 -0.014483 
3.465601 0.064928 0.838602 -0.691844 1.688944 0.722904 0.655074 0.183853 0.466082 0.456884 0.180525 -0.001410 
3.493251 0.149730 0.767456 -0.903343 1.397326 0.854460 0.211942 0.870502 -0.051136 0.383399 0.153714 -0.082312 
3.458849 0.487503 0.212416 -0.917805 1.053411 0.277801 0.014165 0.713588 0.288630 0.666321 -0.017233 -0.052757 
3.721660 0.229412 0.954979 -0.532992 1.001417 1.055498 0.858828 0.956398 0.445059 0.509389 0.201510 -0.015904 
3.828449 0.372228 0.593559 -0.412204 1.456928 1.575479 0.848489 0.608936 0.333019 0.164092 0.182158 0.029723 
3.070531 0.607805 0.584683 -0.114901 2.667401 1.834471 0.399722 0.199360 -0.816643 -0.034762 -0.035082 0.006207 
1.732824 -0.080191 0.767718 -0.571669 -0.275616 -0.158500 1.001086 -0.156138 0.844571 -0.052817 0.016683 -0.009276 
1.963564 0.362936 0.115235 -0.534729 -0.066494 -0.051667 0.488484 0.624582 0.503721 -0.022089 0.017728 0.039054 
1.689104 1.015658 0.771133 0.538818 0.250296 0.176308 0.515947 0.145810 0.091354 -0.026658 0.063919 0.010607 
1.595688 2.156044 0.186853 0.199557 -0.049473 -0.303870 -0.302884 -0.052258 0.999754 0.233086 0.089114 -0.021822 
1.084438 2.310796 1.133555 0.522043 0.310572 0.403477 0.434297 0.021285 0.089646 0.292152 -0.145269 -0.042987 
1.030520 1.834471 0.149255 0.596781 0.847714 0.834959 0.541858 0.662131 0.099017 0.046582 -0.155140 -0.142736 
0.701765 1.210542 1.292048 1.495866 0.650583 0.860436 1.247137 1.136895 0.462507 0.095740 -0.235872 -0.069218 
2.863543 0.164444 1.283385 0.544995 0.932617 0.386098 1.157391 0.872189 0.185060 0.321582 0.165843 -0.009607 
4.225282 0.590174 0.996055 0.587409 0.631655 0.630699 1.152851 0.625202 0.479857 0.531847 0.181218 -0.000339 
5.709521 0.369216 1.929386 0.066541 1.491320 0.392883 0.452147 0.390707 0.267128 0.408825 0.146708 0.034788 
6.635108 2.617312 0.704096 1.188148 1.058808 0.794767 0.823579 0.954416 0.559075 0.218860 0.079479 0.029406 
1.747480 -0.019674 -0.023340 1.369875 -0.216925 0.886398 -0.261333 1.303236 1.446312 -0.278578 -0.238975 -0.106110 
0.541411 1.016628 0.221738 0.713628 2.197802 2.365563 0.859195 1.125074 0.780268 0.103055 -0.377492 -0.109751 
0.819278 0.822618 1.662671 1.253113 2.243083 0.717374 0.802291 1.386260 0.433823 -0.087323 0.033404 -0.073247 
1.023877 0.769245 1.264175 1.930403 1.481315 1.076704 1.158048 0.682445 0.425481 -0.082723 0.095674 -0.035640 
0.939985 1.170661 1.007554 0.954584 1.641097 1.489054 1.353512 0.705452 0.358041 0.463959 0.233113 -0.143925 
0.779137 0.850298 1.904407 1.654402 1.050487 1.420796 0.524333 0.997236 0.555719 1.110406 -0.158917 -0.127910 
1.213272 0.781680 0.041759 2.014672 1.668081 1.986489 0.925649 0.698275 0.974840 0.484758 -0.061494 -0.095107 
2.042129 0.224412 2.002954 -0.015112 1.947992 0.700756 1.503868 0.692496 0.721702 0.160764 -0.283583 0.043077 
1.954830 0.646149 0.798592 1.195840 2.099440 1.629819 0.899106 0.388115 0.837433 0.117811 -0.083316 0.003933 
1.887935 -0.112832 1.263666 1.485880 1.129118 2.572039 1.624456 0.588123 0.219103 0.190010 0.173686 -0.027471 
2.534496 -0.499157 2.400437 0.832761 1.593312 0.854543 1.094264 -0.139333 0.724125 0.378602 0.474215 0.016643 
3.209805 -1.152169 2.099685 0.401781 1.212363 0.691674 1.138166 1.020400 0.760280 0.534490 -0.073824 -0.080980 
4.045960 0.139541 -0.104422 1.738881 1.344538 1.119648 1.399657 0.896605 0.713007 0.525309 -0.003577 -0.066663 
4.860670 0.844176 -0.260601 1.436792 1.180211 0.486487 0.966551 0.816475 0.242571 0.308942 0.389728 0.107740 
5.212120 2.475506 -0.043138 -0.015268 0.975594 0.907300 0.258055 0.369180 0.625066 0.270445 0.164796 0.024261 
-1.#IND00 -1.#IND00 -1.#IND00 -1.#IND00 -1.#IND00 -1.#IND00 -1.#IND00 -1.#IND00 -1.#IND00 -1.#IND00 -1.#IND00 -1.#IND00 
-1.#IND00 -1.#IND00 -1.#IND00 -1.#IND00 -1.#IND00 -1.#IND00 -1.#IND00 -1.#IND00 -1.#IND00 -1.#IND00 -1.#IND00 -1.#IND00 
