3.592898 -0.258552 0.951993 0.032009 1.141021 0.816033 1.865179 1.316275 -0.113952 0.173825 0.295947 -0.053883 
3.719421 0.200482 0.904457 -0.312193 1.680699 0.364302 1.827782 1.672146 -0.171438 0.339439 0.300164 -0.042908 
3.784962 -0.096738 1.092712 -0.387854 1.145836 0.913823 0.895751 1.326032 0.032137 0.093223 0.317653 -0.037685 
3.754202 0.579306 1.544520 -0.163087 1.013935 0.497325 1.878219 1.284792 0.308016 0.054288 0.234386 0.027482 
3.947770 0.137961 1.293759 -0.636545 0.994002 1.147228 0.081426 0.855702 0.569033 0.148883 0.106054 -0.072951 
3.697624 0.504829 0.626849 -0.479666 1.433729 0.539911 0.990876 1.066808 0.401987 0.498959 0.429645 -0.006404 
0.991501 0.382661 0.806930 -0.087232 -1.087831 0.816537 0.183941 -0.511458 0.427495 -0.017818 0.016555 0.008214 
1.695918 0.472391 1.380764 0.022892 -0.511726 -0.484574 -0.940171 -0.575926 0.431461 -0.076867 0.157654 0.054874 
0.922174 0.543158 0.724907 -0.452015 -1.622891 -0.528513 -0.733127 -0.642924 -0.766299 0.107904 0.228911 -0.047102 
1.908042 0.818587 0.981896 -0.279399 1.024433 -0.362643 0.558451 0.653726 0.990475 0.055098 0.281589 0.020178 
1.901372 1.375001 0.617351 0.151124 -0.108031 0.263087 -0.137493 0.677670 0.212193 0.114096 0.043378 -0.004024 
1.275029 1.412340 1.232614 0.947881 0.771719 0.512067 0.860957 0.238882 0.136730 0.158159 0.199086 -0.089187 
0.795409 1.063674 1.677681 1.580813 1.124963 0.965998 0.456656 -0.072320 0.385084 0.190724 -0.207954 -0.094620 
0.758434 1.218900 1.833893 1.018542 1.223538 1.167401 0.774889 0.911598 0.498723 -0.178584 -0.133952 -0.010416 
2.776621 0.718873 1.093244 0.444036 0.766163 0.501572 0.557311 1.210150 -0.414009 0.451608 0.100092 -0.025112 
3.521673 1.058431 0.610364 1.109533 1.406119 0.605112 -0.081261 0.985120 1.178889 0.228072 -0.062198 -0.029422 
5.297326 0.386971 0.943535 1.656786 0.588352 0.554248 0.414716 -0.041877 0.133916 0.046843 0.314096 0.143064 
4.804058 2.699332 0.781739 0.681732 1.198553 1.000248 0.561211 0.407816 0.253355 0.149369 0.159856 0.050673 
5.122420 3.121134 2.970167 2.778017 1.240246 0.304870 1.041200 1.285433 0.132467 -0.315230 0.362801 0.157622 
2.447873 -0.184875 -0.737196 0.570302 2.290465 0.590334 1.438921 -0.022175 0.285514 0.380984 -0.200309 -0.076063 
0.861861 0.985557 0.741135 0.730255 2.106268 1.810413 0.995469 0.884463 0.613590 0.202727 -0.282540 -0.028900 
0.473432 1.132186 0.631414 2.716979 0.930882 2.006166 1.510324 0.862117 0.552704 -0.047880 -0.123399 -0.011188 
0.801765 1.172788 1.240529 1.471643 1.656389 1.437839 0.749494 0.232481 0.880734 0.324014 0.061939 -0.092076 
0.885077 1.415821 1.728646 0.909453 0.917917 0.991026 0.199579 0.615002 0.897488 0.590420 -0.000923 -0.074957 
0.587884 1.207386 1.183565 1.671227 2.399249 0.445291 1.179808 0.612474 1.088216 0.452531 -0.070021 -0.082153 
0.637371 0.722517 1.868364 2.688135 0.559412 1.530673 0.738263 1.086051 0.664728 0.447923 -0.024738 -0.078908 
0.931261 1.382494 1.132848 1.174069 1.430405 1.018029 1.226763 0.946454 1.059512 0.259228 -0.025389 -0.069288 
0.790362 0.860038 0.767917 1.683158 1.462278 1.858106 1.064835 1.261080 0.436487 0.321651 -0.117528 -0.024789 
0.620776 0.648621 1.015742 2.351837 1.398529 2.132282 0.355191 0.918572 0.550446 0.542787 -0.111665 -0.054981 
0.609060 1.248828 1.291480 1.348458 1.255505 1.673056 1.494396 1.016565 0.320435 0.078453 -0.178920 0.054404 
0.865154 1.070370 1.351590 1.246763 1.156356 1.735173 1.529079 0.898990 0.057445 0.535855 0.076344 -0.060672 
0.767153 0.933053 1.520763 1.017134 1.627793 1.572579 1.391480 1.030069 0.544402 -0.077028 0.062164 -0.021011 
1.215297 1.408360 0.854490 1.787384 1.039564 0.594299 1.217764 0.256010 0.040798 0.679335 0.195137 -0.029319 
4.858186 -2.011371 2.918918 -0.211348 1.781472 0.706854 1.095612 0.643465 -0.165222 0.666225 0.105630 0.052407 
6.723847 -1.545967 -0.675135 2.666291 0.363214 0.930954 1.575193 0.821395 0.187962 0.418609 0.256342 0.006605 
5.248522 3.407395 1.501507 -0.074069 -0.028920 0.996603 1.019141 0.701598 0.264200 -0.006371 0.191679 0.079559 
5.306169 2.953715 3.791126 3.802995 2.057677 0.937509 0.988442 1.335753 0.333531 0.068584 0.077087 0.027847 
5.399171 2.732900 2.750816 3.205844 2.670145 1.193417 0.798326 0.357727 -0.231805 -0.339634 0.152610 0.076518 
4.272598 3.438481 3.878359 3.117270 3.241064 2.270507 1.129193 0.655943 0.998319 0.244387 0.112551 0.035261 
4.153595 2.735175 2.759393 2.184909 3.310104 2.954156 1.634051 1.402891 0.938415 0.179307 0.086249 0.054874 
4.198221 2.288671 2.038422 1.421190 2.892856 1.884295 0.822738 1.506405 0.877649 0.494639 0.103376 0.014310 
4.485608 2.275759 2.861893 1.819054 1.881568 1.612962 1.429217 1.537120 0.362295 0.333720 0.169826 0.031508 
3.681102 0.762143 1.337067 -0.072937 1.482929 1.978284 1.465130 1.476326 0.772271 0.172719 0.346243 0.045437 
3.524503 0.651355 0.915785 0.130957 1.839612 1.299759 1.194969 0.845434 0.638468 0.047166 0.129301 0.027382 
3.713880 -0.056789 0.375707 -0.678811 1.573124 0.619674 0.799642 0.213621 0.381753 0.280728 0.105086 0.003762 
3.584318 0.584227 0.984591 -0.223553 1.557035 1.223617 -0.012830 0.367466 -0.030733 0.445471 0.137144 -0.061836 
3.714610 0.628871 0.755975 -0.315279 2.199997 0.771102 1.290876 0.907147 0.405930 0.246603 -0.012622 -0.007908 
3.456844 0.457819 0.854333 -0.505664 1.571804 1.339979 0.562095 0.859705 0.411724 0.342719 0.164471 -0.091170 
-1.#IND00 -1.#IND00 -1.#IND00 -1.#IND00 -1.#IND00 -1.#IND00 -1.#IND00 -1.#IND00 -1.#IND00 -1.#IND00 -1.#IND00 -1.#IND00 
-1.#IND00 -1.#IND00 -1.#IND00 -1.#IND00 -1.#IND00 -1.#IND00 -1.#IND00 -1.#IND00 -1.#IND00 -1.#IND00 -1.#IND00 -1.#IND00 
