3.470736 -0.080866 1.283860 -0.928457 1.031515 -0.222630 0.146270 0.880876 0.291366 0.465698 0.069093 -0.016142 
3.372434 0.150511 1.169834 -1.044137 1.432636 0.862016 1.000295 0.956873 0.837306 0.502756 0.087482 -0.023255 
3.441446 0.337490 0.416657 -0.814523 1.559006 1.331557 0.649512 0.429805 0.609792 0.124186 0.220348 0.048393 
3.281389 -0.197278 0.435303 -0.224079 1.717351 0.677841 0.118361 1.155817 0.332910 0.195748 0.139438 -0.014929 
3.297701 -0.180620 0.558483 -1.397484 1.955762 0.505388 -0.338488 1.000088 0.642109 0.304299 0.193101 -0.021285 
3.445227 0.557725 1.276912 -0.686802 0.886924 0.700870 0.729134 0.709745 0.293444 0.491312 0.234760 0.012331 
3.452873 0.244900 0.849591 -0.141486 1.218422 1.651460 1.303638 1.793782 0.491534 0.259389 0.159756 -0.040596 
3.615506 0.565782 0.697468 -1.106977 1.136945 0.472685 1.328255 1.165692 0.084229 0.274348 0.265079 0.053308 
3.437658 -0.184103 0.301910 -0.991775 1.008828 0.425626 0.082098 0.835462 0.118025 0.084971 0.085158 0.022360 
1.329668 -0.450357 0.686847 -0.197291 0.349008 -0.426841 0.293461 -1.047217 0.180257 -0.153581 0.075458 -0.050237 
1.314178 -0.128049 1.296043 0.669049 -0.567824 -0.699138 -0.113737 -0.294857 -0.730160 0.339984 -0.077670 -0.110489 
1.349841 0.900772 1.919087 0.914823 0.035344 0.113691 0.826692 -0.172782 -0.465282 0.313654 0.266395 -0.069474 
1.931293 0.876152 0.805918 0.404330 0.579167 -0.334093 0.278448 0.332230 0.201179 0.138825 0.063360 0.026076 
1.908019 0.962484 0.856453 0.728042 0.926508 0.412613 -0.188479 0.247132 0.338005 -0.119465 0.023950 -0.026115 
1.274670 1.168105 1.801586 0.503463 0.307248 1.413702 0.415300 0.512652 0.633449 -0.096444 -0.001836 -0.082810 
0.825869 1.417926 1.673587 0.805727 1.681407 0.238747 0.286411 0.517227 0.560505 0.304465 -0.142772 -0.109315 
1.381770 0.806431 1.358987 1.025389 1.031728 0.546273 1.273135 -0.402358 0.655778 0.183125 0.083668 0.008659 
2.563132 0.874034 1.281113 0.724133 -0.006981 0.562537 1.381299 0.918928 0.004777 -0.309674 0.489142 0.037748 
4.094756 -0.241145 2.033037 -0.234780 1.591696 0.982271 1.606989 0.788377 -0.170850 0.084920 0.114241 0.038175 
5.212883 2.219989 0.026287 0.414371 1.132837 1.029703 0.928410 0.754971 0.668836 0.571559 0.101075 -0.027491 
4.158361 3.721029 2.849186 1.813495 1.152062 0.604524 0.444062 0.349422 0.242172 0.108118 0.072347 0.023097 
1.307631 0.523783 0.017713 0.419936 0.683892 0.418685 2.340069 0.998541 0.620858 0.787191 -0.140078 -0.131639 
1.023071 0.737307 0.754435 1.000393 1.727697 1.219149 1.996686 1.032984 0.272473 -0.059774 -0.052239 -0.099425 
0.906967 1.090913 0.758719 0.968064 1.117466 2.051295 1.336028 0.575427 0.669872 0.057272 -0.125037 -0.110991 
0.752173 0.883793 0.766339 1.219969 1.479624 1.744821 2.337810 0.766971 0.313898 -0.076737 -0.134663 -0.050437 
0.898791 0.666475 0.803374 1.570857 1.664370 1.072315 1.294874 0.665274 1.091784 0.201319 -0.168760 -0.107786 
0.864854 0.982939 1.127910 0.967927 1.684150 2.444920 0.496701 1.013138 0.632690 -0.002187 0.025383 -0.048049 
0.592475 0.970603 1.412878 1.704537 1.598373 2.587261 0.522516 0.921616 0.943629 0.282653 -0.071359 -0.032057 
1.085840 0.857595 1.170697 1.819173 1.093126 0.550270 1.390517 1.423633 0.951431 0.482918 -0.086800 -0.080047 
0.915867 1.056912 0.845691 1.032557 1.398647 1.096541 1.701723 1.435019 0.316298 0.016290 0.274743 -0.099395 
0.931445 0.959311 1.979471 1.074164 1.126965 1.140321 1.665181 1.229270 0.900518 -0.425335 0.139553 -0.001560 
0.614344 0.645661 1.380165 1.249888 2.515738 2.112887 1.192418 0.140358 0.685909 0.324474 0.057646 -0.030739 
0.876634 1.470547 1.292140 1.416790 0.880484 1.224273 1.212865 0.756175 0.492480 0.387176 -0.029641 -0.028230 
1.198799 1.220487 1.684225 0.646035 0.842460 0.977566 1.123139 0.835425 0.698495 -0.092437 0.045505 -0.007904 
2.255959 0.367430 0.053409 1.531915 1.116400 1.271911 0.728466 0.815815 0.525259 0.504175 0.355873 -0.033471 
3.382506 -0.227287 0.938505 0.674972 1.221466 1.196781 1.129678 0.600499 0.318580 0.450460 0.202647 0.008360 
3.608546 -0.292307 2.092057 0.374684 0.968349 0.246322 0.648750 0.672402 0.402462 0.310418 0.372820 0.063724 
4.939276 -0.218857 1.236156 0.637872 1.585437 0.338863 0.929860 0.706643 0.193277 0.059932 0.041834 0.037253 
4.645377 -0.015660 1.343286 0.836371 0.302481 0.328013 0.552161 0.379773 0.058496 0.268366 0.331830 0.041588 
4.516037 1.303387 0.889362 0.982907 1.031817 0.867020 0.258504 0.277313 0.241607 0.159410 0.327902 0.090094 
3.527647 2.046684 1.942891 1.354524 -0.288734 -0.480223 0.330788 0.367110 0.523003 -0.199784 0.208684 0.074385 
6.307513 0.756149 0.939541 1.595661 2.033018 0.051611 -0.714142 -0.423767 -0.567666 0.396744 0.420382 0.049396 
5.648749 1.086587 1.641558 -0.331179 0.771670 -0.310494 -0.191886 -0.907139 0.556967 0.540912 0.045013 0.083642 
4.045643 2.507334 1.168625 0.097860 0.066514 0.026656 0.207391 -0.098511 -0.432889 -0.125497 0.155531 0.049742 
3.654845 2.490224 1.573654 0.733241 -0.070209 0.025974 0.430093 0.547163 0.184264 0.251913 0.362761 0.066704 
5.036801 1.440316 2.938629 2.212886 -0.824119 -1.469926 0.194979 0.958340 -0.225515 -0.221760 0.273890 0.090142 
4.549676 2.192068 0.970111 1.156628 1.398357 0.352689 0.542099 0.300071 -0.841298 -0.195029 0.293680 0.115267 
3.228217 0.811515 0.571957 1.140986 1.432700 0.141296 0.686601 0.749430 -0.594925 -0.820417 0.017406 0.043540 
-1.#IND00 -1.#IND00 -1.#IND00 -1.#IND00 -1.#IND00 -1.#IND00 -1.#IND00 -1.#IND00 -1.#IND00 -1.#IND00 -1.#IND00 -1.#IND00 
-1.#IND00 -1.#IND00 -1.#IND00 -1.#IND00 -1.#IND00 -1.#IND00 -1.#IND00 -1.#IND00 -1.#IND00 -1.#IND00 -1.#IND00 -1.#IND00 
