0.192766 -0.192211 0.247309 -0.372799 0.181823 0.038748 0.205767 -0.364654 0.386250 0.085395 0.261082 0.023221 
-0.165953 0.253015 0.225619 0.102003 0.213052 0.322414 0.256104 0.251394 -0.236901 0.063583 -0.088897 0.107564 
0.014311 0.091665 -0.013357 -0.464116 0.146648 -0.036285 -0.299638 0.043165 -0.048380 0.274304 -0.164845 0.009985 
0.085426 -0.155135 -0.170334 0.436645 0.267777 0.173655 0.364819 0.161355 0.233216 -0.210293 0.329852 -0.037426 
3.423550 0.256242 0.517225 -1.376562 1.301049 0.678977 -0.253331 1.003359 0.377889 0.157577 0.322402 -0.011672 
3.440626 0.071172 0.522052 -0.547879 1.511666 0.652751 0.743213 1.256517 0.346779 0.177031 -0.048512 -0.045519 
3.333849 0.187854 0.830114 -0.902439 0.959327 1.509331 0.989215 0.651195 0.488980 -0.006366 -0.039656 -0.004059 
2.789255 0.429386 0.839724 -0.696670 0.910972 0.366680 0.781218 0.339913 0.565870 0.254056 0.190528 -0.003435 
3.319899 0.171507 1.288564 -1.191872 0.578937 0.516844 0.359661 0.569618 0.294909 0.276703 0.249554 -0.016622 
3.372759 0.204627 0.638015 -0.205316 1.200012 0.508974 1.201858 0.709169 0.341535 0.174354 0.099240 0.036857 
3.487465 0.355693 0.969277 0.093445 1.372999 1.409514 0.840834 0.992947 0.211401 0.212974 0.172891 0.020406 
3.315922 0.443962 0.387206 -0.372304 1.178750 1.301820 0.672170 0.596760 -0.162654 0.615237 0.351010 0.014190 
3.415864 -0.117338 0.052457 -0.832719 1.378480 0.305153 -0.051050 0.951677 -0.004276 0.373152 0.185037 -0.017324 
3.670833 0.277190 1.019715 -0.694636 0.495990 1.285760 0.722978 1.105427 0.316198 0.427104 0.259712 -0.012238 
3.203823 0.104098 0.417171 -0.619387 0.985317 0.701261 0.202230 0.490878 0.082498 0.397751 0.163393 -0.001991 
3.315821 0.411451 0.976664 -0.470519 1.677083 1.264389 1.013360 1.305732 0.685903 0.169609 0.222812 -0.017315 
3.172210 0.137428 1.016715 -0.411060 2.223545 1.020768 0.445548 0.979888 0.054855 0.493700 0.079486 -0.028847 
3.114041 -0.245337 1.767732 -0.569646 2.370786 0.566035 1.402734 0.555466 0.214367 0.412138 0.176056 0.036859 
3.885656 -0.446398 0.407284 -0.873373 0.748498 0.740780 0.717016 0.172635 0.063193 0.568282 0.085066 -0.039128 
3.113324 0.525427 0.980126 0.059473 1.203802 0.811467 0.637903 0.552932 0.475565 0.053269 0.203322 0.036861 
3.052184 0.285709 0.875751 -0.557547 1.544446 1.249127 0.748741 0.733657 0.226905 0.445578 0.118035 -0.031536 
1.100657 0.144312 1.343928 0.855801 0.682592 -0.293913 0.444117 -0.368683 -0.249944 -0.301374 0.044000 -0.041664 
1.236415 0.497336 1.200775 0.388990 -0.099183 -1.262178 -0.502533 0.220638 -0.127934 0.510368 0.280112 0.015769 
1.303407 0.919827 1.405390 1.853507 0.738626 1.098833 -0.163808 -0.226772 0.643561 -0.268058 -0.032899 0.001920 
1.489865 1.928002 1.013044 0.366711 0.744139 -0.461683 -0.248573 0.197744 0.240374 0.046251 0.121058 0.001388 
1.917563 1.516877 1.184728 0.421297 0.001984 0.501923 -0.595471 -0.201422 0.083807 0.306529 0.112217 -0.036047 
1.408764 1.666124 1.031067 1.064441 0.917603 0.300638 -0.354006 -0.191732 0.294938 0.373997 -0.104300 -0.042300 
1.027342 1.414539 0.492729 0.847047 1.535685 -0.165849 1.163760 0.646274 -0.132871 -0.075421 0.239619 -0.148453 
1.302988 1.355221 0.537872 0.491981 1.436911 0.935323 1.020553 0.326242 0.307274 0.314187 0.107351 -0.125305 
1.981486 0.554646 0.874685 0.631190 1.257762 1.613254 0.722321 0.373267 0.778748 0.170200 0.291911 -0.027451 
3.776231 0.789419 0.981356 0.952358 1.080301 0.891636 -0.101147 0.189248 0.377759 -0.109364 0.243578 0.076809 
5.514206 -0.632042 1.338423 0.566899 1.158006 0.963084 0.558379 0.300637 0.093464 0.015849 0.278699 0.149843 
6.339426 3.266366 -0.066716 -0.406249 0.835510 1.104373 0.622028 0.450375 0.511017 0.147889 0.093724 0.011811 
1.279187 0.044084 1.352594 0.913526 0.380740 1.831714 1.862789 1.207366 0.884734 0.482442 -0.011884 -0.204802 
0.953230 1.219731 0.720783 0.948823 1.314844 1.829616 0.742068 0.690637 0.356290 0.360566 -0.002866 -0.099968 
0.636619 0.986417 0.766140 1.277867 2.540278 1.380439 1.661898 0.237439 0.656384 0.010951 -0.134430 -0.032099 
0.602954 0.696924 0.916868 2.483603 2.235340 1.175497 1.208444 0.743734 0.902093 -0.085511 0.134270 -0.087225 
0.767327 0.738679 1.381040 1.524367 1.764084 1.636332 0.960738 0.753133 1.223293 -0.067843 0.006591 -0.042770 
1.285536 0.665366 1.155501 1.097567 1.869041 0.711157 1.931869 1.026109 0.057953 0.222408 0.105035 -0.024111 
0.677653 1.202571 1.085207 1.434337 1.303592 1.987722 1.205836 0.501188 0.630161 0.109819 0.206608 -0.082861 
0.471869 0.926826 1.389825 1.644745 1.949521 1.610110 0.831718 1.508179 0.190750 0.488251 -0.007857 -0.040602 
0.801722 1.203137 1.724034 0.605470 1.665502 1.021813 1.798692 0.418965 0.762937 0.104832 0.144290 -0.057518 
1.485761 0.132263 0.975303 1.841219 1.182149 1.836430 1.617653 0.676873 0.716601 -0.043628 0.173815 -0.041272 
4.754638 -0.873623 1.050165 0.983626 1.636166 0.630071 0.573223 1.212782 0.693903 0.054889 0.078605 0.040079 
2.942452 -1.228406 2.101717 1.029380 1.620802 1.496966 1.594914 0.737386 0.617873 -0.152870 0.115141 0.079268 
4.024469 -1.900265 2.909824 0.259398 1.910202 0.549008 1.251315 1.053721 0.197507 0.667857 0.106323 -0.018972 
6.443266 -2.017551 1.365691 1.818954 0.183086 1.646170 0.935584 0.113858 0.825213 0.403109 -0.258734 -0.045585 
7.241864 1.693239 0.140783 -0.031785 1.128460 1.714502 0.814233 0.174808 0.838455 0.697771 0.310952 0.045105 
-1.#IND00 -1.#IND00 -1.#IND00 -1.#IND00 -1.#IND00 -1.#IND00 -1.#IND00 -1.#IND00 -1.#IND00 -1.#IND00 -1.#IND00 -1.#IND00 
-1.#IND00 -1.#IND00 -1.#IND00 -1.#IND00 -1.#IND00 -1.#IND00 -1.#IND00 -1.#IND00 -1.#IND00 -1.#IND00 -1.#IND00 -1.#IND00 
