3.415511 0.817302 1.964849 -0.399845 1.455142 2.171746 0.854107 1.122789 0.473118 0.367144 0.130360 -0.009018 
3.526048 0.889593 1.844920 -0.438765 1.650341 0.927813 1.816125 0.988185 0.086379 0.787440 0.209303 -0.000861 
2.827497 0.140677 0.795992 -1.282064 0.756533 0.757206 0.241231 0.922558 0.434668 0.258203 -0.043310 -0.008782 
2.854360 0.454215 0.933859 -0.459485 1.015104 1.323328 1.531483 0.659906 0.560177 0.333734 0.003236 -0.034172 
2.944710 0.622207 1.200761 -0.753118 0.801296 0.850561 0.828493 0.620903 -0.140578 0.206163 -0.057488 -0.028574 
3.163628 0.557888 0.742030 -0.738610 0.882019 0.925308 0.534104 0.814501 0.013082 -0.063041 0.314911 0.041148 
3.189612 0.859912 1.038537 -0.277225 1.448376 0.632033 1.196779 1.278122 0.600640 0.278093 0.195898 0.010222 
3.338257 0.401014 1.007385 -0.368692 1.509158 0.895633 1.085452 1.517214 0.336293 0.092585 0.163688 0.003212 
2.664388 0.213170 0.813724 -1.191911 0.624849 0.131922 0.855949 1.429220 0.071949 -0.199749 0.056333 -0.036032 
3.258737 0.507225 0.881703 -0.871731 0.841222 0.893190 1.366089 0.567263 0.318412 0.460652 -0.038351 -0.036303 
3.140726 0.674199 0.986810 -0.888941 1.242875 0.903877 1.086037 1.379087 0.340687 -0.129814 0.242683 -0.006309 
3.140576 0.466776 0.936175 -0.745306 0.712706 0.019567 0.613821 0.692044 0.091684 -0.120938 0.325577 0.079884 
3.555103 0.799252 1.616510 -0.640405 1.035971 1.269283 0.360294 1.121307 0.471993 0.400333 0.037629 -0.035572 
3.317893 0.609454 1.261541 -0.712408 1.309519 0.070313 1.202107 1.212907 0.251282 0.055421 -0.038651 0.019899 
3.364449 0.673567 1.579901 -0.124966 1.797769 1.627730 1.205939 1.500186 0.600526 0.458245 0.093240 -0.046531 
3.404901 0.775605 1.414697 -0.737955 1.829379 1.870702 0.949760 1.712100 0.199767 0.057482 0.275898 -0.028374 
4.494261 2.502959 3.259454 3.105014 2.511079 0.445510 0.958629 1.657194 0.467158 -0.118763 0.058740 0.052285 
4.929281 1.390665 0.458684 1.057988 0.647967 0.622000 0.905705 0.681675 0.325310 0.045482 0.101735 0.039318 
4.282907 -0.406207 0.793658 1.372359 0.695754 1.466769 0.878546 0.421424 0.959387 0.442377 -0.006338 -0.024975 
2.572950 -0.359889 1.939361 0.762107 1.068269 1.094167 0.812726 1.285677 0.462255 0.532556 0.063434 -0.119914 
1.031302 0.811069 1.357615 0.987781 1.613775 1.397023 1.117600 1.044918 0.586504 0.283106 0.151839 -0.143643 
0.390938 0.968416 1.934923 1.909442 1.549962 1.189201 1.465666 0.563894 -0.348726 -0.007187 0.088760 -0.058934 
0.742459 2.107612 1.468847 1.586393 1.858774 0.811550 0.022157 -0.912536 -0.211983 0.020970 0.004228 -0.060212 
1.210493 1.452115 1.545694 0.536794 1.022214 -0.076470 -0.275074 -0.620801 -0.438134 -0.402518 -0.200836 0.070039 
0.905398 1.652820 1.103560 0.842381 0.535020 -0.026877 -0.212139 -0.908622 -1.035499 -0.394998 -0.173204 0.087861 
1.117373 1.268249 0.510800 1.167252 0.188197 0.118464 -0.655945 -0.942901 -0.291195 -0.315753 -0.180471 0.042925 
1.711236 1.004818 0.566226 0.410888 0.681283 -0.183669 -0.687114 -0.823117 -0.798646 -0.143893 -0.278125 0.051660 
1.375234 1.298506 1.080376 0.812970 -0.086444 -0.321295 0.420355 -0.666873 -0.356899 -0.449991 -0.041092 -0.017710 
1.421052 1.626951 0.372105 0.756785 0.394790 0.167986 0.734640 -0.142716 -0.350031 -0.273497 0.071735 0.020132 
0.932808 1.199363 1.756322 0.798631 1.118433 0.964054 0.262294 -0.026211 0.469378 0.364610 0.174068 -0.004613 
0.834723 1.162542 0.901157 2.116712 0.771767 0.746387 1.665422 0.362000 0.602630 0.499680 0.125628 -0.047252 
1.305316 1.009285 0.998011 0.996012 1.342148 1.134344 0.500279 0.394725 0.676906 0.427642 -0.004015 0.005902 
1.257784 1.299968 1.077418 1.677523 0.626665 1.152536 1.212555 0.880542 -0.027141 0.777896 0.003674 0.003330 
1.808321 1.114934 0.974641 1.134458 0.811402 1.290677 1.615502 -0.252658 0.321604 0.764722 0.147605 -0.009440 
4.047560 -0.643853 1.404055 0.774749 1.256855 1.390621 0.684516 0.349992 0.524552 0.249443 0.294066 0.065624 
4.184881 0.318635 0.306399 1.557872 0.693617 0.681970 0.908678 0.146575 0.311958 0.636616 0.467978 0.026318 
6.325372 3.759208 2.203274 2.016016 0.801095 0.337737 1.143292 -0.048978 0.977601 -0.018213 0.095796 0.027482 
4.282113 3.014967 2.611678 1.131399 1.399316 1.476965 0.977463 0.592488 0.511309 0.149739 0.200875 0.055656 
3.706356 2.714169 2.021710 1.725116 1.454240 1.549471 0.887772 0.639822 0.552454 0.227993 0.256182 0.051200 
4.036643 2.997038 2.496812 1.681176 1.201187 1.159447 1.219939 1.595923 1.008739 0.291933 0.197498 0.047014 
4.058030 2.816900 3.332507 2.590806 1.545608 0.922052 1.733744 2.650380 1.069361 0.192398 0.106898 0.055911 
3.538682 2.821454 2.774718 3.079537 2.639156 2.035677 1.660238 1.539159 0.982532 0.466304 0.059906 0.073532 
3.025840 2.340087 2.024241 1.847908 2.137335 1.564326 1.355646 1.430143 0.973419 0.222326 0.267137 0.062310 
3.183129 1.321241 1.628552 0.961595 2.405263 1.415872 0.956333 1.565900 1.323668 0.301847 0.039857 0.017949 
3.549771 1.375016 1.473282 0.368782 1.732498 0.480868 1.015661 1.267716 0.259061 0.335556 0.298357 0.051194 
3.413373 0.763565 1.619358 0.064245 2.104755 1.764636 1.433668 1.091232 0.449340 0.541498 0.288023 0.020950 
3.031808 0.667087 0.876905 -0.084736 0.312461 0.898251 0.658411 1.627792 0.480152 0.057642 0.167916 0.010820 
3.161308 0.722819 1.073886 0.125346 1.524230 1.079004 0.805300 0.554760 0.359967 0.362186 0.123739 0.015303 
-1.#IND00 -1.#IND00 -1.#IND00 -1.#IND00 -1.#IND00 -1.#IND00 -1.#IND00 -1.#IND00 -1.#IND00 -1.#IND00 -1.#IND00 -1.#IND00 
-1.#IND00 -1.#IND00 -1.#IND00 -1.#IND00 -1.#IND00 -1.#IND00 -1.#IND00 -1.#IND00 -1.#IND00 -1.#IND00 -1.#IND00 -1.#IND00 
