2.893940 0.691430 0.530608 -0.018541 0.662757 0.622579 0.470202 0.102090 0.192160 0.273490 0.156134 0.004526 
2.990275 0.368948 1.089618 -0.609943 0.681597 0.955308 0.357802 0.215717 0.402669 0.355059 0.045051 0.004757 
3.011989 0.272052 0.833128 -1.093720 1.139141 0.363689 0.695233 1.016794 0.186100 -0.065538 -0.037613 -0.030010 
2.880713 0.532275 0.518946 -0.200438 0.779601 0.407215 0.166263 1.135119 0.402841 -0.512569 0.122427 0.041341 
3.012637 0.889748 0.887407 -0.372209 1.558039 0.332238 0.368566 0.963478 0.546300 0.463407 0.200739 -0.013495 
3.161770 -0.609728 1.303123 0.627903 1.234523 -0.506697 0.992288 1.823325 -0.068945 0.176159 -0.137610 -0.021420 
3.336252 0.719824 0.923384 -1.049385 1.284207 0.703437 0.156446 0.527199 -0.077300 -0.072140 0.147845 0.023266 
3.233737 0.831659 1.198903 -0.787040 1.228667 0.981781 0.722047 0.675180 0.845855 0.342841 0.196697 0.006448 
3.017007 0.508792 1.431509 -0.796672 1.479864 1.599825 1.436283 1.208016 0.128913 0.700566 0.054225 -0.083436 
3.086225 0.105539 1.001572 -1.100127 1.434724 0.264003 0.435570 1.396406 0.080949 -0.070283 -0.010546 -0.028770 
2.962092 0.017273 0.847397 -0.398041 0.774614 0.962420 1.127398 0.815096 0.482588 0.113848 0.141456 0.030809 
3.250145 0.912198 0.914123 -0.804531 -0.024237 1.190213 0.124945 0.113795 0.407687 0.049621 0.036053 0.049051 
3.112735 0.202430 0.620768 -1.204538 1.101130 0.152414 0.147264 0.721804 -0.005168 -0.208436 0.087155 0.067984 
2.806600 0.952985 0.886238 -0.575818 -0.437538 0.274466 0.492541 1.097258 0.090373 0.073474 -0.210803 -0.036452 
3.287316 0.611644 0.816228 -0.737194 0.552454 0.898626 0.017741 0.914841 0.017400 0.002298 0.082804 -0.033823 
3.455707 0.601413 0.987896 -0.417152 1.418702 0.542121 1.032974 0.241423 0.553917 0.507536 0.299646 0.051895 
2.927994 0.175554 0.423411 -1.518892 0.081684 0.538703 0.137957 0.851939 0.333163 -0.022455 -0.034441 -0.029004 
3.106814 0.325125 1.265036 -0.666475 2.137355 0.924595 0.691305 0.826185 0.128845 0.451340 0.175531 0.008714 
5.070555 0.844338 -0.775082 1.011289 1.236371 0.679180 1.238635 1.373581 0.547293 -0.008149 -0.016019 0.008586 
5.695827 -0.088182 -0.637648 1.823319 0.709319 0.458639 1.525134 0.866268 0.375639 0.176215 0.268883 0.062633 
4.081530 -0.993533 1.633510 1.230115 1.719539 0.976227 0.507434 0.191434 0.525517 0.238633 0.116926 0.046257 
2.644780 0.241787 1.228278 1.198195 1.105882 0.782496 0.590114 1.320743 0.154871 -0.022886 0.013220 -0.005450 
1.581166 0.647133 1.557534 1.320295 0.914344 0.583035 1.409168 0.923189 0.696088 0.586036 -0.091519 -0.068745 
0.622836 1.304658 1.665993 1.775642 1.044674 1.254651 0.397657 0.306950 0.567116 0.276002 -0.123499 -0.068046 
1.086383 1.262904 1.823944 1.562914 1.085988 1.181396 0.246654 -0.485124 -0.021449 -0.532436 0.151434 -0.034025 
1.226274 1.566979 1.248641 0.622220 1.658992 0.027808 0.142387 -0.873505 -0.424586 -0.507244 -0.369258 0.058611 
1.028787 1.076109 1.206439 0.812610 -0.464089 -0.036996 -0.679233 -0.784509 -0.544746 -0.711939 -0.197295 0.075117 
1.319002 1.397479 0.774944 1.018708 0.499769 0.233182 -0.569849 -0.838855 -0.397601 -0.218709 -0.310861 0.064771 
1.776266 0.998926 0.910353 0.322144 0.841264 0.624869 -0.263772 -0.883401 -0.163397 -0.448251 -0.008570 0.094356 
1.385170 1.299570 1.214722 0.584113 0.736624 0.309517 -0.607564 -0.012489 0.123570 -0.171891 0.062694 0.021209 
1.202895 1.216565 2.004371 0.821145 0.153346 1.014669 -0.345258 0.181353 0.539498 0.679277 0.269273 -0.069256 
1.162110 1.313489 1.328484 0.475561 1.022846 1.474308 1.503549 0.616329 0.431405 0.106425 0.237380 -0.036563 
1.092981 1.343839 1.228708 1.738443 0.882782 0.669643 0.732786 0.276777 0.778779 0.583511 0.069855 -0.037029 
0.585932 1.472653 1.100109 1.099000 1.903962 1.960029 1.009139 0.302276 0.532107 0.433791 0.065187 -0.024419 
1.016045 0.995999 0.595284 1.975266 1.210515 1.999054 1.136989 0.991272 0.573188 0.284760 -0.005306 -0.006456 
1.550056 0.359198 1.902615 0.849415 0.853711 0.918695 1.214363 1.012806 0.627937 0.209925 0.026097 0.011478 
1.528409 0.076903 1.155160 1.280763 1.837072 1.745319 1.203586 0.716521 0.035369 0.473015 0.173464 -0.020131 
2.715277 0.140357 1.870644 0.098951 1.836663 0.046679 1.008320 -0.139155 0.467184 0.386581 0.334446 0.074335 
8.625824 2.334630 -2.048125 0.520380 1.432068 0.880137 0.706594 0.617220 0.473123 0.191815 0.074593 0.028672 
8.677126 3.312825 -0.402317 -0.205683 1.941510 0.552160 0.635015 0.361553 0.224623 0.285891 0.138853 0.071849 
3.575769 3.260264 2.997031 2.506726 1.696866 0.975179 0.515797 0.375736 0.192961 0.171349 0.231820 0.042176 
2.769433 2.255133 1.945882 1.579523 1.346429 1.029184 0.840239 0.707717 0.520401 0.330001 0.183917 0.035881 
4.159154 3.634318 3.240577 2.809252 2.027944 1.526720 1.151086 0.840630 0.091811 0.258072 0.179352 0.042154 
4.655043 4.027438 3.804967 3.178924 2.926760 1.596350 1.799830 1.500209 0.152796 0.172510 0.208293 0.048592 
3.117134 2.623384 2.771543 3.181150 2.775578 2.324593 1.398105 0.664225 0.546223 0.426156 0.061128 0.043489 
2.684965 2.111558 1.945739 1.939956 1.782861 1.448119 1.270811 1.026411 0.685290 0.371632 0.239396 0.051227 
3.830817 2.656718 2.659232 1.231969 2.264325 2.170927 1.591999 1.259858 0.832541 0.253186 0.074573 0.044460 
3.474859 1.310940 1.391256 -0.224344 1.934843 0.717644 1.192859 1.827427 0.703219 0.514040 0.285429 0.005251 
-1.#IND00 -1.#IND00 -1.#IND00 -1.#IND00 -1.#IND00 -1.#IND00 -1.#IND00 -1.#IND00 -1.#IND00 -1.#IND00 -1.#IND00 -1.#IND00 
-1.#IND00 -1.#IND00 -1.#IND00 -1.#IND00 -1.#IND00 -1.#IND00 -1.#IND00 -1.#IND00 -1.#IND00 -1.#IND00 -1.#IND00 -1.#IND00 
