3.378117 0.650936 0.574798 -0.548173 1.164994 -0.403932 1.454839 0.863962 0.518374 0.382864 -0.023700 -0.029532 
3.283313 0.663694 0.786487 -0.294788 1.244182 0.408822 0.265716 0.570570 0.098377 0.401318 0.024862 -0.027298 
2.969854 0.578507 1.103859 -0.427557 0.923255 0.399045 0.244172 0.593155 0.014287 0.341984 0.247681 0.023672 
3.285591 0.790526 1.282464 -0.484127 1.077289 0.456049 1.458831 0.810379 0.210650 0.123037 0.119429 0.003527 
3.146731 0.758987 0.787157 -0.669118 1.053005 0.052734 0.207761 0.792332 0.028594 0.192484 0.002100 -0.039794 
3.033313 0.586578 1.198649 -0.519610 0.176761 0.711506 0.366448 0.508288 -0.210501 0.011749 0.273119 0.068572 
2.861199 0.631365 1.123826 -0.310277 1.776944 -0.346360 0.769353 1.315233 0.145580 -0.089911 -0.067802 -0.023309 
2.963247 0.916424 1.144526 -0.636146 0.167306 1.160402 1.097178 0.446637 0.693945 -0.022763 -0.091729 -0.007533 
2.939327 0.669758 1.758643 -0.515654 1.049811 0.795697 1.613369 1.326795 0.586626 0.220954 0.119917 -0.020349 
2.953040 0.432135 1.116401 -0.718522 0.328660 -0.213277 0.258794 0.613669 0.008474 0.288874 0.050993 0.045550 
3.060127 0.315435 1.364002 -0.312568 0.700210 0.846025 0.729746 1.094815 0.318326 0.242714 0.305317 -0.008278 
2.896628 0.640539 0.914761 -0.836692 1.008038 0.966706 0.635965 0.767372 0.016592 0.161591 0.010740 -0.018278 
2.880981 0.600040 1.238567 -0.503804 1.288075 0.701527 0.629229 0.782173 0.399254 0.414968 0.216969 -0.013536 
2.821332 0.757073 1.212533 -0.342716 1.326439 0.722641 1.090806 1.082719 0.789185 0.485924 0.044297 -0.026472 
2.605301 0.542486 1.046355 -0.500442 0.787751 0.515638 0.353836 0.176016 0.519786 -0.022447 0.105318 0.019332 
2.776527 0.649727 1.067228 -0.236581 0.263091 0.301675 0.591104 1.291389 0.586546 -0.096257 0.058558 -0.018124 
3.048163 0.268276 1.462188 -1.315357 0.818787 -0.179536 0.850114 0.999044 0.948554 0.417895 -0.256770 -0.030076 
3.052702 0.024088 0.781450 -1.470740 0.248637 -0.101901 0.032092 0.348828 -0.215040 0.173822 -0.039264 -0.055893 
3.330576 0.482800 1.163914 -0.335673 0.990874 1.769409 0.358616 1.051289 0.266303 0.170600 0.205036 -0.011957 
3.867842 0.679380 0.539969 0.998811 1.456865 2.063782 1.219881 0.538898 0.526852 -0.002856 -0.039712 0.009851 
1.646311 0.512925 1.180485 1.189418 1.019663 0.872340 0.771476 0.873233 0.258418 0.160097 0.279873 -0.034467 
0.790789 0.757806 1.490408 0.995984 1.350582 1.832401 1.633231 1.167787 0.258525 0.343847 0.113121 -0.064577 
0.931980 0.784596 0.866030 1.471089 2.002295 1.956661 1.302868 0.599455 0.518134 0.412391 -0.083305 -0.002856 
0.947716 0.845405 1.931782 1.571473 0.446058 1.721808 0.994676 1.283083 0.866475 -0.002225 0.148306 -0.044036 
0.474004 1.400506 1.292941 1.751976 1.225963 0.850467 1.514402 0.725583 0.077682 0.444834 0.051966 -0.135274 
0.932820 1.098339 2.155447 1.531966 1.392004 1.573112 0.886728 0.250207 0.113296 -0.248825 -0.123746 0.006557 
1.128010 0.827725 1.811528 1.690833 1.704317 0.503404 -0.637843 -0.416592 -0.715807 -0.215692 -0.028660 -0.044603 
1.213437 1.554616 1.517022 1.541368 0.135366 -0.204057 -0.217888 -0.564185 -0.531797 -0.355986 -0.286468 0.082488 
1.462001 0.991726 1.403708 1.381271 0.295550 0.044803 -0.284934 -0.488013 -0.764658 -0.284266 -0.061461 0.052552 
1.320180 1.213509 0.389629 0.815444 0.365860 0.130229 -0.819733 -1.244564 -0.350699 -0.167273 -0.260694 0.006934 
1.297416 1.419106 1.160676 0.824500 0.590445 -0.699363 -0.324452 -1.353754 -0.440120 -0.348808 -0.041126 -0.005503 
1.462436 1.052922 1.202608 0.780510 -0.054707 0.095525 -0.674124 -0.495835 0.012916 0.054058 -0.126520 -0.008687 
1.687121 1.456640 0.077836 1.084957 0.145552 -0.105302 0.359025 0.706346 -0.020619 0.406860 0.146651 0.029493 
1.139747 1.302135 0.999524 1.573506 1.092658 1.224035 0.960827 0.732049 0.502895 0.179738 0.333935 -0.095412 
0.704135 1.419154 1.997346 0.918043 1.011759 1.026413 1.517978 0.638584 0.836181 0.172072 -0.006915 -0.024488 
0.889818 1.637412 1.050743 1.191417 1.150169 1.361710 1.329823 0.150669 0.493747 0.179855 0.100544 -0.018292 
0.622600 0.752477 1.890566 1.771621 1.733019 0.758939 1.285546 1.240714 0.849794 0.092797 0.026007 0.012651 
0.658605 1.182107 1.552026 1.073074 1.774906 1.618914 0.984366 0.654465 0.727469 0.383857 -0.009405 0.012769 
1.272550 0.606921 1.405837 1.136703 0.675482 1.348940 0.981629 0.804721 0.394785 0.556623 -0.204178 0.046396 
3.941245 -0.832386 1.246733 1.107222 0.887837 0.484562 0.925828 1.129842 0.873288 0.500386 0.187070 -0.014843 
5.201934 0.143439 0.539409 1.264174 0.943416 1.863698 1.563718 0.412489 0.235399 0.699947 -0.018839 -0.147870 
3.321528 2.397013 1.842989 1.627473 1.306721 0.623628 0.116229 0.025718 0.504496 0.722759 0.387508 0.063144 
2.832600 2.365540 2.025493 1.746029 1.505467 1.165446 0.927278 0.705462 0.470138 0.306292 0.178051 0.031370 
2.950102 2.475445 2.284064 2.047086 1.672229 1.291963 0.989594 0.747410 0.480733 0.316347 0.165751 0.037379 
3.536601 3.244812 3.491514 3.108536 2.976848 1.851381 1.482292 0.905490 0.247466 0.228762 0.321602 0.048886 
4.565477 3.283159 4.347372 1.889764 3.173609 2.629641 2.190565 1.218648 0.137719 0.309835 0.229737 0.055183 
2.952584 2.522240 2.338615 2.144907 1.947778 1.710226 1.398586 1.060374 0.531094 0.260489 0.144948 0.054796 
2.776130 2.259671 1.893045 1.720459 1.665315 1.440479 1.114651 0.680029 0.461214 0.337243 0.113826 0.036113 
-1.#IND00 -1.#IND00 -1.#IND00 -1.#IND00 -1.#IND00 -1.#IND00 -1.#IND00 -1.#IND00 -1.#IND00 -1.#IND00 -1.#IND00 -1.#IND00 
-1.#IND00 -1.#IND00 -1.#IND00 -1.#IND00 -1.#IND00 -1.#IND00 -1.#IND00 -1.#IND00 -1.#IND00 -1.#IND00 -1.#IND00 -1.#IND00 
