3.062775 1.276828 1.923722 -0.071636 1.154058 0.696345 0.245763 0.733096 0.727177 0.324855 -0.031259 -0.015360 
2.780364 0.929459 1.271465 -0.109386 0.373754 0.796446 1.216080 0.282958 0.748428 -0.010164 -0.260608 -0.002910 
2.936052 0.495816 1.302811 -0.705452 0.964981 0.485939 0.350255 0.659672 0.608764 -0.011535 0.017565 0.025097 
2.675347 0.288208 1.504848 -0.203035 1.443062 0.005926 1.192377 0.847960 0.010905 0.557428 0.060198 -0.034170 
2.824138 0.849766 1.554962 -0.454633 1.244498 0.796822 0.734992 1.009240 0.519637 0.285560 -0.138099 -0.036324 
2.849674 0.617612 1.483025 -0.313741 1.071491 0.906452 0.985469 0.920658 0.563489 -0.002955 -0.128744 -0.019079 
3.042988 0.728302 2.259904 -0.078694 1.251934 0.434924 0.696471 1.337370 0.137545 -0.104249 0.222180 0.042467 
2.883061 0.608897 1.975867 -0.697051 1.325210 0.242739 0.575053 1.021601 0.194478 0.140492 -0.026449 0.002400 
3.005878 0.266113 1.511130 -0.336320 0.959356 0.998481 0.214906 0.779722 -0.219707 0.171543 -0.050140 -0.012049 
2.980761 0.737913 1.585777 -0.022188 1.206837 0.254521 0.764526 0.747077 0.603085 0.194849 0.193957 0.021433 
3.027914 0.758670 2.130060 0.169416 1.380122 2.087037 1.290364 1.388739 0.325172 0.396246 0.096984 -0.015355 
2.803768 0.819355 1.679823 0.535175 0.985883 1.038638 1.025041 1.224576 0.475532 0.349277 0.172429 -0.001577 
2.873844 0.944081 1.350352 -0.140272 1.245426 1.099323 1.322492 0.873224 0.184655 0.062997 0.140634 0.035143 
2.955918 0.858670 1.739170 0.835232 0.822065 0.642020 1.164458 0.749249 0.424729 0.307665 0.053606 -0.000208 
2.690443 0.856904 1.504814 -0.514559 1.573331 0.800869 0.809766 0.984122 0.779546 0.014339 0.171156 0.021436 
2.859020 0.649379 1.046307 0.200704 1.125484 1.526235 0.862982 0.704107 0.944833 -0.051519 0.093708 0.008445 
3.136112 0.527561 1.994151 0.201858 0.990884 0.943344 0.955648 1.050447 -0.393761 0.068081 0.142673 -0.003563 
5.041287 3.559788 2.740307 2.118498 -0.153988 -0.925582 0.514933 1.570690 0.632008 0.393968 0.374095 0.099281 
4.082454 -1.370221 2.231529 0.223924 1.842488 0.651500 1.657886 1.082090 0.188998 0.508845 0.117844 0.002411 
2.706276 -0.722510 1.818853 0.995823 1.882578 1.486685 1.651184 0.130834 0.447156 -0.201057 0.230367 0.076105 
1.595222 0.222621 1.782210 1.586029 1.236455 1.382512 0.369563 1.109354 0.314207 0.431254 -0.059906 -0.054850 
0.893249 0.961456 1.232331 1.659931 1.752947 0.841435 0.971662 1.080783 -0.016949 0.318567 0.056527 -0.069336 
0.854895 1.019247 1.059129 1.727689 2.066738 1.066322 0.711750 0.574904 0.074542 -0.205204 -0.050421 -0.043144 
1.591108 1.444187 1.141293 1.742696 1.363660 0.878173 -0.080851 -1.187789 -0.740405 -0.046155 0.010128 -0.034942 
0.982572 1.713672 0.893533 1.390856 0.236649 0.050627 -1.069362 -1.025213 -0.380574 -0.947987 -0.088431 0.050633 
1.032258 1.089474 2.012248 0.864165 -0.134537 -0.418657 -0.448096 -1.776014 -0.325952 -0.199935 -0.058329 -0.042866 
1.259158 0.833408 2.027997 0.861393 0.951760 -0.832265 -0.684708 -0.384597 -1.095735 -0.312076 -0.064048 0.010914 
1.411298 1.465250 0.298176 1.112086 0.381527 -0.429485 -1.335448 -0.471554 -0.532856 -0.274886 -0.216358 0.012192 
1.676697 1.416197 0.669654 0.513761 0.498119 -0.768531 -0.760988 -0.203221 -0.286288 -0.246427 -0.123915 -0.004144 
1.523520 1.966676 1.143462 0.457600 -0.030922 -0.535278 -0.412464 0.167607 0.337397 0.198812 0.276404 -0.019401 
1.220853 1.055386 2.121667 0.955219 1.223614 1.832931 0.616188 0.208388 0.352373 0.299808 0.110011 -0.025746 
0.470792 1.193949 1.068457 1.785906 1.271204 2.276200 1.031545 0.534759 0.904732 -0.047187 0.266414 -0.086865 
0.871966 1.136188 1.423801 1.034410 1.333456 0.524039 1.558907 0.415089 0.095818 0.268864 0.146345 -0.003381 
1.222782 0.499954 1.364838 1.112989 1.709528 1.231882 1.271433 0.730762 0.776722 0.459156 0.131415 -0.062489 
1.981565 0.162443 1.745318 1.253667 1.344987 1.030133 0.635105 0.400502 1.082913 0.225374 0.123568 -0.001796 
2.942165 0.158310 1.952160 -0.411090 2.502151 0.360643 1.018966 1.157190 0.502596 0.447231 0.172928 0.019072 
4.965640 1.346890 -0.095169 0.394272 1.288144 0.801166 0.047772 0.544650 0.684192 0.217046 0.177960 0.058073 
3.611011 2.950619 2.176076 1.290202 0.697382 0.443320 0.482463 0.424835 0.255615 0.297005 0.277370 0.058529 
4.186678 2.940397 2.212407 1.633787 2.724432 0.864376 0.816156 -0.072498 -0.387147 0.487161 0.129364 0.038269 
4.254725 2.784440 3.528609 3.894486 2.417025 0.947003 0.859608 1.664078 0.646111 -0.116077 0.136337 0.079651 
3.928739 2.885884 3.711855 2.866632 2.808131 1.791896 1.432665 1.758070 0.520596 0.129100 0.230187 0.058759 
2.908516 2.262470 1.910125 1.701226 1.711082 1.663800 1.278570 0.777895 0.427962 0.373623 0.257464 0.054721 
2.732163 2.121580 2.092642 2.024422 1.542929 1.240897 1.035179 0.924017 0.484881 0.314421 0.231487 0.039974 
4.086637 2.782192 2.645695 2.179554 1.995094 1.280138 1.644621 1.231740 0.729319 0.488635 0.216935 0.069910 
3.063990 1.302837 1.998665 1.137606 1.474585 1.302853 1.133863 1.668322 1.124794 0.272067 0.250120 0.043747 
2.969816 0.828286 2.100415 0.659720 1.253645 0.916732 1.113138 1.244456 0.713159 0.541814 0.136276 0.008237 
3.146845 1.329521 1.597967 0.244519 2.039171 1.310619 1.041209 1.456196 0.588819 0.661250 0.310583 0.002506 
3.084404 0.554591 1.801740 0.334619 1.266443 1.317210 1.352924 1.724747 0.999822 0.102873 0.046296 -0.017095 
-1.#IND00 -1.#IND00 -1.#IND00 -1.#IND00 -1.#IND00 -1.#IND00 -1.#IND00 -1.#IND00 -1.#IND00 -1.#IND00 -1.#IND00 -1.#IND00 
-1.#IND00 -1.#IND00 -1.#IND00 -1.#IND00 -1.#IND00 -1.#IND00 -1.#IND00 -1.#IND00 -1.#IND00 -1.#IND00 -1.#IND00 -1.#IND00 
