2.940067 1.094529 1.794326 0.189045 1.183742 1.447547 0.378916 0.262981 0.784628 0.033331 0.328136 0.073374 
3.084137 1.047711 1.508185 0.562266 1.237191 0.590057 0.873870 1.436183 0.266278 0.492799 0.168854 -0.013207 
2.644643 0.570329 1.451616 -0.752943 0.951669 0.061080 0.255011 0.368086 0.910416 0.419220 -0.013827 0.033712 
2.854464 0.750251 1.391509 -0.864839 1.955050 -0.100776 0.662845 0.608308 0.299736 0.279282 0.082340 0.046040 
2.912550 0.944813 1.452023 -0.082664 1.399069 1.266153 0.807346 1.308986 0.549834 0.080490 -0.056968 -0.042751 
1.988789 -0.762029 -1.821256 -0.486623 -1.082534 -0.937822 0.222446 -0.980658 -0.543487 -0.122936 -0.001087 0.044894 
4.019568 0.318605 -0.223232 -0.255420 -0.333421 -0.786026 0.224227 -0.549973 -1.178532 0.562359 0.127939 -0.047115 
2.934427 0.696255 2.427936 0.157262 1.303711 0.789146 1.247774 1.093722 0.694823 0.816797 0.369005 -0.013292 
2.794570 0.854984 1.400757 -0.060341 0.945833 0.287697 0.816659 0.252741 0.072802 0.063818 0.140793 0.055744 
2.903865 0.247068 1.956491 0.226699 0.720460 0.283819 0.539067 0.410620 0.362485 0.035008 0.105434 0.046877 
2.608493 0.955368 1.612387 -0.264852 0.838378 0.361108 0.681455 0.508475 0.005136 0.088763 0.151588 0.010704 
2.947766 0.873952 2.072408 -0.083283 0.955835 1.488408 0.720157 1.069653 0.115767 -0.013974 0.251929 0.025991 
2.860704 0.921280 1.921544 -0.383426 1.888247 0.515458 1.249244 0.896879 0.125906 0.260874 0.147648 0.012671 
2.752628 0.375812 1.647274 -0.642261 0.509730 0.223719 -0.206484 0.066014 0.251423 0.164367 0.209737 0.057883 
2.898640 0.984193 1.163837 0.297809 1.020262 0.636149 0.613603 0.717594 0.329430 0.236073 0.062781 0.011708 
2.822846 1.076508 2.366528 0.640773 0.706643 0.486442 0.684131 0.278545 0.096484 0.376668 0.408928 0.024452 
2.999444 0.784733 1.471756 -0.696678 0.533425 0.847611 0.477809 0.605716 0.232629 -0.211251 0.070018 0.044384 
2.950880 1.039481 1.699458 0.050285 1.566279 0.172543 0.817283 0.713763 0.083430 -0.067376 0.089552 0.025542 
2.798224 1.993931 1.374217 1.038737 0.695811 0.410261 0.607697 0.959711 0.809416 0.627062 0.350300 0.003334 
3.885796 -1.245821 1.509249 0.910982 1.040588 1.285931 0.744205 1.494421 0.926156 0.125014 0.205793 -0.012632 
2.924869 -0.792100 2.529137 0.868747 1.658574 0.851786 1.244741 0.256651 0.766069 0.252990 0.058896 0.036756 
1.867346 0.274283 1.808728 1.600141 0.981920 0.781498 0.894221 0.585049 1.214394 0.213063 0.242338 -0.069169 
1.083021 0.854399 1.708968 1.323282 1.254529 1.168319 1.237144 0.828866 0.338370 0.248771 0.120951 -0.073742 
0.551208 1.423301 1.476627 1.506773 1.618934 0.448904 0.974708 0.542105 0.418088 0.218884 -0.242045 -0.035399 
1.180223 1.230248 1.906864 1.211341 1.646048 1.171332 0.240960 -0.492328 -0.768392 -0.052874 -0.091720 -0.004147 
0.933272 2.011177 1.332278 1.212678 0.025207 0.208374 -0.681880 -0.894192 -0.836033 -0.437701 -0.129398 0.047014 
1.218572 1.639118 0.832566 1.075402 0.949287 -0.217907 -0.578293 -1.163578 -0.600544 -0.291633 -0.054424 0.017426 
1.221785 1.587259 2.057286 0.237942 1.026254 0.054075 -0.398339 -0.950651 -0.285037 -0.432292 0.016125 -0.012427 
1.461635 1.315225 1.059734 0.781900 0.721324 -0.584642 -0.751362 -0.230539 -0.925924 -0.239754 0.089246 -0.025657 
1.378389 0.842096 1.572638 0.980325 0.172902 -0.142702 -0.192514 0.168278 0.135164 0.170384 0.064800 0.052552 
0.728469 1.517100 1.438820 1.261230 1.309801 0.964071 1.144401 0.949664 0.128471 0.220245 0.266878 -0.053912 
1.134703 1.055898 1.169029 1.567713 0.826077 0.716058 1.127143 0.634523 0.112952 0.418573 0.130880 -0.016458 
1.371257 1.075926 0.775787 0.795319 1.789543 1.096999 1.892101 0.364688 0.209916 0.435978 0.180528 -0.023795 
2.056143 0.141372 0.963659 0.924270 1.309149 1.368504 1.151704 0.317850 0.531283 0.254576 0.332049 -0.009319 
3.372086 -1.417926 1.335254 1.395767 1.798095 0.383007 2.404305 0.040960 0.777028 0.451463 0.087909 0.061779 
4.238407 -1.033770 1.861162 0.305185 1.720587 0.996902 1.171220 0.626019 0.063698 0.207368 -0.093285 -0.016589 
5.529475 -1.129096 1.012487 1.123000 1.121156 0.706470 1.416227 0.998779 -0.060556 0.306907 0.259790 -0.035147 
4.505277 2.990471 1.420975 0.909077 0.416042 0.548035 0.567287 0.463310 0.383263 0.042620 0.145769 0.031487 
3.203116 2.805703 2.334415 1.487483 1.107249 0.635523 0.237207 0.326844 -0.026191 0.091590 0.121203 0.001615 
4.364556 3.416379 3.164723 2.961281 1.885237 0.932356 0.821790 0.824163 0.255585 -0.043172 0.202586 0.050206 
3.428467 3.007845 2.646759 2.189439 2.056114 1.599082 1.641871 1.362592 0.816469 0.237827 -0.061316 0.025047 
3.929579 2.411048 4.268360 2.854769 2.968712 2.053556 1.803610 1.567188 0.116097 0.370021 0.174712 0.011460 
3.268063 0.769697 2.533836 0.960638 1.503276 1.364574 1.678248 0.625844 0.943197 0.516222 0.310166 0.061193 
2.758719 0.562933 1.617654 -0.025963 2.193152 0.948583 1.866486 1.433667 0.241886 0.378313 0.320512 -0.018866 
3.027576 0.778191 1.727785 -0.002483 1.159316 0.800237 0.669409 0.657731 0.548690 0.323582 0.133490 0.009943 
2.892630 0.847619 2.018076 0.135396 1.361307 0.157231 1.115293 0.926545 0.121119 0.468287 0.065054 0.010331 
3.004632 0.700742 2.103717 0.056957 1.524940 0.929929 0.548565 1.116340 0.390464 0.404847 0.286870 -0.010233 
3.044962 0.655746 1.337431 0.292188 0.514523 0.638594 0.138516 0.503443 0.377759 0.386994 0.094317 0.009478 
-1.#IND00 -1.#IND00 -1.#IND00 -1.#IND00 -1.#IND00 -1.#IND00 -1.#IND00 -1.#IND00 -1.#IND00 -1.#IND00 -1.#IND00 -1.#IND00 
-1.#IND00 -1.#IND00 -1.#IND00 -1.#IND00 -1.#IND00 -1.#IND00 -1.#IND00 -1.#IND00 -1.#IND00 -1.#IND00 -1.#IND00 -1.#IND00 
