2.919121 0.705714 1.253240 -0.112634 0.840688 0.954659 0.456272 0.832562 0.438313 0.141510 0.134082 0.008542 
3.169519 1.029255 1.617400 -0.205354 1.936714 0.839806 0.983807 0.696618 0.536948 0.501132 0.006870 0.002404 
2.938271 0.744569 2.236186 -0.052774 1.525826 1.071064 1.193324 1.313854 0.418049 0.775919 0.217740 -0.042781 
2.621494 0.956803 1.541535 0.108548 1.157486 0.255870 0.747314 1.296263 0.324745 0.548121 0.068682 -0.002370 
2.592240 0.593824 1.743160 -0.358380 0.274196 0.500573 0.638804 0.910002 0.659720 0.002848 0.214622 0.037859 
2.694720 0.778620 1.973561 -0.546959 0.988538 1.441021 1.826079 0.882676 0.367692 0.520000 0.105874 -0.031558 
2.849947 0.718721 1.327288 -0.333228 1.276808 1.162407 0.825546 0.168103 0.556952 0.298023 0.162256 0.010219 
2.756529 0.940815 1.596437 -0.458805 0.766944 0.924438 0.399726 1.146458 0.313431 -0.084372 0.016747 -0.007797 
2.451758 0.582052 1.372406 -0.695807 1.416250 0.750231 0.347491 0.719348 -0.087822 0.222339 0.023406 -0.035834 
2.777990 0.778548 1.206107 -0.468433 0.521217 0.890872 0.933970 0.289297 0.188502 -0.006001 0.004757 0.035346 
2.785256 0.956243 1.266564 0.017828 0.690001 0.152476 0.135428 0.661644 0.369119 0.210912 0.070322 -0.010659 
2.875096 0.635674 2.043367 -0.226312 1.256919 0.663202 0.728874 0.691140 1.188987 0.034528 -0.154090 0.026253 
2.644841 0.595825 1.396518 0.754913 1.530478 0.659292 1.412435 0.986685 0.464944 0.437228 0.289926 -0.003858 
2.571804 0.722249 1.738525 0.220576 1.068462 1.262040 0.568386 0.734659 0.407678 0.323447 0.258728 -0.023320 
2.794976 0.457116 1.369290 -0.098146 1.185267 1.078180 1.286450 0.961258 0.756737 0.030031 0.170186 -0.011802 
2.768389 0.544594 1.191752 -0.107609 0.331142 -0.751366 -0.110086 1.137537 0.127336 0.632122 0.027201 0.004809 
3.040193 0.732406 1.721572 0.100478 1.429458 0.632369 0.856139 0.753376 -0.188114 0.305266 -0.059015 -0.025065 
2.840112 0.421937 1.722677 0.299355 1.202729 1.235264 1.264037 1.130849 0.260058 0.507828 0.192114 -0.029224 
3.109735 2.601022 2.249175 1.211786 1.065091 0.942287 1.114023 0.292689 0.311542 0.423609 0.098920 0.041169 
3.049021 0.190024 0.789986 1.668504 1.747986 0.041071 1.414448 1.233050 -0.888717 0.768344 0.103402 -0.060684 
1.489658 0.832110 1.526892 1.223043 0.743659 0.621719 1.424140 0.973170 0.275053 0.460157 0.053555 -0.069604 
0.622459 1.343462 1.741539 1.531043 0.949703 1.275529 0.813417 0.231795 1.158734 0.542415 -0.104984 -0.057805 
0.844416 1.015190 1.433721 2.077093 1.263349 0.483679 0.933213 1.117082 0.660846 -0.021258 -0.083019 -0.041692 
1.111721 1.525319 1.976240 1.093679 1.363381 0.635937 0.293964 -0.126136 0.809215 -0.529961 -0.191647 -0.008488 
1.084712 1.730600 1.266437 1.544382 0.084126 0.179127 -0.432237 -0.324743 -0.431912 -0.514647 -0.401174 0.078880 
1.563722 1.725513 0.887501 0.667071 0.672348 -0.291688 -0.950134 -1.127443 0.188257 -0.661296 0.051344 -0.007207 
1.099096 1.569342 1.183947 0.544152 0.101751 -0.367308 -0.935311 -0.592823 -1.455716 -0.052152 -0.115368 0.009754 
1.307185 1.369118 1.121262 0.954875 0.779766 0.294960 -0.284786 0.014532 -0.887462 -0.362441 0.069893 0.006151 
1.767807 1.351570 1.186788 0.987811 0.551315 0.294221 -1.315718 -0.229005 0.274413 0.022250 -0.021519 0.021886 
1.070280 1.691898 2.239126 0.488635 0.045423 0.525043 -0.071338 0.283675 0.222688 0.119686 0.046205 -0.013453 
0.856298 1.383597 1.112211 0.913591 1.236387 1.285058 0.842201 1.370465 0.678852 0.171783 0.131560 -0.061118 
1.419945 0.723524 1.333483 0.627470 1.722599 1.578003 2.198331 -0.095943 0.500536 0.342391 0.006038 0.026339 
2.275789 1.055465 0.981347 0.897845 1.335104 0.856457 0.270641 1.059452 0.039901 0.318236 0.204323 0.019117 
3.496554 -1.237266 1.935871 0.841836 1.707433 0.314228 1.010857 1.302061 0.537488 0.005814 0.230190 0.098584 
3.245327 -0.869500 1.560554 0.291629 1.373811 0.932924 1.382752 0.975309 0.392165 -0.088357 0.190720 0.067103 
2.385156 -0.109304 1.755445 0.572500 1.338804 1.360062 1.113344 0.967237 0.862591 0.053467 -0.030960 -0.008354 
2.682876 -0.333294 0.926116 1.571137 1.054171 1.499913 1.585884 0.699088 0.896437 -0.035134 0.050411 0.000422 
3.628234 0.071000 0.980198 0.993232 1.422850 1.415263 0.647395 0.294394 0.915363 -0.245206 0.058820 0.055732 
7.279910 -0.067309 -0.800441 2.548293 0.775250 -0.209742 1.434458 0.684332 0.305775 -0.071442 0.245898 0.145920 
5.186117 4.104362 3.032914 2.807734 1.422265 0.100233 0.202666 0.356295 0.290729 0.259912 0.239432 0.102948 
4.873651 4.155794 3.105037 1.427536 0.462593 0.074717 0.466544 0.653427 0.606625 0.616890 0.309959 0.088363 
2.737559 2.279595 2.068818 2.136436 1.841865 1.657098 1.081917 0.624001 0.432101 0.144014 0.028053 0.024185 
2.664653 2.101061 1.764601 1.470686 1.391088 1.026935 0.854749 0.783419 0.403924 0.216558 -0.046013 0.006963 
3.605930 2.353347 3.264591 1.371114 2.824794 2.553880 1.128173 1.559861 0.502729 0.312171 0.069707 0.019925 
2.819091 1.566075 2.375020 1.686368 1.887081 1.228440 1.251374 1.082269 0.502626 0.428879 0.380366 0.040665 
3.389092 1.927683 1.936832 0.086129 1.542095 1.704456 1.794085 2.095427 1.152131 0.723481 0.197860 0.007819 
3.140713 1.166189 2.344818 0.887471 1.638998 1.464276 0.718468 1.874976 1.186682 0.475822 0.412245 0.041939 
2.783533 1.055408 1.907979 0.096088 1.131585 0.390354 0.577771 0.704130 0.478320 -0.157491 0.102973 0.053920 
-1.#IND00 -1.#IND00 -1.#IND00 -1.#IND00 -1.#IND00 -1.#IND00 -1.#IND00 -1.#IND00 -1.#IND00 -1.#IND00 -1.#IND00 -1.#IND00 
-1.#IND00 -1.#IND00 -1.#IND00 -1.#IND00 -1.#IND00 -1.#IND00 -1.#IND00 -1.#IND00 -1.#IND00 -1.#IND00 -1.#IND00 -1.#IND00 
