2.787964 0.562728 1.722463 0.279610 0.584766 -0.069197 0.105336 0.474422 0.757548 -0.023508 0.195541 0.062594 
2.781913 0.835783 1.700275 -0.162776 0.893072 0.795777 0.867996 0.741911 -0.020045 0.250134 0.218143 0.017668 
2.918370 0.925966 1.633186 -0.036467 0.877777 0.651336 0.430539 0.781003 0.512316 0.346913 0.080838 0.010761 
2.499265 0.780866 0.902338 -0.661775 1.030591 0.495707 0.166123 0.556206 0.352545 0.320709 0.168285 0.002417 
2.913693 0.161124 1.713066 -0.241867 0.886213 0.364249 0.706784 0.915292 -0.016951 0.349696 0.061591 -0.015421 
3.017935 0.515090 1.328370 -0.999490 1.200683 1.155569 0.672696 0.719316 0.466807 0.262807 -0.080441 -0.037128 
2.903384 0.872748 1.600210 -0.072441 1.021574 0.172952 1.036772 -0.025538 0.288916 0.547139 0.056473 0.007831 
2.820659 0.484428 1.641339 -0.746253 0.137040 0.874269 1.087589 0.694571 0.578829 0.382063 0.170857 0.000445 
2.502438 0.718799 1.147783 -1.214613 0.665624 0.274256 0.267014 1.135712 -0.061345 0.220827 0.006768 -0.032332 
2.776656 0.512793 1.179913 0.015106 0.661026 0.666235 1.079145 1.115437 0.466831 -0.023942 0.068592 -0.005236 
2.657504 0.046258 1.124544 -0.851352 1.135140 0.104414 0.039578 0.326894 0.112185 -0.184234 -0.237746 -0.078213 
2.585589 0.584476 1.010306 -0.788926 1.028824 0.653716 0.705355 0.630361 0.504426 0.349017 0.165804 -0.018743 
2.880926 1.328222 2.001989 -0.191594 1.173654 1.068326 1.319768 1.339997 0.523926 0.199688 0.185830 0.004261 
2.833401 0.660993 1.579520 -0.241034 1.213074 1.155862 0.646693 0.562002 0.828947 0.338916 0.100117 -0.006278 
2.747266 1.110143 1.444684 -0.301321 1.217350 1.277651 1.287465 0.478652 0.657172 0.727102 0.105470 -0.009634 
2.941788 0.622795 1.692131 0.303674 1.300539 0.637260 1.420465 1.198172 0.258205 0.618845 0.107046 -0.044290 
2.787035 0.746583 1.194140 0.271685 0.808898 0.835296 0.890778 0.977867 0.273778 -0.015416 0.077057 0.010814 
2.535922 -0.228715 1.581872 2.067810 0.326702 0.866987 0.901384 -0.655948 0.279281 0.095714 0.362986 -0.004822 
1.726269 0.160644 1.472724 1.211639 1.291749 1.694876 1.342159 0.485719 0.487107 0.246711 0.106975 -0.060843 
1.173975 0.741933 1.405823 1.525496 1.770387 1.058193 1.204025 0.111288 1.135295 0.195930 0.170132 -0.097458 
0.839333 1.708287 1.033632 1.072174 1.489951 1.585182 1.354780 0.641268 -0.271912 0.847549 0.197721 -0.131992 
0.732978 1.172276 1.484480 0.751722 2.191468 1.086581 1.615683 0.526311 0.120562 0.046243 -0.087531 -0.052717 
1.139535 1.612273 0.827736 1.108835 1.342230 1.331697 1.219784 0.041485 -0.179401 -0.220917 -0.197237 -0.005691 
0.919365 2.061892 1.872321 1.223970 0.839952 -0.007680 0.017150 0.226908 -0.645455 -0.669387 -0.193072 -0.002919 
1.836797 0.710364 0.915829 1.893053 0.707471 -0.308931 -0.116319 -0.521614 -0.543251 -0.310261 0.006692 -0.005619 
1.270946 1.461547 1.324351 0.855163 0.126073 -0.625288 -0.522142 -0.574250 -0.309051 -0.193335 -0.023086 0.020549 
1.361441 1.999122 1.154461 0.616297 0.381675 0.354997 -1.273528 -0.146208 -0.503559 -0.178534 0.070814 -0.024200 
1.789621 1.053130 1.085807 0.821852 0.289362 0.372116 -0.464253 0.178136 0.158618 -0.249300 0.264876 -0.017055 
1.517405 1.273238 1.259931 1.169014 0.780180 0.509327 0.396834 0.736924 -0.291364 0.374992 0.129078 -0.067932 
0.852491 1.839882 1.288596 0.925099 1.347982 1.201812 1.056708 0.892944 0.364872 0.409754 -0.025750 -0.033005 
1.267422 0.814016 1.373405 1.034952 0.946187 1.741804 0.892022 1.047391 0.468953 -0.170065 0.147397 -0.034487 
1.048587 1.213927 0.544210 1.191635 1.929532 1.311632 0.912460 0.875050 0.634153 0.060635 0.287694 -0.116641 
1.004867 1.022231 0.993190 1.718530 1.184805 1.942150 0.890090 1.038295 0.511649 0.083008 0.144535 -0.034401 
1.548758 0.505307 1.552367 1.110964 1.897192 0.580643 0.947090 0.090925 1.036051 0.308889 0.315803 -0.063498 
2.569707 -0.675189 1.355966 1.414579 1.606461 1.876261 0.826461 1.296028 0.883640 0.218538 0.300972 -0.037052 
5.011603 0.243583 1.632212 -0.098514 1.259532 0.718846 0.378098 0.405452 0.436655 0.187588 0.021913 0.033841 
6.269649 4.154439 1.211165 -0.339976 0.470310 0.910965 0.608948 0.604964 0.480014 0.220833 0.239235 0.092464 
5.313372 3.421126 1.207066 0.444392 0.669114 0.993456 1.161953 0.463662 -0.379619 0.041443 0.192169 0.115236 
5.464340 3.488243 0.543171 -0.609474 0.417020 1.290068 1.016391 0.443061 0.222050 0.289120 0.300265 0.119285 
3.629005 3.344433 2.924380 2.196117 1.267449 0.615649 0.277607 0.225465 0.269124 0.244224 0.259745 0.052635 
5.753752 4.468282 5.103041 3.191695 2.177230 0.254012 -0.137908 0.397221 0.017023 0.032116 0.069060 0.047354 
4.831398 3.573275 4.455435 3.788948 3.051036 1.264307 1.111870 0.971415 -0.162511 -0.125439 0.148929 0.010525 
4.845577 2.991254 3.270011 1.913666 2.671288 2.755002 2.266926 1.401849 1.041573 -0.278766 0.037632 0.061503 
3.325736 2.605614 2.626551 1.566652 1.799834 1.301032 1.513801 1.870093 0.694196 0.517604 0.077683 0.036296 
2.852116 1.941138 2.219489 1.483760 1.117898 1.584662 1.095440 1.683181 0.841409 0.300181 0.212726 0.035009 
2.888618 1.443879 2.339447 -0.178956 1.137365 1.105898 1.177848 1.536003 0.918879 0.662587 0.040115 -0.023312 
2.918954 1.306800 1.687279 0.519363 1.323839 1.266535 0.947777 1.376048 0.625250 -0.044860 0.304246 0.035860 
2.741186 0.979273 1.644367 0.267858 1.258513 1.253698 1.097900 1.295805 0.201635 0.499234 0.060444 -0.033179 
-1.#IND00 -1.#IND00 -1.#IND00 -1.#IND00 -1.#IND00 -1.#IND00 -1.#IND00 -1.#IND00 -1.#IND00 -1.#IND00 -1.#IND00 -1.#IND00 
-1.#IND00 -1.#IND00 -1.#IND00 -1.#IND00 -1.#IND00 -1.#IND00 -1.#IND00 -1.#IND00 -1.#IND00 -1.#IND00 -1.#IND00 -1.#IND00 
