2.856861 0.683778 1.583939 0.301000 0.681773 1.198117 0.391292 -0.048602 0.631309 0.401758 0.270797 -0.012384 
2.831203 0.590857 1.293854 -0.695812 -0.003834 0.588704 0.758039 0.498342 0.617374 -0.024445 0.145879 0.040728 
2.575985 1.176150 1.769853 0.009163 1.540709 0.878306 0.694146 0.994996 0.408009 0.495833 0.166157 -0.001196 
3.244380 0.261379 2.100922 -0.669619 1.544091 0.633356 0.530343 0.772249 0.430251 0.032911 0.164619 0.046301 
2.622211 0.204242 1.685820 -0.634646 1.103717 0.391584 0.390582 0.365925 -0.295278 -0.143795 0.006904 0.029995 
2.293186 0.580817 1.146868 0.028453 0.831942 0.479377 1.411617 0.518019 0.144219 0.383414 -0.163847 0.011146 
2.930807 0.158697 1.478111 -0.857067 1.773146 0.712467 0.780848 0.901296 0.512246 0.325539 0.040305 -0.014112 
2.984744 0.642366 1.726871 -0.200973 0.957263 0.539581 0.513152 0.550812 0.375930 0.293812 0.172099 -0.003071 
2.853486 0.567107 1.538503 -0.346781 1.164613 0.953436 0.854288 0.676409 0.013678 0.424032 0.257504 0.012273 
2.805253 0.768615 1.467978 -0.166870 1.351029 1.618255 1.354682 1.226545 0.319923 0.411062 0.027661 -0.025737 
2.780846 0.878567 1.520797 -0.340356 0.893278 1.019178 0.807581 0.280358 0.476615 0.453867 0.095077 -0.005504 
2.807872 0.505862 1.391151 0.339299 1.293995 1.596712 1.230237 1.231966 0.186269 0.656891 0.154082 -0.041457 
2.690681 0.919998 1.853142 0.281434 1.783509 0.690753 0.960964 1.649590 0.593319 0.238581 0.174697 0.004570 
2.739661 0.650274 1.833331 0.111466 1.395033 1.166341 0.875461 0.142199 0.505668 0.538660 0.205953 0.020904 
2.727594 1.019424 1.592769 -0.211582 0.629841 0.318630 0.654434 0.508080 0.515188 0.405738 0.192768 0.010819 
3.588082 1.646617 2.683828 1.150037 1.492943 1.394542 1.578059 0.553767 0.063803 0.341894 0.107686 0.001717 
3.569526 0.307099 1.570799 1.179351 0.171069 0.891926 0.631126 0.622746 0.737822 0.356364 0.007537 -0.003444 
2.866594 -0.777818 1.616228 0.993488 1.555389 1.062178 1.451731 0.847577 0.600631 0.231434 0.017757 -0.022992 
2.535828 -0.391303 1.847506 0.814414 1.227459 1.327181 0.891441 1.108710 0.315742 0.141185 0.116880 -0.050228 
0.831518 1.007550 0.836748 1.944215 1.522893 0.886188 1.312154 1.219227 0.514775 0.214545 -0.025122 -0.037811 
0.814629 1.035836 1.227077 1.709082 1.386174 1.121292 1.729398 0.716111 0.613080 0.047239 -0.020055 -0.040441 
0.714870 1.401757 1.273473 1.798548 1.611726 0.724079 0.865751 0.770087 0.196475 0.287312 -0.001107 -0.095957 
1.097645 1.188082 1.808255 1.238815 1.279687 1.126493 0.588094 0.652383 0.204984 -0.300377 -0.169756 -0.006509 
1.142672 1.476514 1.249877 2.292357 0.123013 -0.354634 -0.391741 -0.688270 -0.553935 -0.209443 -0.184565 -0.035666 
1.371179 1.463484 1.524375 1.102271 0.890301 -0.409839 -1.005936 0.065940 -0.119302 -0.233893 0.067660 -0.072617 
1.245411 1.357624 1.329735 1.196679 0.567768 -1.043418 -0.666829 -0.746869 -0.627951 0.036741 -0.007080 -0.030467 
1.484496 1.425973 1.427824 0.922499 0.676634 -0.560634 0.276754 -0.049857 -0.445589 -0.062032 0.231999 0.021761 
1.001871 1.477861 2.154078 1.310541 -0.344368 -0.556950 -0.371828 -0.032960 0.251042 0.453610 0.228789 -0.021291 
1.568374 1.128067 1.307728 1.557128 0.496237 -0.049941 0.027462 0.503491 0.607605 0.243055 0.270216 -0.053423 
0.782171 1.293709 0.830914 2.326475 1.890169 0.732108 1.539133 0.872725 0.379277 -0.077323 0.133775 -0.008848 
0.911378 1.280736 1.536946 0.514154 1.584694 0.898677 1.667628 0.642019 0.196490 0.189000 0.105348 -0.032336 
0.894473 1.416654 1.683285 1.473462 1.494608 0.766765 0.878896 0.607413 1.065291 -0.074514 0.187112 -0.039875 
0.844411 0.946321 2.176511 1.130799 1.043895 0.842389 0.631855 1.535829 0.910554 0.047865 0.124293 -0.018748 
1.164153 1.113761 0.922238 1.215457 1.471470 1.501203 1.428399 1.248348 0.671243 0.266312 -0.312099 0.051988 
1.424978 0.620767 1.085207 1.726214 1.687024 1.263891 1.432302 1.413031 0.300985 0.186312 0.015764 0.019353 
1.871353 0.638199 0.968280 1.384981 1.301263 0.594861 0.913573 0.374441 1.051803 0.184522 0.169560 -0.033983 
3.949139 1.747954 0.660787 0.668191 0.543040 0.655601 0.612488 0.488566 0.600626 0.583561 0.167715 0.006320 
7.203857 2.884425 -0.475745 -0.596957 1.017322 1.834039 0.866433 0.008566 0.554093 0.301529 0.163473 -0.005803 
7.111371 1.795735 1.310526 1.813272 0.353879 -0.509286 0.519539 1.411664 0.882998 0.529659 0.399559 0.135225 
3.888394 2.876309 3.929087 2.798964 1.952070 1.631833 1.240846 0.897838 0.619950 0.415836 0.088107 0.037591 
3.772329 2.830264 3.288371 2.513316 1.877976 1.887616 1.840197 1.337581 1.061051 0.668814 0.016715 0.054572 
2.829603 2.223652 2.006658 1.807584 1.780512 1.667758 1.200294 0.975289 0.483980 0.344109 0.283465 0.055580 
3.061881 2.629033 2.297389 1.928709 1.686633 1.399815 1.461661 1.442611 0.623705 0.277510 0.297593 0.062640 
3.564204 2.114637 2.861560 2.483091 2.522340 2.043134 1.546376 1.758820 0.641858 0.246651 0.254543 0.089807 
2.895425 1.890535 2.729203 1.900731 1.737199 1.854045 1.502428 1.449270 1.055573 0.452531 0.037462 0.066521 
3.046130 1.137460 1.883373 0.414406 2.045674 0.974176 1.056212 1.500228 0.620330 0.326317 0.265993 0.019502 
2.989615 1.174200 1.792278 0.653159 1.559920 0.733981 1.657236 1.029405 1.125153 0.557866 0.208813 0.020871 
3.143267 0.641546 1.438675 0.124337 1.471181 0.808163 1.258733 1.003933 0.505552 0.626848 0.156528 -0.016788 
-1.#IND00 -1.#IND00 -1.#IND00 -1.#IND00 -1.#IND00 -1.#IND00 -1.#IND00 -1.#IND00 -1.#IND00 -1.#IND00 -1.#IND00 -1.#IND00 
-1.#IND00 -1.#IND00 -1.#IND00 -1.#IND00 -1.#IND00 -1.#IND00 -1.#IND00 -1.#IND00 -1.#IND00 -1.#IND00 -1.#IND00 -1.#IND00 
