2.438605 0.662215 1.187935 0.228674 0.845875 0.163073 1.334239 0.879296 0.284368 0.218880 -0.155862 0.012749 
2.223899 0.283780 1.476824 -0.604721 1.353811 0.139708 0.500843 1.235607 0.043623 -0.041927 0.049164 -0.005066 
2.711363 0.658766 1.973593 0.336385 1.351457 0.388326 1.027870 0.885501 0.564702 0.271831 0.026569 0.021291 
2.266768 0.804044 1.779825 0.428511 0.841949 1.033833 0.618208 1.317697 0.168381 0.139194 0.281614 -0.011262 
2.271342 0.918500 1.958244 0.052903 1.144496 1.161280 0.693080 1.081859 0.666590 0.100303 0.257426 -0.013622 
2.775921 0.455932 1.797398 0.034783 0.440089 1.101655 0.396653 0.855391 0.316352 0.400201 0.399287 -0.007527 
2.595401 0.680078 1.612011 -0.418598 0.586866 0.135958 0.293082 0.694330 0.136233 0.089689 0.187699 -0.007387 
2.665132 0.952460 1.558284 -0.092572 1.864139 0.607225 1.067490 0.277144 0.300624 0.276613 0.459149 0.033184 
2.273927 0.478959 1.422501 0.156206 0.874211 0.877219 0.894699 1.508100 0.820717 0.253598 0.208659 -0.033393 
2.329969 0.840566 2.270685 0.629143 1.085598 1.034655 1.302897 1.157242 0.218142 0.326838 0.172422 0.000082 
2.549830 0.690465 2.142231 0.689133 2.000919 0.739552 0.648761 0.910451 0.463665 0.450499 0.255003 -0.001071 
2.604029 0.757112 1.542019 0.314733 1.136846 0.969339 0.780206 0.707887 0.366509 0.223632 -0.039112 0.005657 
2.446854 0.014333 1.044135 -0.154940 0.652735 0.734851 0.083387 0.732923 -0.000836 0.073800 0.202311 -0.093857 
2.303561 0.636273 1.488931 0.013206 0.432857 0.127516 0.123619 0.957186 0.604000 0.247311 0.033631 -0.009339 
2.584716 0.620421 2.167649 0.431291 1.140954 0.601979 0.920573 1.666002 0.185254 0.172503 -0.059317 -0.022676 
2.582094 1.352899 2.183892 0.162160 1.457026 0.826255 0.273528 0.659412 0.061226 0.283521 0.186207 0.024667 
2.659325 1.127502 1.699789 -0.121047 1.081994 0.876449 1.432907 0.727764 0.138443 0.219382 0.121502 0.010607 
2.605582 0.484750 2.095632 0.190113 1.373078 1.206772 1.163904 1.102939 1.011751 0.201253 0.169040 0.006995 
2.651280 1.052805 2.304249 0.003893 1.667295 0.574676 0.799851 1.174960 0.384328 0.350789 0.200151 -0.023480 
3.617864 3.067946 3.195761 3.295763 1.906365 0.910354 0.735754 0.616913 0.027698 -0.102169 0.266601 0.028344 
3.837043 0.054899 1.047573 1.324589 1.086192 0.364621 1.200388 0.163216 0.114971 0.387966 0.000471 -0.030399 
2.959200 -0.003662 1.894567 0.891532 1.416860 0.869354 0.553778 0.322417 0.240959 0.164577 0.129689 0.001852 
1.541421 0.434721 1.107286 1.818496 1.537873 1.805594 0.826384 1.127206 0.132687 0.508378 -0.149632 -0.031940 
1.120929 0.737301 1.138112 0.999431 1.179998 1.916393 1.237379 0.387431 0.690385 0.346595 0.365055 -0.156845 
0.611137 1.275662 2.606089 1.195015 -0.005300 1.762614 0.587266 0.383771 1.019206 0.129376 0.029285 -0.095883 
0.704905 1.545855 1.305477 0.871744 1.877421 1.684452 0.700817 0.366995 -0.362216 0.245363 0.041264 -0.103745 
0.808141 1.615650 1.511327 1.319738 1.342330 0.184953 0.420453 -0.417182 -0.335340 -0.098184 -0.114501 -0.082666 
1.292784 1.890979 1.382649 0.969883 1.041667 0.410236 -0.463793 -1.086589 -0.024752 -0.046306 -0.225348 0.031760 
1.567528 1.024492 1.120637 1.749285 0.773953 -0.237468 -0.908334 -0.896864 0.146661 -0.075380 -0.133120 0.007732 
1.060597 1.431347 1.151219 1.034685 0.424642 0.762205 -0.729693 -0.605101 -0.020957 -0.135987 -0.105937 0.069407 
1.796442 1.206288 0.527056 1.111891 0.715936 -0.406961 -0.364549 0.075200 -0.039689 0.059758 -0.182378 0.058619 
1.825268 0.911452 1.108963 0.906257 0.341295 0.483304 -0.170462 0.041539 0.258649 0.244948 0.057540 0.023872 
1.156677 1.285686 1.026442 1.114374 1.091449 0.718143 0.419130 0.200813 0.727355 0.245781 0.067080 -0.024801 
0.540818 0.778830 1.307143 1.713297 1.751940 1.434831 1.191235 0.540385 0.923350 0.668409 -0.132461 -0.034515 
0.854272 0.947437 1.828701 0.926899 1.173097 0.984499 1.508041 0.976431 0.753209 0.393552 -0.021167 -0.023123 
1.149021 1.148508 1.099386 1.433379 1.683543 0.377635 1.581948 0.854786 1.066291 0.028278 0.087557 -0.005435 
1.606545 0.130909 0.951549 1.375519 1.112969 1.658287 1.586038 1.523672 0.170710 0.431186 0.094476 -0.048829 
2.281001 0.107185 1.402754 1.360385 2.055756 1.498284 1.284659 0.213193 0.184214 0.150260 0.226956 0.021961 
3.822621 -1.015397 0.940017 0.783232 2.822794 1.047316 1.647776 0.845173 0.635449 0.127505 0.034001 0.065615 
7.208421 -1.513723 0.901558 1.010191 1.436324 0.652291 1.094593 0.874326 0.332757 0.162111 0.100287 0.091675 
5.577057 2.708757 1.078630 1.081526 0.706645 0.389358 0.402976 -0.050573 0.012018 0.403653 0.270826 0.068783 
3.834838 2.952625 2.532138 2.219114 1.474270 0.662578 0.134802 0.000709 0.056915 0.164704 0.273653 0.049907 
3.575317 3.308594 3.304291 2.823632 2.453941 1.653994 0.968112 0.712301 0.306533 0.199901 0.261167 0.042077 
3.407250 2.839280 3.163382 2.827342 2.364151 1.937118 1.435756 1.198344 0.681118 0.409918 0.175673 0.067367 
3.371142 2.257132 2.109986 1.205058 2.087516 2.236215 1.650358 1.483297 0.535663 0.407421 0.297113 0.072539 
3.490028 2.242728 2.481073 2.449568 3.211607 2.898332 0.993381 0.920858 0.227957 0.139870 0.396640 0.081440 
2.867095 1.177911 2.290333 0.450850 0.875270 1.259980 1.010420 0.886950 0.512674 0.258724 0.322659 0.003457 
2.745209 1.433769 1.974983 0.802464 1.385146 0.654841 0.859223 1.595589 0.867879 0.513269 0.192969 -0.044438 
-1.#IND00 -1.#IND00 -1.#IND00 -1.#IND00 -1.#IND00 -1.#IND00 -1.#IND00 -1.#IND00 -1.#IND00 -1.#IND00 -1.#IND00 -1.#IND00 
-1.#IND00 -1.#IND00 -1.#IND00 -1.#IND00 -1.#IND00 -1.#IND00 -1.#IND00 -1.#IND00 -1.#IND00 -1.#IND00 -1.#IND00 -1.#IND00 
