3.074953 1.054403 1.475127 -0.050051 1.798007 1.157129 0.420458 1.137901 -0.009834 0.365558 0.345835 0.008360 
2.942266 0.546710 1.900883 -0.688602 0.732071 0.683278 0.938594 0.855426 0.206388 0.084286 0.252134 -0.002372 
2.851519 0.558677 1.191021 -0.138327 1.199021 0.663409 0.915860 1.066166 0.695925 0.072581 0.172351 0.009728 
2.850241 0.769966 1.628537 -0.041436 0.272081 1.015795 0.823568 1.519344 0.164038 -0.000446 0.216388 -0.012501 
2.854543 0.664178 1.375089 0.143859 0.719313 0.706997 0.784250 0.862877 -0.131919 -0.077850 0.157084 0.010832 
3.117173 0.874346 1.530230 -0.285085 1.115872 0.626299 0.970408 0.866928 -0.109693 0.479841 0.316281 0.024762 
3.347916 1.248288 1.764518 -0.021449 1.434312 0.830192 0.964215 0.483212 0.858607 0.751985 0.023967 0.008933 
2.687464 0.477066 1.429886 0.020363 0.489500 0.548620 0.898759 0.889981 0.060138 0.300547 0.295790 0.012814 
2.980727 0.548787 1.632712 -0.235814 1.068670 0.761111 0.627248 1.188036 0.296095 0.373488 0.313736 0.015434 
3.238881 1.077366 1.671701 0.232740 0.437305 0.611392 0.967959 0.683930 0.280880 0.109210 0.207085 0.033370 
3.033435 0.975230 1.577310 0.143487 1.810206 1.015348 0.853855 1.433161 0.715878 0.355518 0.421798 0.011000 
3.092644 0.712174 0.913223 0.089660 1.774632 0.617187 0.841556 0.835886 0.438059 -0.096920 0.172792 0.059853 
3.057953 0.772526 1.378337 -0.285802 0.632933 0.511996 0.157541 0.791309 0.377695 0.241242 0.107763 0.030365 
2.619899 0.339037 1.561125 -0.461933 0.734443 0.218326 0.508624 0.517096 0.542058 -0.231465 0.018874 0.070762 
2.895115 0.553476 1.670262 -0.757152 0.687906 0.407465 0.779626 0.999430 0.115822 0.282513 -0.152290 -0.032719 
2.907402 0.256049 1.670789 -0.410758 1.011088 0.697357 0.984465 0.774252 0.397492 0.318095 0.072581 -0.005640 
2.785219 0.353898 1.472679 -0.470555 1.185777 0.585664 0.715807 1.054363 0.499373 0.272652 0.183348 0.010747 
2.965673 0.656427 1.299912 0.315601 0.727040 1.227704 0.971429 1.502682 0.644448 0.305951 0.282527 -0.000078 
3.173526 1.840784 2.004130 1.739507 1.782527 1.431968 1.443350 1.376182 0.949182 0.259962 0.206230 0.056900 
2.642058 -0.575088 2.056450 0.590700 2.346272 1.166901 1.449120 0.014824 0.878277 0.122832 -0.206147 0.096083 
1.240098 0.386051 1.725115 0.809989 2.496838 1.419144 1.006762 0.332442 0.632260 0.523585 -0.061096 -0.004662 
0.835077 0.686777 1.274728 1.461714 1.740096 2.256119 1.071621 0.654176 0.862672 -0.052654 0.220266 -0.069057 
0.610472 1.557859 1.093707 1.804905 1.382905 1.086980 1.095112 0.846887 0.860349 0.115439 -0.185629 0.015204 
0.635264 1.426567 1.891800 1.517454 1.683709 1.113976 1.531919 0.630507 0.206433 0.426593 -0.078445 0.005031 
0.456262 2.036939 1.641656 1.318508 1.263977 0.387569 1.227909 0.606332 0.392016 0.259811 -0.285536 0.018490 
1.176961 0.862024 1.091212 1.943373 1.233994 0.668052 0.832294 0.144663 -0.009605 -0.069934 0.176176 -0.119475 
0.900859 2.103572 1.492479 1.332921 0.268442 -0.251002 -0.213556 -0.660025 -0.484281 -0.116221 -0.369384 0.050284 
1.274064 1.513259 0.663305 0.755038 1.163005 -0.317980 -0.561188 -1.112403 -0.640360 -0.458084 -0.186643 0.089515 
1.283485 1.179799 0.910083 0.417017 -0.086839 -0.681139 -1.180021 -0.145317 -0.523948 -0.421442 -0.125197 0.029722 
1.484055 1.497924 1.151029 0.490250 0.172504 0.011711 -0.280749 -1.008434 -0.622355 0.034632 -0.018156 0.007340 
1.339172 1.562082 0.976152 -0.055058 -0.044566 -0.185493 -0.695536 -0.418219 0.338400 0.160671 0.010356 0.030595 
1.430713 1.715945 0.736549 0.280639 0.575747 0.270238 0.172338 0.655148 0.322461 -0.128724 -0.030088 -0.008878 
1.207548 0.654401 1.420440 1.934138 1.380901 0.172020 0.458831 1.593943 0.858893 -0.103943 0.049335 -0.007157 
0.497423 1.697972 1.466507 1.519049 1.261784 0.545600 0.937786 0.780778 0.812150 0.160810 0.092225 -0.018338 
0.941873 1.194305 0.946142 1.494026 1.087868 1.247070 1.391503 0.595735 0.717518 0.350758 0.052375 -0.049064 
0.759809 1.558072 0.814276 0.872016 1.755282 1.465936 0.732050 0.535726 0.617849 0.125430 0.125492 -0.011372 
0.669682 1.021154 0.945762 1.466620 1.801969 2.429596 1.353894 0.297218 0.600999 0.636760 -0.005439 -0.023322 
1.405025 0.573103 1.696436 1.008370 1.260525 0.602315 1.395243 1.279584 0.958058 0.041142 0.122770 -0.022298 
3.451408 -0.087792 1.466941 1.291825 0.599672 1.212487 0.906176 0.428981 0.735314 -0.021440 0.349984 0.099204 
6.749355 1.896837 0.697655 0.582415 -0.051447 0.083992 0.830927 1.072759 0.637652 -0.017524 0.135903 0.138186 
3.975152 3.561496 2.867280 1.791435 0.956306 0.537940 0.410502 0.364234 0.341402 0.270570 0.258591 0.062614 
2.580063 1.928348 1.510521 1.037432 0.856014 0.586400 0.462363 0.354337 0.078701 -0.030631 -0.040740 -0.008117 
4.072877 3.242164 3.468813 2.137788 2.205314 2.245562 1.747672 1.675028 0.321175 0.268052 0.099254 0.017169 
3.800058 2.610065 3.216536 2.753739 2.741327 1.798707 1.481031 2.035774 1.109774 0.089777 0.128379 0.081646 
3.225335 2.335691 2.647570 2.060408 2.041125 2.188254 1.681879 1.269225 0.776258 0.336581 0.188187 0.075446 
3.123300 2.513115 2.732915 2.055871 2.143797 2.188046 1.414623 1.085394 1.005769 0.348069 0.194740 0.079371 
3.421386 2.408239 2.922436 1.967747 2.486054 1.921669 2.089860 2.050079 1.003757 0.319565 0.028988 0.072700 
3.154128 1.664857 1.813833 0.947884 2.066585 1.564238 1.641746 1.656037 0.911928 0.608730 0.179379 0.032241 
-1.#IND00 -1.#IND00 -1.#IND00 -1.#IND00 -1.#IND00 -1.#IND00 -1.#IND00 -1.#IND00 -1.#IND00 -1.#IND00 -1.#IND00 -1.#IND00 
-1.#IND00 -1.#IND00 -1.#IND00 -1.#IND00 -1.#IND00 -1.#IND00 -1.#IND00 -1.#IND00 -1.#IND00 -1.#IND00 -1.#IND00 -1.#IND00 
