2.647299 0.673370 1.850787 0.048694 1.247082 0.641258 0.009848 0.867268 0.715263 0.288324 0.075213 -0.032672 
2.538269 0.623569 1.724321 1.111857 1.219327 0.504670 0.683056 0.847196 0.438775 0.193560 0.273164 0.024146 
2.467511 0.648034 2.602241 0.180280 0.894285 0.525659 0.563636 0.104670 0.423376 0.443935 0.170585 -0.002790 
2.621125 0.479137 1.681062 0.186751 1.032179 -0.146923 0.263955 0.438657 0.562161 0.132274 0.266892 0.042921 
2.352086 0.917756 2.369755 0.185969 0.979045 0.608781 0.244722 0.765917 0.105751 -0.078436 0.024130 0.011425 
2.562412 0.808632 2.144831 -0.183625 0.529350 1.940450 0.359597 0.980567 0.498342 0.114624 0.089030 0.008859 
2.857253 0.519228 2.477240 0.371469 1.167730 0.517891 0.323709 0.885127 0.286332 0.227454 0.064289 0.014699 
2.343796 0.514983 1.383416 -0.382155 1.254753 0.287110 0.263015 0.780412 0.581554 0.051528 -0.082378 0.020865 
2.422504 0.670818 1.572187 0.212936 1.180109 0.255250 -0.615999 0.491181 0.339898 0.093873 -0.033151 -0.036347 
2.679985 0.892590 1.908170 0.286161 1.077376 0.874698 1.121807 0.941551 0.038407 0.159334 0.498667 0.002683 
2.673000 1.125664 2.182027 0.828664 1.201676 0.940140 0.487273 1.138332 0.329208 0.048654 0.328567 0.026027 
2.474998 1.070977 1.388548 0.383239 1.425366 0.521021 0.942965 1.345628 0.009931 0.179900 0.243005 -0.018148 
2.870011 1.416853 1.661013 0.302207 1.190039 -0.253921 -0.154008 0.341486 0.492932 0.454675 0.142850 0.020226 
2.696589 1.089220 1.843635 0.231337 1.070758 0.699874 0.460565 0.795291 -0.008322 0.349169 0.261933 -0.006779 
3.634777 0.544433 0.734878 -0.145241 0.716064 1.588683 0.434487 0.275384 0.484931 0.694579 0.432156 0.035591 
3.497549 0.814119 0.778686 -0.625141 0.315522 -0.081241 -0.017817 0.350663 0.377625 0.090360 0.053739 0.000465 
2.941891 0.696767 1.549115 -0.860833 -0.240964 -0.831024 0.164791 0.696565 0.337473 0.474732 -0.107601 -0.034096 
2.941802 1.016085 1.502645 -0.386412 0.828466 0.774134 0.574180 1.210403 0.604108 -0.211514 0.449083 0.033136 
2.903025 0.670813 1.982688 0.668475 0.870190 0.952850 0.957226 0.866028 0.608385 0.075599 0.055630 0.021417 
2.909119 1.001392 1.827528 1.167008 1.274950 -0.033016 0.347608 0.917985 0.623323 0.363089 0.395685 0.018207 
2.797385 1.121524 2.031517 -0.028458 1.519932 0.814304 1.092980 0.450453 0.626890 0.313047 0.023776 0.023777 
0.982370 1.078729 -0.449364 -0.186850 -0.189172 -3.167273 -1.354214 -1.019860 -0.413113 0.129174 -0.300692 0.027363 
0.573888 0.812332 1.541121 1.565635 1.491248 1.132931 1.482052 1.578235 0.889505 -0.140327 0.155858 -0.063410 
0.794658 1.520117 1.020786 0.914223 1.410935 0.691677 2.059145 0.868662 0.393287 0.136172 0.137137 -0.071441 
0.812131 0.769357 1.123375 1.477979 1.720847 1.882057 1.410105 0.578625 0.540030 0.433619 -0.145467 -0.045564 
0.715918 1.097798 1.426538 1.615440 1.453425 1.607066 0.735473 1.135884 0.825912 0.102113 0.061863 -0.064076 
0.841859 0.802281 1.753337 1.625245 0.938082 1.287110 0.774957 0.620104 0.758901 0.003647 0.323993 -0.097623 
1.014156 0.794681 1.387252 1.314351 1.454116 1.675566 0.788629 1.487162 0.176528 0.320639 -0.077031 -0.057884 
0.711224 1.019678 1.279744 1.691906 1.857999 1.452644 1.010871 0.597122 0.548563 0.438223 -0.253986 0.024956 
1.152763 0.632584 1.554369 1.387429 1.389017 1.297770 0.737155 1.392432 0.838357 0.302958 -0.097803 -0.020562 
0.958159 0.998479 1.538018 1.334456 1.409039 1.064419 1.153447 1.084791 0.313863 0.329116 0.123433 -0.086480 
2.140110 0.155545 1.424755 1.349598 1.334907 0.770486 0.655522 0.340969 0.691064 0.132619 0.289067 0.002115 
2.083665 0.051503 1.547781 1.213662 1.014800 1.174377 1.379265 1.121918 0.587756 -0.115243 -0.101377 0.017878 
3.790315 -1.104698 1.790574 0.788543 1.628616 0.912089 0.804126 1.205809 0.237098 0.154210 0.286949 -0.028525 
6.522769 0.693113 -0.952510 1.804040 1.582583 0.356555 0.937206 0.803567 0.627816 -0.000435 0.026242 0.045066 
5.065919 2.907096 0.583851 0.090807 0.791226 0.925261 0.453353 0.166359 0.187106 0.067085 0.207956 0.074643 
4.687544 2.685267 1.984245 1.594276 0.690756 0.419371 1.036522 0.568460 0.111652 0.332555 0.187326 0.035976 
4.491879 2.623238 1.432374 1.225794 1.021936 1.097372 0.929936 0.818909 0.766319 0.396552 0.137688 0.021231 
2.995356 2.528263 1.949501 1.755065 1.767804 1.704121 1.244091 0.471667 0.176275 0.213866 0.201558 0.047827 
2.916337 2.439648 2.183124 1.899225 1.521447 1.098920 0.855209 0.656748 0.470583 0.341201 0.215667 0.043609 
2.807548 2.330215 2.046308 1.745673 1.547177 1.342174 1.009282 0.717750 0.546007 0.403341 0.229127 0.049929 
3.022571 2.497211 2.609849 2.517414 1.937434 1.576768 1.414249 1.283646 0.541339 0.259888 0.086903 0.054384 
4.529238 3.327824 4.227879 3.496879 2.288002 1.776996 1.389370 2.065038 0.597124 0.100789 0.252206 0.069998 
2.650972 1.622711 2.493746 1.500733 1.717525 1.305413 1.120273 1.032797 0.641161 0.530660 0.427782 0.042524 
2.859828 1.242527 2.537869 0.697771 1.607018 1.591758 0.512585 1.861092 0.751171 0.546198 0.094219 -0.005482 
2.736776 0.920504 1.933011 0.878417 2.130576 1.823708 1.354966 0.495988 0.733481 0.657832 0.204577 0.025311 
2.799977 1.197657 2.027520 0.615678 1.570079 0.687369 0.823048 1.131462 0.373708 0.332513 0.269598 0.041519 
2.807515 1.036118 1.842481 0.793080 1.091750 0.815171 0.739398 0.574112 0.819651 0.148730 0.059058 0.052958 
-1.#IND00 -1.#IND00 -1.#IND00 -1.#IND00 -1.#IND00 -1.#IND00 -1.#IND00 -1.#IND00 -1.#IND00 -1.#IND00 -1.#IND00 -1.#IND00 
-1.#IND00 -1.#IND00 -1.#IND00 -1.#IND00 -1.#IND00 -1.#IND00 -1.#IND00 -1.#IND00 -1.#IND00 -1.#IND00 -1.#IND00 -1.#IND00 
