0.024595 0.105079 0.006045 -0.440525 0.171794 -0.011390 -0.270390 0.070507 -0.028869 0.289042 -0.155875 0.013498 
2.432812 0.738834 1.905811 0.968768 2.267425 1.374677 0.708525 0.672115 0.177856 -0.356539 0.226628 0.058937 
2.708071 1.022391 2.507448 1.235299 0.973555 0.461337 0.695945 0.713273 -0.027302 0.066323 0.166602 0.007461 
2.786305 1.303087 2.609971 0.703274 1.631353 -0.092881 1.136365 1.456492 0.027491 0.411152 0.107563 0.003891 
2.814193 1.187849 2.509720 0.823961 0.967728 0.526172 0.884137 -0.215043 -0.136560 -0.131668 0.035184 0.045727 
2.317908 1.054004 1.687406 0.676728 1.743964 0.889236 0.902100 0.837006 0.562409 -0.139192 -0.009060 0.041146 
2.573730 0.992172 2.179746 -0.221947 1.133311 1.284872 0.451550 0.841907 0.547737 0.316749 0.058959 -0.028548 
4.203767 1.257527 1.072777 -1.863580 -0.758450 -0.125626 0.878851 0.399494 0.365395 -0.004475 0.109016 0.085251 
2.403064 1.049576 2.404682 0.296079 1.665003 1.163461 0.840369 1.218898 0.329401 0.051632 0.076539 0.023640 
2.142720 0.938645 1.643998 0.378325 0.808332 0.985301 -0.138156 0.303345 0.872163 0.195036 0.025140 0.043996 
2.387300 0.560660 2.035480 -0.147079 1.156199 0.555415 0.682291 0.510360 0.373216 0.284743 -0.055202 0.014478 
2.206034 0.788170 2.903011 0.654600 1.965792 0.616331 1.110837 1.068419 0.568404 0.449572 0.120771 0.022499 
2.453465 0.490148 1.904956 0.847691 0.919330 0.450077 0.359480 0.443898 0.410627 0.304752 0.131591 -0.034155 
2.544877 0.902084 2.188285 1.232033 1.920684 0.858161 0.832970 0.798677 0.561574 0.691013 0.077036 -0.006732 
2.674516 0.919305 2.468306 1.043316 1.265683 0.954212 0.872321 1.220760 0.675432 0.304762 0.413190 0.028525 
2.284625 0.955690 2.148593 0.718002 1.651957 0.984966 0.698625 1.096350 0.273069 0.308331 0.195514 0.012415 
3.999639 0.602973 0.456964 -1.696975 -0.389310 -0.874270 -0.114406 0.741678 -0.039099 0.010698 0.081485 0.053903 
2.333400 0.722316 1.806816 0.409858 1.104659 0.930995 0.696059 1.349162 1.042227 0.309054 0.423680 -0.092753 
2.522842 1.135424 2.128788 0.706522 1.914052 0.410993 0.615774 1.048835 0.741073 0.494661 0.173212 -0.006577 
2.685995 0.687528 2.351856 1.077585 1.216816 1.295501 0.745928 0.768890 0.281463 0.532159 0.224744 -0.007794 
2.424105 1.137535 2.488018 0.118189 0.847954 0.806063 0.444263 0.093869 -0.003433 0.277243 0.129862 0.002498 
2.726717 0.950709 2.257285 0.962884 0.690049 0.333489 0.100147 0.174312 0.488343 0.183280 0.255955 0.037838 
1.693283 0.927090 1.813230 0.842701 0.320294 0.208210 -0.538662 1.209294 0.472104 0.097129 0.103873 0.032115 
0.651459 1.312915 1.571354 1.380987 1.696073 1.876855 0.681932 0.215603 0.191228 0.325482 0.104147 -0.019788 
0.723364 1.175504 1.518949 0.746109 1.365339 1.206109 1.267022 0.802190 0.508752 0.713770 0.014315 -0.113843 
0.900400 0.746438 0.546548 2.158167 1.070616 2.207302 0.936936 1.481214 0.463133 0.048902 0.045887 -0.066761 
0.861328 1.245192 1.157966 1.520088 1.139409 1.835142 0.985647 0.501648 0.483056 0.426663 -0.011253 -0.039233 
0.927175 1.040612 1.299484 1.085422 1.300795 1.658400 1.804462 0.471179 0.131324 0.201791 0.093736 -0.061406 
0.952267 0.774504 1.890865 1.092469 1.522047 1.471704 1.420442 0.626216 0.608296 0.073316 0.246129 -0.093918 
0.486405 0.985326 1.371565 1.600960 1.471674 1.610850 1.233612 0.819231 0.320348 0.352709 0.093089 -0.123275 
0.703425 1.035864 1.006611 1.113543 1.311976 1.912659 1.743077 0.441508 0.213375 0.460912 0.020879 -0.070269 
1.367515 0.592250 1.479848 1.238255 1.592157 1.212839 1.208479 1.021406 0.747791 0.079868 0.132936 -0.036122 
1.782264 0.446571 1.492796 1.187255 1.730443 1.242320 1.118833 0.386302 0.388900 0.098215 0.293597 -0.005799 
1.798184 0.345515 1.232752 0.720120 1.946183 0.977043 1.319574 0.351155 0.632200 0.031747 0.070356 -0.035091 
3.732328 -0.133537 1.052280 0.972021 1.039679 0.421455 1.095284 1.278898 0.350871 0.776402 0.183220 -0.087526 
4.141275 2.089279 0.250596 0.093354 0.755204 0.851933 0.444663 0.395014 0.523157 0.318944 0.043175 0.006763 
4.490746 1.819778 -0.183886 0.335340 1.347044 1.013620 0.307035 0.385367 0.484713 0.176168 0.260029 0.052343 
3.940813 3.178960 2.003894 0.875297 0.243241 0.198162 0.376411 0.460304 0.322179 0.112599 0.005880 -0.001776 
3.548881 3.051519 2.459329 1.737161 1.057084 0.551320 0.382129 0.287423 0.211646 0.164432 0.116753 0.035604 
3.244329 2.943916 2.806373 2.562135 2.231795 1.659846 1.209787 0.889575 0.536892 0.293469 0.152203 0.051348 
2.935638 2.534497 2.319728 2.049599 1.739424 1.426385 1.077916 0.765242 0.529466 0.354755 0.200953 0.054796 
2.905177 2.495229 2.330049 2.114673 1.845324 1.504967 1.176060 0.816847 0.533156 0.284579 0.116171 0.050680 
4.213230 1.662396 2.481474 -2.538627 2.741082 0.206317 -0.012416 1.118469 0.700427 0.603252 0.165097 0.065053 
2.902999 2.480704 2.362129 2.276747 1.992025 1.581668 1.358401 1.079415 0.709379 0.432341 0.255736 0.076713 
2.633431 2.088764 1.891832 1.737049 1.386420 1.170593 0.993968 0.741544 0.502388 0.311988 0.124872 0.043454 
2.778409 2.466734 2.312654 1.873426 2.281289 1.736288 1.304005 1.083631 0.969636 0.676172 0.239450 0.088913 
2.712849 1.546064 2.323462 1.230460 1.547985 1.656226 0.656697 0.996274 0.576636 0.131836 0.131714 0.052682 
2.745822 1.451417 2.302237 1.323138 1.958488 1.012524 0.890063 1.129641 0.766890 0.505250 0.544586 0.055985 
-1.#IND00 -1.#IND00 -1.#IND00 -1.#IND00 -1.#IND00 -1.#IND00 -1.#IND00 -1.#IND00 -1.#IND00 -1.#IND00 -1.#IND00 -1.#IND00 
-1.#IND00 -1.#IND00 -1.#IND00 -1.#IND00 -1.#IND00 -1.#IND00 -1.#IND00 -1.#IND00 -1.#IND00 -1.#IND00 -1.#IND00 -1.#IND00 
