3.221247 1.487346 2.169715 0.073003 1.702378 -0.096967 0.592055 0.579307 -0.451289 -0.232457 -0.044534 -0.052320 
2.873791 1.041268 1.797448 0.132479 1.097739 0.596576 0.484146 0.491696 -0.134770 0.472137 -0.137104 -0.095286 
3.147042 1.011292 1.946916 0.098006 1.360455 1.365074 0.795175 0.413878 0.207935 0.274566 -0.229139 -0.069604 
3.632249 1.941470 2.582542 1.512596 0.746815 0.431133 0.293354 -0.336701 -0.616724 0.230353 0.311587 0.051854 
3.368128 1.131727 2.358786 0.024184 1.482642 0.547687 0.721642 0.240027 0.446652 0.236956 -0.000773 0.034481 
3.106296 1.061927 1.970037 1.213451 0.900648 1.058725 1.217866 1.010895 0.561439 0.445461 0.479654 0.031917 
2.979620 1.028323 1.576440 0.711748 2.239950 1.335813 1.041875 0.658255 0.684788 0.097544 0.151292 0.035783 
2.643679 1.052982 1.990285 0.706039 1.806441 1.222807 1.091921 1.573596 0.887210 0.450992 0.386282 -0.001087 
2.941951 1.806439 2.104172 0.676606 1.514691 1.455476 1.112320 0.773846 0.481935 0.454348 0.340186 0.033759 
2.859574 1.982623 2.302164 0.726664 1.483080 1.187184 1.292227 1.020648 0.488928 0.699189 0.345063 0.033820 
2.903879 1.652283 2.246907 0.795748 1.442815 1.293449 1.445904 1.345468 0.609683 0.864346 0.329610 0.014068 
3.100478 1.480727 2.519956 0.663169 1.531622 1.265616 1.175161 1.305215 0.950056 0.379172 0.379292 0.048836 
2.894992 1.114455 2.404630 1.381733 2.264566 1.231424 1.521420 1.659013 0.466948 0.502167 0.034376 0.021233 
3.044257 1.241818 2.424485 0.886775 1.141421 1.192782 0.897477 0.579468 0.185099 0.616708 0.436773 0.010110 
2.906647 1.350204 2.242452 0.436139 1.215809 0.367822 1.270023 1.666445 0.231952 0.491325 0.036901 -0.051313 
2.917093 1.521843 2.092141 0.699925 1.569908 1.330349 1.181620 0.903239 0.694658 0.185628 0.569149 0.041557 
2.802351 1.414238 2.078969 0.362447 1.195781 0.904704 1.349592 1.235622 0.005670 0.950301 0.211276 -0.044378 
2.763155 1.237982 2.326348 0.104500 1.879844 1.369935 0.573197 0.952283 0.701008 0.220681 0.072698 -0.007661 
2.868768 1.064590 2.531225 -0.149112 1.719693 1.092229 0.944115 1.018151 0.722776 0.467643 0.205751 0.007255 
2.456725 1.240586 2.189002 0.347499 1.409252 1.893441 1.225754 0.974299 0.670810 0.560402 0.354905 0.009161 
2.964083 1.206791 1.693721 0.266356 1.307119 0.906903 1.318632 0.554997 0.131569 0.445773 0.422696 0.020086 
3.545005 1.563762 1.999470 0.826544 0.913671 1.057381 0.437322 0.271202 0.025201 0.451108 -0.017824 -0.009958 
1.409833 1.044712 1.104869 0.541077 1.033481 0.414707 0.251728 0.214250 1.271833 0.317161 0.517525 -0.129727 
0.537492 1.070743 0.935212 2.359317 1.991015 1.336606 1.265318 1.087435 0.054114 0.098759 0.119046 -0.008362 
0.915844 1.191070 1.874913 1.164644 0.825194 1.719037 0.163901 0.901316 0.473935 0.463475 -0.053979 -0.052398 
0.627075 1.056747 1.636281 1.363376 1.252538 1.320641 1.391784 0.188653 0.293952 0.341445 0.060642 -0.087212 
0.995855 1.741441 1.377063 0.439116 1.154384 1.820740 0.335862 -0.038455 1.044155 0.148888 0.329566 -0.116803 
0.950992 1.156780 1.264825 1.697974 1.662870 0.179995 1.005266 1.850580 0.061146 0.435013 -0.158584 -0.023369 
0.693294 1.112833 1.357962 1.171185 2.248259 1.539712 1.366587 0.713246 0.113857 0.329973 0.205663 -0.060071 
0.487637 1.144099 1.067750 1.694623 1.479008 1.096931 1.723722 0.855159 0.302019 0.276388 0.132449 -0.059711 
0.460482 1.157514 1.220685 1.930711 1.964080 0.839431 0.953549 1.120012 0.647787 0.262432 0.127878 -0.077422 
0.810170 1.081674 1.583954 1.218510 1.097789 1.565559 1.084356 0.751313 0.734914 0.399114 -0.080478 -0.018546 
0.759535 1.018934 1.405204 1.470912 1.271487 1.117584 0.897692 1.088888 0.506189 0.407583 0.209838 -0.100978 
0.677246 1.216329 1.137396 1.499344 1.620702 1.158865 1.318936 1.240823 0.547971 0.188577 0.228976 -0.098436 
2.506920 -0.022539 1.601742 0.904293 1.036344 1.180128 1.144663 0.919542 0.430913 0.269488 0.255993 -0.033463 
5.127118 0.457046 -0.018558 1.420548 0.503344 0.550772 1.006465 0.457047 0.259594 0.416432 0.310511 0.033340 
5.646969 2.566967 -0.144552 0.223676 1.267106 0.881909 0.179734 0.513461 0.653687 0.227168 0.204350 0.051884 
4.329732 3.288681 1.754852 0.379856 0.041892 0.457614 0.886271 0.880426 0.573513 0.168745 -0.027772 -0.032818 
4.673160 4.076295 2.777607 1.509378 0.286498 0.054998 0.509008 0.608751 0.340309 0.297595 0.319903 0.087816 
3.387175 2.883953 3.007175 3.118840 2.188108 1.269162 1.242170 1.154617 0.482731 0.104923 0.162047 0.045380 
4.312582 3.772358 3.994530 4.208791 3.109991 1.397290 1.203716 1.122689 0.086677 -0.034757 0.163828 0.016830 
2.741475 2.316170 1.906957 1.606891 1.619884 1.245929 0.911902 0.495958 0.503853 0.387342 0.123588 0.020886 
2.900532 2.373149 2.139924 1.887846 1.833273 1.270767 1.117106 0.782308 0.468102 0.333935 0.174438 0.039921 
2.665376 1.969301 2.064734 1.481607 1.516150 1.577534 1.075467 1.128446 0.600039 0.294104 0.247917 0.044368 
2.935534 2.266069 2.392733 1.756194 1.519095 1.151896 1.083154 0.986774 0.746787 0.712951 0.279972 0.068284 
2.966563 1.552824 2.644195 1.399407 1.470239 0.908173 0.646200 1.253345 0.456290 0.688219 0.615994 0.043628 
2.856059 1.440707 1.946545 0.467341 0.949543 0.775003 0.254355 0.316204 0.355825 0.402248 0.234697 0.005008 
2.895111 1.805999 2.229592 0.807757 1.188673 1.166608 0.228039 0.400523 0.531632 0.893451 0.568160 0.039979 
-1.#IND00 -1.#IND00 -1.#IND00 -1.#IND00 -1.#IND00 -1.#IND00 -1.#IND00 -1.#IND00 -1.#IND00 -1.#IND00 -1.#IND00 -1.#IND00 
-1.#IND00 -1.#IND00 -1.#IND00 -1.#IND00 -1.#IND00 -1.#IND00 -1.#IND00 -1.#IND00 -1.#IND00 -1.#IND00 -1.#IND00 -1.#IND00 
