2.593383 1.041767 2.778262 0.499042 -0.010012 -0.299866 -0.722541 0.078002 0.200341 0.071218 0.296148 0.035407 
2.916741 0.966088 2.446278 -0.472558 1.375211 0.251589 0.014282 -0.293134 0.294731 0.163843 -0.067588 0.052962 
2.580559 1.185663 2.498888 0.530960 0.920902 -0.056397 -0.269214 0.625083 0.065873 0.277366 0.258214 -0.000013 
2.422466 1.287850 2.318637 0.151800 1.232164 1.138275 0.156121 0.850288 0.160413 0.252395 0.219355 0.007986 
2.534465 1.112846 2.625204 1.127658 1.129896 -0.125817 -0.222930 0.821916 0.545102 0.512180 0.471652 0.032259 
2.403468 0.978105 2.290227 0.287030 0.441498 -0.027944 -0.342600 0.315090 0.060720 0.048785 0.033815 0.035227 
2.632962 1.137426 2.521749 1.022645 1.195263 0.226487 0.831731 0.422701 0.587542 0.526758 0.512619 0.027876 
2.742613 1.130731 2.146185 0.533069 0.615896 1.109408 1.312681 0.509142 0.520136 0.085850 0.226243 0.034337 
2.450394 0.737997 1.974252 0.576341 1.146726 -0.038242 0.352056 0.673096 -0.327317 0.092415 0.401697 0.004224 
2.604288 0.990737 2.270181 0.436734 1.102643 1.105705 1.014691 0.981768 -0.259740 0.308059 0.228527 -0.017000 
2.541805 0.829082 2.748452 0.917514 1.897565 1.122038 0.562229 1.129353 0.414455 0.371739 0.233267 -0.009013 
2.577375 0.704872 2.246805 0.327287 1.272062 0.296654 0.201518 1.110320 0.520265 0.541455 0.155922 -0.003978 
2.634836 0.458350 2.338117 0.522737 1.205617 1.721766 1.328425 0.640765 0.274483 0.533416 0.183168 -0.028978 
2.475255 0.990416 1.881516 0.600485 2.092034 0.700006 1.254685 1.177887 0.266679 0.682940 0.362977 -0.014889 
2.598960 0.710115 2.123460 0.704961 2.162298 1.477486 0.525827 1.041467 0.359600 0.329381 0.500297 0.018783 
2.450692 0.524194 2.332348 0.568421 1.871454 0.533048 0.748152 1.187662 0.286493 0.206641 0.402024 0.009395 
2.242376 0.375039 2.231719 1.038078 1.602755 1.390069 -0.128524 0.278331 0.587065 0.261689 0.134687 0.017392 
2.563130 0.995012 2.019799 0.965548 1.519194 1.196973 0.556569 1.005431 0.669054 0.258210 0.419313 0.009776 
2.502227 1.191491 2.279185 0.806295 2.234290 1.085496 0.998202 0.673898 0.285281 0.360959 0.104980 0.027015 
2.070395 0.500926 1.833038 0.771869 1.747400 0.994884 1.870170 0.946126 0.617673 0.434686 0.259922 -0.023198 
0.845275 1.657425 1.955676 -0.709561 0.568328 -0.124143 2.055896 0.343842 0.165202 0.548651 -0.168657 -0.032226 
0.534221 0.791387 1.894604 1.261656 1.407159 2.180525 1.371570 0.595061 0.470725 0.684235 -0.155789 -0.038029 
0.841818 1.074449 1.203606 1.493594 1.633328 0.912438 1.567365 0.355708 0.561364 0.477939 0.170818 -0.101600 
0.954867 1.175926 1.443518 2.535534 0.228682 1.292753 0.466394 0.549353 0.854260 0.192547 0.119944 -0.043127 
0.907995 1.234178 0.959243 1.344676 1.418295 1.066236 0.918126 1.117571 0.699300 0.805323 0.078114 -0.102954 
0.672165 1.015270 1.284131 2.320470 1.735239 1.466817 0.643214 0.697279 0.844934 -0.024741 0.162971 -0.034780 
0.630421 1.540518 1.010847 1.115554 1.822018 1.805745 1.139909 0.568760 0.642563 0.238908 0.015083 -0.024773 
0.630330 0.748573 1.243016 1.898931 1.547100 1.403704 1.418581 1.318557 0.218555 0.441985 0.172021 -0.119202 
1.032393 1.041753 1.565589 1.056337 1.133662 1.541567 1.137513 1.236856 0.661224 -0.125600 -0.025694 -0.030378 
0.737596 0.731173 1.352883 1.348248 1.720159 1.862553 1.287605 1.066699 0.173634 0.390345 0.081275 -0.133392 
1.619214 0.778010 1.323102 1.413908 1.019500 1.177924 0.749228 1.450064 0.723164 -0.048904 -0.193772 0.010542 
1.794154 0.448615 1.494027 0.630195 1.035714 0.226219 0.930360 1.354307 0.585087 -0.010581 0.126340 -0.030331 
4.076855 -1.468936 2.538395 0.401752 1.562692 1.105767 0.976770 1.020547 0.214942 0.235114 0.252255 0.008122 
5.651407 -1.288472 0.983159 2.074478 -0.045054 0.913262 0.183733 0.165642 0.680674 0.457444 -0.033008 -0.014621 
7.443858 1.856290 -0.281005 1.542952 1.300325 0.228201 0.595404 0.549066 0.565660 0.095815 -0.041319 -0.017979 
4.454428 3.798452 2.520048 1.226059 0.443415 0.116059 0.067022 0.282530 0.373009 0.302405 0.193101 0.067795 
4.354955 3.737336 2.503762 1.351081 0.458588 0.255332 0.344374 0.542570 0.549485 0.293430 0.191131 0.056031 
4.323534 3.830124 3.919033 3.629974 1.735892 0.407979 0.401602 0.662066 0.140123 -0.078762 0.137972 0.050728 
4.600888 4.448722 4.556409 3.055544 1.749053 0.502284 0.100964 0.373093 -0.034306 -0.044973 0.051964 0.027713 
3.590794 2.914359 3.583704 4.131275 2.906381 1.657411 1.999064 1.358878 0.654784 0.353861 0.180782 0.069044 
4.542170 4.284953 4.173418 3.604826 2.255654 1.028428 0.672260 0.321724 0.035038 0.062950 0.178558 0.051819 
3.110151 2.630544 2.936408 2.581108 2.408615 1.883822 1.730071 1.072815 0.764360 0.553041 0.326302 0.099949 
3.162581 2.660431 3.113572 3.190521 2.582317 1.671633 1.637441 1.597913 0.700412 0.274548 0.269677 0.096492 
2.496049 1.195496 2.518104 0.948650 1.612893 1.752898 0.875959 0.727811 1.157070 0.795232 0.226541 0.044814 
2.534343 1.385903 2.597182 1.409356 2.199481 0.814330 1.204186 1.093935 0.647630 0.261927 0.324547 0.051901 
2.689881 1.230763 2.482352 1.357777 2.064511 1.720795 0.591799 0.872161 0.634108 0.392711 0.326335 0.030487 
2.387960 1.018387 2.382585 1.219083 1.417293 1.788861 1.403480 0.728358 0.358244 0.745597 0.295295 0.014260 
2.373274 1.382343 2.593770 1.256935 2.101604 0.052493 0.940937 1.695156 0.701434 0.327070 0.005494 0.047554 
-1.#IND00 -1.#IND00 -1.#IND00 -1.#IND00 -1.#IND00 -1.#IND00 -1.#IND00 -1.#IND00 -1.#IND00 -1.#IND00 -1.#IND00 -1.#IND00 
-1.#IND00 -1.#IND00 -1.#IND00 -1.#IND00 -1.#IND00 -1.#IND00 -1.#IND00 -1.#IND00 -1.#IND00 -1.#IND00 -1.#IND00 -1.#IND00 
