2.634224 0.513507 1.693543 0.042046 1.071196 0.651110 -0.113003 0.638122 0.441443 0.057605 0.020105 0.006602 
2.394335 0.668650 1.951125 0.626685 1.311899 1.251029 0.691370 1.378035 0.459857 0.555720 0.061369 -0.047632 
2.767193 1.161561 1.658915 0.348011 1.093196 0.983499 0.542103 1.050754 0.444633 0.775626 0.143028 -0.041216 
2.615966 0.762159 2.231230 0.310979 1.627748 0.934655 0.772244 1.068668 0.055860 0.330004 0.305901 -0.024321 
2.027584 0.550176 1.927093 0.191533 1.889097 0.371196 0.747696 0.617166 0.206755 -0.025879 -0.025711 0.004499 
2.355915 0.862982 2.175822 0.449367 1.734972 1.045262 0.539898 1.036251 0.666257 0.033273 0.289224 0.000459 
2.605174 0.756867 2.276541 0.927704 1.627265 0.806674 0.802175 1.645876 0.396072 0.153867 0.228868 -0.005917 
2.442896 0.430107 1.681231 0.365806 1.457635 0.741454 0.826271 0.717717 0.010928 0.104624 0.003258 0.024239 
2.292587 0.630404 2.463565 0.875261 1.693587 1.309087 1.193667 0.968443 0.173866 0.276381 0.194037 0.011105 
2.376325 0.964925 2.303347 1.047445 1.281653 0.286751 1.053845 1.200449 0.650122 0.654333 0.127004 0.001972 
2.382420 0.466618 1.775068 0.077851 1.350262 0.671133 0.712624 0.275256 0.592723 0.402316 0.181985 0.018848 
2.159807 0.745059 2.443286 0.393445 1.457684 0.947597 0.942624 1.453752 0.458018 0.150485 0.129447 -0.031982 
2.423072 0.822652 2.340766 0.511698 1.018186 0.904037 0.241920 1.073385 0.339954 0.309934 -0.052012 -0.037741 
2.328503 0.999257 2.273262 0.605045 2.200746 1.049115 0.599726 1.480619 0.930835 0.299436 0.301839 -0.015705 
2.589715 1.363027 1.972723 0.869022 1.851620 0.787158 0.242841 0.651019 0.003422 0.779708 0.102379 -0.020375 
2.597824 1.005547 2.292138 1.376744 1.437270 1.410611 0.485819 1.001375 0.747253 0.261885 0.304626 0.010434 
2.540966 0.542547 2.853002 0.548044 1.580975 1.089132 0.998836 1.288960 0.836462 0.336545 0.211993 0.013802 
2.527822 0.422837 1.905549 0.709939 1.370589 1.430682 1.305918 0.723901 0.297861 0.646577 0.091925 -0.024891 
2.569063 1.270519 1.875028 0.552806 1.338603 0.380738 0.989353 0.923572 0.150643 0.478540 0.216075 -0.008774 
2.461669 1.044197 1.729581 0.530494 2.217606 0.590082 1.399839 0.816847 0.408631 0.483289 0.277473 -0.003604 
2.516059 0.886951 1.838032 0.677413 1.521410 0.700046 0.582501 0.777280 0.259728 0.327768 0.020232 -0.012169 
1.450864 0.970559 1.933252 0.657054 1.354802 -0.070022 1.016676 0.271767 -0.439368 -0.199307 0.159832 0.021614 
0.501762 1.260908 1.758184 1.566293 1.338135 2.055128 0.835474 0.542799 -0.080942 0.636646 -0.244080 0.061439 
0.748282 0.975741 1.749344 2.168614 1.159631 0.941555 1.071149 1.150343 -0.004629 0.309459 0.110789 -0.054626 
0.644956 0.894243 1.845742 2.243827 0.820686 1.408013 1.520039 0.861580 0.560933 0.171918 0.081676 -0.065591 
0.892766 0.926265 1.271104 2.023097 1.175008 0.880738 1.433731 0.941715 0.207707 0.573837 0.030973 -0.061114 
0.479188 0.933744 1.397505 1.771499 2.245059 1.055642 2.116298 0.868024 0.100624 0.353915 0.028552 -0.008202 
0.774612 0.968675 1.567211 1.173716 1.298484 2.756913 0.681379 0.602311 0.692105 -0.008206 0.183699 -0.062663 
0.790665 1.377164 1.251971 0.698874 1.627797 1.202163 1.547337 0.568291 0.799411 0.075097 -0.187044 -0.018972 
0.896110 1.142098 1.055260 1.236298 1.104309 1.149000 1.552827 1.027707 0.343947 -0.040951 0.091707 -0.084651 
0.938782 0.732908 1.343500 1.664494 1.264532 0.822835 1.285582 0.705174 0.584600 0.173817 -0.005456 -0.071165 
1.636884 0.921897 0.800469 1.336160 1.210937 1.825534 0.908711 1.300614 0.640701 0.539464 0.095166 -0.091020 
2.453183 -0.186757 1.559116 0.419040 2.587311 0.345767 1.885715 0.314003 0.628415 0.248350 -0.035792 0.029594 
4.552737 -2.032731 2.622570 0.182966 1.532540 0.971175 1.184032 1.242919 0.659655 0.401818 0.150643 0.043315 
6.492981 -0.315261 -0.137072 2.163633 0.477103 0.432844 1.128887 0.391329 0.335229 0.127537 0.198591 0.112311 
4.687669 2.261461 0.511018 0.895517 1.377730 0.862744 0.571469 0.764048 0.616093 0.072425 0.014474 -0.011321 
3.289662 2.864882 2.419695 1.854983 1.266662 0.765690 0.462598 0.338227 0.272020 0.272487 0.226359 0.045897 
3.418821 3.046138 2.628675 2.037838 1.384741 0.881396 0.602532 0.477336 0.431098 0.368623 0.253329 0.057557 
3.291967 2.828184 2.353028 1.731704 1.096052 0.673067 0.480930 0.401828 0.345591 0.279264 0.190885 0.034023 
4.933249 4.512669 4.810273 3.346752 2.430725 0.970724 0.446828 0.673057 0.060509 -0.012236 0.094783 0.027708 
4.264063 4.091449 4.559626 3.688093 2.553805 1.109041 0.450042 0.825560 0.281488 0.125406 0.116961 0.039734 
2.902454 2.377695 2.432045 2.344140 1.975400 1.610091 1.365530 1.062392 0.780017 0.399024 0.263700 0.077740 
2.658138 2.134407 1.956886 1.663590 1.350561 1.167960 0.908735 0.607638 0.406539 0.304950 0.156750 0.033705 
2.768247 2.044881 2.036025 2.134731 1.561951 0.964967 1.135505 1.170299 0.621774 0.282702 0.230927 0.054945 
2.624436 1.522193 2.808123 -0.042497 1.993660 1.329029 0.596092 0.645548 0.861464 0.689715 0.299519 0.070679 
2.489918 0.940365 2.477606 0.464482 1.816777 1.749295 0.849151 0.967618 0.840316 0.342081 0.238158 0.054367 
2.310839 1.279557 1.808738 0.761431 1.438402 1.010114 1.335344 1.152341 0.867222 0.217643 -0.060002 0.043003 
2.581410 1.222759 2.021500 1.384511 2.016430 0.946026 0.714221 0.990760 0.712677 0.316948 0.232042 0.046165 
-1.#IND00 -1.#IND00 -1.#IND00 -1.#IND00 -1.#IND00 -1.#IND00 -1.#IND00 -1.#IND00 -1.#IND00 -1.#IND00 -1.#IND00 -1.#IND00 
-1.#IND00 -1.#IND00 -1.#IND00 -1.#IND00 -1.#IND00 -1.#IND00 -1.#IND00 -1.#IND00 -1.#IND00 -1.#IND00 -1.#IND00 -1.#IND00 
