2.935483 0.607665 1.632639 0.964271 2.071019 1.047676 1.519924 0.706570 0.687722 0.046647 0.235829 0.049907 
2.977557 0.998021 1.880430 0.271170 0.879387 0.822004 0.695314 0.230951 0.284653 0.503057 0.353929 -0.001150 
3.111888 1.206344 2.369893 0.336966 1.303545 0.699974 0.257475 0.286159 0.156046 0.298608 0.519297 0.039002 
2.933212 1.236232 2.018605 0.860353 1.091542 0.385496 0.646232 0.698807 0.214036 0.273028 0.124689 0.019798 
2.768111 0.930214 1.868833 0.668443 1.014252 0.450195 -0.458781 0.228665 0.393161 0.097580 0.039977 -0.061734 
2.837411 0.777901 1.666465 0.394949 0.706791 0.591581 0.975311 0.217392 -0.217674 0.140565 0.297530 0.013872 
2.530019 0.858637 1.716447 -0.028747 0.930246 0.738431 0.396996 0.539217 0.075981 0.316699 0.362838 0.030376 
2.461090 0.877915 1.560182 -0.089611 1.235030 1.164159 0.914035 0.990297 0.230769 0.240442 0.119203 -0.001704 
2.901107 0.556862 1.880791 0.723297 1.196583 0.141389 0.353133 0.725804 0.552542 0.392364 0.098214 0.008263 
3.122253 0.789529 1.902031 0.471447 0.863728 0.262813 0.054220 0.371371 0.399531 -0.010373 0.103579 0.068338 
2.586848 0.977375 1.926488 0.393946 1.497465 0.267971 -0.077773 0.475140 0.514551 0.312853 -0.059495 -0.037192 
2.703400 0.633099 1.741427 1.220871 1.318830 0.958610 0.348408 1.026607 0.577938 0.158741 0.136584 0.017698 
2.317682 0.841418 1.961518 0.980745 1.448467 1.065869 1.241221 0.837902 -0.086747 -0.028552 -0.024340 0.019937 
2.700060 0.981468 2.043279 0.562234 1.622820 0.410385 0.481743 0.539471 0.671433 0.346055 -0.058325 -0.003595 
2.818895 0.757180 2.126053 0.949416 1.623428 1.202717 1.077136 1.591607 0.492385 0.529563 -0.060897 -0.015789 
2.852930 0.736833 2.317276 0.786698 2.099849 1.471933 1.327252 0.562202 0.734095 0.619622 0.143446 0.029667 
2.414329 1.023414 2.076526 0.085773 0.972188 0.008398 0.335818 0.845094 0.401196 0.225585 -0.089160 -0.012034 
2.563696 0.984737 2.222516 0.766101 1.825079 1.157408 0.251514 1.275920 0.452967 0.096120 0.203333 0.019332 
2.329154 1.271048 2.139019 1.413667 2.121110 0.739629 0.977666 0.523975 0.444922 0.680345 0.339409 0.015615 
2.656198 1.548098 2.284356 1.264857 0.863766 1.088276 0.680916 0.424958 0.642050 0.148309 0.034940 0.047467 
2.442517 1.008355 2.071053 0.633151 1.770814 1.383797 1.077291 1.520886 0.561037 0.193252 0.010720 -0.005451 
2.402827 0.948008 2.635006 0.753259 1.664670 1.041353 1.047786 1.035237 0.900603 0.598502 0.110847 0.000575 
2.754014 1.141455 2.248639 0.927236 2.227094 0.686275 1.238782 0.998220 0.092132 0.304863 0.072241 0.030366 
1.706259 0.831070 0.871796 0.126961 0.404516 0.764297 -0.049587 0.442652 -0.282793 0.427424 0.222786 -0.033558 
0.355089 1.283268 1.206556 1.488550 1.725811 1.436144 1.068488 1.571086 0.508720 -0.016852 0.008993 -0.018398 
0.967156 0.428604 1.108508 1.346942 1.737257 1.127218 1.673436 0.522844 0.774576 0.098914 0.178988 -0.098032 
0.707117 0.820705 1.574082 1.766206 1.801703 1.675434 0.417242 0.989014 0.498443 0.465352 -0.082972 -0.058860 
0.931872 0.774785 1.273034 1.713010 1.708316 1.867098 0.351664 0.449897 0.976228 0.332188 -0.108947 -0.007429 
0.471626 1.099272 1.910283 1.472171 1.612295 0.956362 0.932289 1.202454 0.970810 0.053457 0.002290 -0.023502 
0.941499 0.816922 1.556628 1.725920 1.225096 0.998536 0.945074 1.328586 0.889727 0.033175 -0.109820 0.019384 
0.612137 1.020086 1.475462 1.132509 1.509780 1.344768 1.257615 0.625785 1.526983 0.067626 -0.108821 -0.045546 
1.027578 0.929030 1.389906 1.441453 1.355715 1.569457 1.000235 1.054073 0.909986 -0.214556 0.122503 -0.043053 
0.928639 0.797668 0.855376 1.307165 1.671924 1.631735 1.583441 0.899231 0.435724 0.219162 0.170489 -0.131699 
1.081064 0.299791 1.593136 1.523127 1.717782 2.305771 0.646834 0.355953 0.467003 0.443276 -0.015591 -0.071612 
6.316344 -2.389227 1.689228 1.335061 0.967386 0.315467 0.526441 0.237843 0.181473 0.587027 0.203482 -0.034435 
7.736736 0.782378 -0.361490 1.434589 1.273563 0.365988 0.989707 0.315667 0.421743 0.054521 -0.009380 0.052583 
7.689863 -1.355561 0.964036 0.016656 1.119056 0.960400 0.102707 0.250202 0.676359 0.207295 -0.161389 0.038828 
7.964495 1.346922 -0.010201 1.126205 1.072404 0.166433 0.434648 0.876845 0.270326 0.046945 0.218763 0.157101 
3.288857 2.550029 1.623071 1.178384 1.454514 1.630721 1.238973 0.527503 0.036902 -0.001751 0.094096 0.039969 
3.376498 2.522636 1.700549 1.077815 1.257688 1.908497 1.462366 0.358318 0.197790 0.417254 0.287312 0.079099 
3.295704 2.156062 0.996693 0.692286 1.380550 2.051010 1.780749 0.826191 0.058135 -0.103127 -0.010345 0.035806 
3.260286 2.538326 1.878913 1.442339 1.185124 0.997691 0.998636 0.857687 0.530437 0.195442 0.021550 0.028017 
3.935103 1.819967 0.317232 0.190386 1.681085 2.926289 3.206358 1.810718 0.431791 0.294819 0.132018 0.085995 
5.060485 1.493214 -0.455746 -0.188791 1.637242 4.371776 4.629027 1.231016 -0.682886 0.550753 0.122817 0.106947 
3.689900 1.779659 0.245200 -0.290189 0.885248 2.563559 3.101783 1.865206 0.841360 0.087722 0.000951 0.004053 
3.685831 1.859633 1.089389 0.544029 0.637382 2.554323 2.671432 1.463412 0.845159 0.513328 0.112482 0.023959 
3.282807 0.922624 1.519254 -0.198394 1.317713 2.471439 2.871728 2.130784 0.919739 0.226639 0.236905 0.023653 
3.257626 1.113662 1.304288 -0.145851 1.674979 1.453697 2.271797 1.581892 0.193972 0.307245 -0.203757 -0.018787 
-1.#IND00 -1.#IND00 -1.#IND00 -1.#IND00 -1.#IND00 -1.#IND00 -1.#IND00 -1.#IND00 -1.#IND00 -1.#IND00 -1.#IND00 -1.#IND00 
-1.#IND00 -1.#IND00 -1.#IND00 -1.#IND00 -1.#IND00 -1.#IND00 -1.#IND00 -1.#IND00 -1.#IND00 -1.#IND00 -1.#IND00 -1.#IND00 
