2.702216 0.953977 2.233476 1.020090 1.470244 0.965262 0.920731 0.539336 0.393224 0.355715 0.088185 -0.021146 
2.545818 0.632347 2.484292 0.960082 1.792909 1.353496 1.176523 0.944048 0.650463 0.012124 0.094705 0.024575 
2.811483 0.528834 2.074951 0.612015 1.974733 0.769311 0.833697 0.770671 0.298866 -0.027245 -0.025028 0.017901 
2.866935 1.069019 2.461253 1.110960 2.071885 0.934705 0.476270 0.524082 0.069655 0.393652 0.119257 -0.048250 
2.850656 1.379355 1.963812 0.914862 1.397486 1.049859 1.637992 0.880066 0.445746 0.126665 -0.045091 -0.035337 
3.082107 1.354732 1.657477 1.021368 1.885009 1.030692 0.700528 0.960001 0.745300 -0.084960 0.088186 -0.018792 
2.778067 1.034162 1.672131 0.765380 1.121597 0.589588 0.535349 1.203568 0.428363 0.114760 0.022127 -0.079196 
2.795500 0.965653 2.106290 1.335271 1.411333 0.634700 0.210490 1.127816 0.076309 0.059294 0.013372 -0.060331 
2.475906 1.054888 2.428234 1.271862 1.636724 1.123162 1.300863 0.799427 0.756121 -0.054335 -0.087072 -0.000905 
2.336997 0.787602 2.561721 1.310567 1.274067 1.636973 1.184707 1.079165 0.747499 0.094599 -0.255182 0.020362 
2.640073 1.200215 2.471498 0.214988 2.496485 1.370702 1.137788 0.651629 0.036493 0.374977 -0.023920 -0.011525 
2.921732 0.967231 1.893297 0.572173 2.039898 0.724680 0.946185 1.104870 0.229117 0.518372 -0.050211 -0.076739 
2.754498 1.331919 2.810425 0.378619 2.710112 0.972827 0.900963 1.000732 -0.068225 0.303511 0.137096 -0.021206 
2.548909 1.367904 2.550917 0.187654 1.409630 0.736133 0.563379 0.969231 0.311530 0.226048 0.070311 -0.031299 
2.086893 0.997943 2.516172 -0.102883 2.078163 0.190029 0.687878 0.473789 0.907254 0.096986 0.186975 -0.005676 
2.393651 0.663631 2.413433 1.014633 1.087718 1.342625 0.379761 0.366721 -0.009501 0.377164 0.160203 -0.027663 
2.648887 0.523727 2.901365 1.037115 1.680529 1.566565 0.834615 0.700086 0.584286 -0.054858 0.373645 0.045356 
2.410019 1.215468 2.311014 1.093519 1.077365 1.519341 1.573019 1.066179 0.356090 0.001720 0.123687 0.019975 
2.300787 0.744427 2.499983 0.838217 1.161198 1.259293 0.306473 0.819687 0.694488 0.245684 0.162844 0.029991 
2.485517 0.792661 2.363058 0.935568 1.069837 0.330782 0.150033 0.782075 1.131415 0.630855 0.230041 -0.001683 
1.142129 0.981904 0.982304 -0.809959 2.749424 0.659864 1.519603 1.466226 0.865691 0.314569 -0.192761 -0.109511 
1.299107 1.017712 0.210345 2.175027 1.544417 1.554720 0.763209 1.278287 0.328695 -0.660014 0.411903 -0.034324 
0.931031 1.296456 0.936031 1.452284 1.371656 1.945080 0.114964 0.676682 0.363083 0.374723 0.031249 -0.071537 
0.853799 1.082599 1.194839 1.849472 1.491014 1.010275 1.278557 1.074063 0.248327 0.370388 -0.031186 -0.086958 
0.557368 0.623239 1.874625 1.591911 2.218027 1.680649 1.363931 -0.180410 0.531238 -0.020840 0.236068 -0.035880 
0.168773 1.140817 1.831469 1.450636 1.740970 1.833944 1.346538 1.339454 -0.376339 0.143031 -0.027580 0.035945 
0.559494 1.276303 1.228888 1.130475 2.024003 1.927999 0.901568 0.752935 0.493281 0.311859 -0.031914 -0.017006 
0.880663 1.032280 1.328512 1.216042 1.846732 2.113431 0.857505 0.681221 0.379718 0.334284 0.055484 -0.028618 
0.416550 1.160142 1.249013 1.406694 2.088791 1.357402 1.016306 0.467283 1.248282 0.272534 -0.166098 -0.019772 
1.656496 -0.014302 2.687927 0.695794 1.945908 0.640800 1.046772 1.125322 0.367486 0.388870 0.185467 -0.082557 
1.185338 0.634935 0.998653 1.879183 1.608452 1.446979 1.242439 0.092642 0.652615 0.309198 0.016543 -0.090575 
3.567186 -0.892394 2.045818 1.013534 1.229663 1.332359 1.043865 0.919351 0.066802 0.145993 0.261237 -0.025518 
3.968142 2.598566 0.860268 0.004182 0.109067 0.678033 0.988667 0.753081 0.368499 0.392095 0.496185 0.107084 
4.318916 1.393034 -0.239045 0.642408 1.194824 0.949296 0.960623 0.975694 0.570105 0.216698 0.199549 0.040638 
3.798910 1.655796 0.393678 0.649243 0.686232 0.493696 0.865511 1.031102 0.436404 0.107117 0.455762 0.084812 
3.880322 3.390758 2.745230 2.124198 1.673469 1.320048 0.985962 0.700138 0.411122 0.156437 0.025466 0.014363 
4.669631 4.583971 3.581761 1.967049 0.770655 0.263889 0.161223 0.252813 0.304247 0.332267 0.289078 0.111741 
4.177791 3.802795 2.849114 1.613154 0.932697 0.711409 0.718797 0.739168 0.579722 0.448553 0.344104 0.097647 
3.188477 2.788528 2.462726 2.000184 1.558652 1.206837 0.913523 0.688644 0.561222 0.415004 0.195553 0.048788 
3.304186 2.727699 2.163765 1.606160 1.132692 0.898072 0.802410 0.699024 0.313782 0.158388 0.080875 0.018504 
4.167615 3.442375 2.730233 1.723304 0.605248 0.071239 0.481959 1.013602 0.968183 0.697803 0.322143 0.109536 
5.533751 4.381232 2.683906 1.006613 0.686579 -0.212066 0.376382 1.251038 0.983387 0.592002 0.330276 0.076139 
3.344599 2.975450 2.557882 2.073629 1.566747 1.090410 0.794554 0.652421 0.370732 0.263476 0.034716 0.019318 
3.801882 3.187786 3.622920 2.922722 1.622075 1.029496 0.847608 0.788092 0.399075 -0.052562 0.183338 0.045803 
3.571955 2.878968 3.203863 2.588174 2.016120 1.337161 0.899829 1.212272 0.697064 0.241548 0.346486 0.088378 
4.598189 3.219224 3.971922 2.593893 0.431994 -0.293888 0.163054 0.849644 0.238523 0.184098 0.074884 0.029328 
3.644188 2.960316 2.837023 1.646160 1.302174 0.331951 0.251768 0.445223 -0.097961 0.513255 -0.144378 -0.037012 
3.342850 2.251555 3.027142 1.674147 1.689265 0.309454 0.633101 0.754221 -0.085738 0.320190 -0.016521 -0.022695 
-1.#IND00 -1.#IND00 -1.#IND00 -1.#IND00 -1.#IND00 -1.#IND00 -1.#IND00 -1.#IND00 -1.#IND00 -1.#IND00 -1.#IND00 -1.#IND00 
-1.#IND00 -1.#IND00 -1.#IND00 -1.#IND00 -1.#IND00 -1.#IND00 -1.#IND00 -1.#IND00 -1.#IND00 -1.#IND00 -1.#IND00 -1.#IND00 
