0.974334 1.497192 0.717964 1.666250 1.620055 1.364779 1.162965 0.848639 0.302916 0.067338 -0.059406 -0.056682 
1.120476 1.070551 2.290072 0.194278 0.980841 1.296993 0.946105 0.646003 0.416589 0.596753 -0.112946 -0.047891 
0.962107 1.472438 1.465970 1.182945 1.656979 1.376181 0.706965 0.951150 0.009939 0.379503 -0.268090 0.023122 
1.138026 1.545243 1.014068 1.869149 1.600217 0.224225 0.740833 0.747593 0.189763 0.100767 0.095033 0.009313 
0.973369 0.106731 2.001049 1.869293 0.403488 2.741782 1.187070 0.744765 1.228191 0.178405 -0.084553 0.009815 
0.825524 1.334488 1.286418 1.218749 2.439760 -0.210459 1.166251 1.207160 0.726786 -0.071908 0.081484 -0.000735 
0.845707 1.257476 0.986308 1.644670 2.045336 1.645399 0.536761 0.494095 0.396602 0.590015 0.055257 -0.009819 
0.824898 0.775833 2.730633 1.997216 1.627222 0.865947 0.730036 -0.093065 0.569935 0.490236 0.090644 -0.090609 
0.807304 1.086078 1.000606 1.633187 1.566302 1.616258 0.939707 1.234933 0.573472 0.308110 -0.057214 -0.019332 
1.163971 0.918867 0.807394 1.243442 2.013309 1.559721 0.630197 1.481082 -0.049084 0.805382 0.044029 -0.090243 
0.711386 1.260740 1.358270 2.050319 1.379056 1.474693 1.014236 0.691241 0.081726 0.663107 -0.263008 0.087979 
1.068110 1.463631 1.779045 1.423703 0.795838 0.492519 -0.248079 0.611359 0.339508 0.144866 0.027476 0.024233 
0.973269 1.593331 1.560999 0.820317 2.126834 -0.232634 0.781706 0.488324 -0.010699 0.175522 0.077370 0.039051 
1.233010 1.349414 1.880204 0.811933 1.094562 1.290375 1.370632 -0.250659 0.358805 0.352001 0.141344 -0.002695 
0.789012 1.267725 1.769613 0.981191 1.829096 1.151198 1.143801 0.451217 0.907912 0.216255 0.239380 -0.048805 
0.942773 1.050152 1.825762 1.250486 1.513812 0.475525 0.700032 1.208572 0.573830 0.300850 0.047242 -0.013647 
0.911414 1.533736 2.057669 1.697655 0.126850 0.545471 -0.012114 0.418784 1.088991 0.195895 0.189431 0.022350 
1.124703 1.001705 0.890872 1.691102 0.583017 1.179923 0.549797 1.124439 0.242453 0.362204 0.223993 -0.046898 
0.642913 1.055602 1.863479 0.831863 1.573797 1.669319 1.192960 1.103684 0.929861 0.032564 0.039656 -0.041555 
1.428556 0.982825 1.273779 1.218744 1.508221 2.358498 -0.335875 0.497551 0.735299 0.312658 0.036388 0.001143 
1.035799 0.617552 1.632095 1.476957 1.682668 1.573920 1.306730 0.195003 1.076256 0.197040 -0.004575 -0.008380 
0.858818 1.103332 1.068944 2.034594 0.927369 0.674893 2.191392 0.672056 0.834561 0.103145 -0.069689 -0.000303 
0.846087 1.421042 1.485536 1.171391 0.848312 1.538859 1.030316 0.774522 0.706456 -0.004666 0.071108 -0.011704 
1.114204 0.634449 1.623099 1.845514 1.546120 2.083954 1.158143 -0.261661 0.598867 0.049752 0.222139 -0.000111 
1.086516 0.885785 1.543789 2.036909 1.050272 1.465941 1.050500 0.584068 0.582088 0.312143 -0.099144 0.008649 
1.024405 0.956988 1.342622 1.389143 0.927041 0.797531 1.714665 0.547537 0.695872 0.381530 -0.095035 0.009622 
0.819241 0.840826 1.504725 1.918214 1.390058 2.276749 0.725434 0.962163 0.394229 0.524675 0.123438 -0.045463 
1.094880 1.253072 1.803304 0.782394 0.631962 1.585814 0.872731 1.275297 0.259930 0.106582 0.013925 -0.009287 
0.692935 1.329831 1.156314 1.792876 1.373178 0.400189 1.710082 0.400838 0.730598 0.433347 0.112237 -0.054700 
1.084320 0.906771 0.873420 1.640145 0.919613 1.618155 1.064666 0.621391 0.453673 -0.109466 0.100429 0.005908 
1.466836 0.319763 1.725189 2.131018 0.598836 0.525717 1.447098 0.405896 0.234348 0.631920 -0.130616 -0.015525 
0.851935 1.259689 0.183343 2.330540 2.250568 0.702338 1.692291 1.159484 0.289257 0.283819 0.382318 -0.087444 
0.853177 1.732550 0.829154 1.040234 2.174193 1.530786 0.989685 1.441821 -0.193264 0.119008 -0.079284 0.064672 
0.907351 1.169136 1.911224 1.453747 1.332950 0.581826 1.328766 0.556455 0.915247 0.410150 0.010783 -0.020553 
0.871901 1.456476 0.571104 2.401531 1.847261 1.197425 0.999520 0.623822 0.407042 0.185427 0.175801 -0.022795 
0.727504 1.504911 1.661451 1.240962 0.871370 1.475326 0.528012 1.156909 0.507559 -0.259870 -0.201151 0.114616 
1.302874 1.661974 1.052257 0.941644 1.170890 0.945756 0.086399 0.833785 0.474148 0.029972 -0.070131 0.004038 
1.094588 0.928792 1.627907 1.737797 1.645070 0.273878 0.964415 0.284023 0.194568 0.088315 0.038855 0.047521 
0.832342 1.374781 1.829777 0.072811 1.851427 2.118623 1.111069 0.003768 0.613638 0.521860 0.195592 -0.024864 
0.970975 0.843253 2.530102 1.060702 0.480110 1.694080 1.136588 0.845623 0.854282 0.201142 0.103063 -0.030389 
0.889172 1.880439 1.053715 1.297584 0.502614 1.329008 1.132289 1.385680 0.212233 0.657431 0.042406 -0.042900 
0.747963 1.029047 2.408080 1.515245 1.738925 1.056468 0.311479 0.879111 -0.158402 0.359262 0.253122 -0.050876 
0.989655 1.002394 1.271307 1.429172 1.187203 1.454637 0.496548 0.494642 0.214715 0.106819 0.260714 -0.021169 
1.055259 1.589907 0.704301 1.191100 1.839069 1.399849 0.680002 0.969790 0.443043 0.488157 -0.171084 0.048473 
1.240462 1.634908 0.232757 1.111031 1.815693 1.243849 1.558178 0.882441 0.118135 0.785419 0.142304 -0.050688 
0.521169 1.243596 1.165886 1.079200 1.504702 2.001897 1.100238 1.108711 1.233790 0.534743 -0.029486 -0.073414 
1.086646 1.506571 1.499999 1.093922 0.741027 1.807502 0.795545 0.441103 0.632232 -0.036471 -0.091541 0.071717 
0.721685 1.758221 0.965725 1.286396 1.828934 1.329897 1.254090 -0.124489 0.660545 0.734580 -0.027050 0.001016 
-1.#IND00 -1.#IND00 -1.#IND00 -1.#IND00 -1.#IND00 -1.#IND00 -1.#IND00 -1.#IND00 -1.#IND00 -1.#IND00 -1.#IND00 -1.#IND00 
-1.#IND00 -1.#IND00 -1.#IND00 -1.#IND00 -1.#IND00 -1.#IND00 -1.#IND00 -1.#IND00 -1.#IND00 -1.#IND00 -1.#IND00 -1.#IND00 
