2.772512 0.588013 1.692175 -0.129841 0.631986 1.268918 0.802439 0.806796 0.447405 0.265400 0.028416 -0.017721 
2.888044 0.811338 2.007916 -0.338608 0.664560 0.216344 0.867649 0.190995 0.236856 0.151250 0.084016 0.058887 
3.000286 0.839715 1.647449 0.220419 0.513995 0.329093 -0.028436 0.536880 0.423882 0.350139 0.236527 -0.005876 
2.762178 0.618075 1.080788 -0.340947 0.789203 0.683981 -0.153454 0.517866 -0.016229 -0.025186 0.177326 0.024981 
2.727578 1.084302 1.880123 -0.110614 1.112459 0.714169 1.321505 0.731948 -0.243864 0.154970 0.410774 0.026950 
2.825200 1.106469 2.085360 -0.051554 0.692179 0.390558 0.834606 1.054834 0.070913 0.194594 0.337675 0.017352 
3.146151 1.159427 1.711120 0.178206 1.002468 0.797630 0.586910 0.047825 0.653540 -0.109426 0.254371 0.061741 
2.783276 1.071017 1.386522 -0.181492 1.211098 0.631786 0.464155 1.474102 0.326351 0.359850 0.140207 -0.026823 
2.803190 0.825692 1.623803 -0.576130 0.607297 0.460146 0.946068 1.126323 0.423426 0.106809 -0.029552 -0.016756 
2.914474 0.935175 1.110001 -0.221323 1.421410 0.630175 1.029568 0.602776 -0.190743 0.141621 0.073485 0.020802 
2.726957 0.674785 1.454307 0.089836 0.661712 0.825351 0.326304 0.840745 -0.013882 0.205278 0.036504 -0.016026 
2.766249 0.453895 1.878904 -0.326125 1.377289 1.264433 1.453077 1.062750 0.410330 0.597266 0.133343 -0.045288 
2.918446 0.776695 1.275275 0.093231 0.447810 0.319226 0.727988 1.028525 0.364914 0.046872 0.175376 -0.000563 
3.078814 0.701388 1.227749 -0.108766 0.991883 0.618099 0.537947 0.858663 0.259007 0.335478 -0.018707 -0.035622 
2.906172 0.861318 1.815172 0.245092 0.530549 0.860781 0.926171 0.801396 0.443239 0.404751 0.360782 0.002563 
2.903475 0.902395 0.945483 0.455013 1.397766 1.455868 1.691498 1.137021 0.369775 0.180371 -0.056866 -0.013593 
2.832453 1.062004 2.134173 0.063879 1.333469 1.011428 0.849016 1.554475 0.794193 0.080254 0.232183 0.021818 
2.938817 0.599376 1.955301 0.134002 0.648928 1.003207 0.686975 0.556315 0.734013 0.206292 0.208145 0.014986 
2.948163 1.041110 1.659934 0.139445 1.324944 0.218927 0.367216 1.062931 0.776320 0.313742 0.098421 0.007244 
2.788411 0.698611 2.216041 -0.209919 0.625883 0.333325 0.414042 1.087505 0.773724 0.175635 0.008394 -0.009757 
2.778326 0.842237 1.533417 -0.735817 0.070041 0.453014 1.416125 0.786785 0.017097 0.192692 0.090320 -0.015930 
1.408202 0.921078 1.328834 1.249874 0.273228 0.253693 1.646461 0.624617 0.958063 -0.135650 0.064848 -0.092055 
0.763377 0.963827 1.405594 2.497547 1.211023 0.941198 0.840859 1.091868 0.324639 0.229728 0.023986 -0.008987 
0.637356 1.310604 1.540966 1.791595 1.044999 2.141027 0.430283 0.964552 0.200186 0.320177 0.026478 -0.038703 
1.128027 0.957288 1.327143 1.436685 1.637317 2.131929 0.521736 0.366100 0.378073 0.547731 0.112038 -0.075167 
0.841313 1.225228 1.111574 1.544611 1.912257 0.947977 0.475652 1.625894 0.886903 0.270173 -0.017203 -0.078360 
0.752727 0.756872 1.431056 1.379827 1.522950 0.698542 1.523513 1.226770 0.648842 0.439689 -0.063639 -0.059611 
0.317274 0.752581 1.250872 2.302214 2.668756 1.668339 1.260859 0.708903 0.232220 0.425424 -0.043455 0.034163 
0.635966 0.857605 1.739323 1.630667 1.496866 0.929199 0.943569 1.165143 0.391896 0.123574 -0.035329 -0.026867 
0.982234 0.950382 1.697244 1.233972 1.895575 0.790137 0.778533 1.567636 0.878955 -0.030152 0.149644 -0.062243 
1.230165 0.954947 0.978406 1.536910 1.220249 1.111918 1.096649 0.797400 0.305636 0.190734 0.083895 -0.038329 
4.618300 -1.508515 0.907831 1.673352 0.911785 1.109679 0.843258 0.726902 0.486851 0.185124 0.064652 0.009618 
4.243791 -0.178790 0.129635 1.675021 1.044287 1.339033 1.082834 0.558226 0.607422 0.261436 0.099088 -0.011882 
3.905186 0.100973 0.750969 1.869563 1.446709 1.632238 0.491582 0.073582 0.603969 -0.137853 0.023459 0.045736 
4.855643 3.647554 1.363684 -0.248503 -0.214014 0.655620 1.217761 0.954610 0.397234 0.124198 0.120952 0.021627 
3.423371 3.063004 2.687274 2.092788 1.465861 0.902543 0.475311 0.295378 0.221266 0.236566 0.269296 0.047931 
5.811215 5.088992 3.952593 2.182054 0.303138 -0.479594 0.178667 0.747727 0.519125 0.062221 0.280022 0.073149 
4.591171 3.373615 4.012541 3.489427 2.885743 1.807029 0.777837 1.858120 0.532956 0.011870 0.205658 0.055424 
4.559487 3.107737 3.582383 3.201940 2.927218 1.252883 1.093314 1.415382 0.295397 0.161477 0.250801 0.074767 
3.161207 2.560174 2.648461 2.508802 2.258771 1.912542 1.452022 1.207048 0.768023 0.364978 0.090853 0.064351 
3.206658 2.805008 2.871844 2.730032 2.543747 1.815824 2.288291 1.872370 0.220223 0.498464 0.022279 0.072723 
3.451873 1.729028 2.913863 1.377600 1.754543 2.173604 1.875043 1.998406 0.409822 0.260653 0.342475 0.067118 
2.882285 0.586433 2.369894 0.545745 1.756263 0.956528 1.542685 1.222153 0.823758 0.593578 0.365266 0.041366 
3.249751 1.082272 1.717867 0.148567 1.119123 1.178140 1.854436 1.525384 0.495525 0.303144 0.297713 0.024022 
2.755000 0.837745 1.773080 0.566327 2.032167 1.219009 1.449898 0.947686 0.625723 0.837861 0.368611 0.003895 
3.006176 0.758695 1.908515 0.071231 1.512755 1.239631 1.296922 1.398847 0.826865 0.397299 0.162651 -0.000046 
3.462227 0.797606 1.938952 0.111752 0.488666 1.331956 1.323981 0.908546 1.129761 0.114130 0.409641 0.083952 
2.878308 1.019276 1.710649 0.183643 1.453203 0.797321 1.144702 1.523919 0.719166 0.552111 0.149397 -0.022771 
-1.#IND00 -1.#IND00 -1.#IND00 -1.#IND00 -1.#IND00 -1.#IND00 -1.#IND00 -1.#IND00 -1.#IND00 -1.#IND00 -1.#IND00 -1.#IND00 
-1.#IND00 -1.#IND00 -1.#IND00 -1.#IND00 -1.#IND00 -1.#IND00 -1.#IND00 -1.#IND00 -1.#IND00 -1.#IND00 -1.#IND00 -1.#IND00 
