2.474481 1.055599 2.365094 1.060247 1.798843 1.451114 0.931435 1.089924 0.067130 -0.026923 0.066378 0.024967 
2.818768 0.744485 2.543987 1.241529 1.543228 1.686901 0.899135 0.873505 0.016964 0.351058 0.119348 0.003112 
2.684003 1.265071 1.919601 1.606718 1.602803 0.904932 1.082262 0.940416 0.548095 0.418035 0.379929 0.030239 
2.600199 0.583848 1.895241 0.799313 1.393391 1.252503 1.003489 0.496038 0.247845 0.489377 0.102711 0.008160 
2.371098 0.743879 1.972640 0.804315 1.898573 0.386431 0.432310 0.243638 0.575250 0.087713 0.244413 0.029837 
2.449006 0.720306 2.147401 1.179905 1.626520 0.741104 1.442471 0.895498 0.463098 0.553269 0.037053 0.029999 
2.659303 0.891031 1.966543 1.085807 1.389920 1.059788 0.407857 0.419290 0.524355 0.301795 0.118687 0.027096 
2.687848 0.933288 2.517689 0.947676 1.103118 1.186023 1.380970 0.561022 0.335543 0.131482 0.357136 0.029397 
2.690888 0.958268 2.451384 1.387267 1.477796 0.345183 0.744288 1.061365 0.439002 0.378626 0.003134 0.001063 
2.789066 0.916425 2.140836 1.288620 1.780449 0.369719 1.209727 0.265307 0.292836 0.241641 0.122946 0.024690 
2.906371 0.892588 2.092217 0.655652 1.579825 0.893947 0.897583 1.036202 0.185035 0.152720 0.262689 0.006930 
3.401096 1.095125 2.303335 -0.276879 0.869172 0.429504 0.327053 0.542460 0.224824 0.083903 0.371692 0.061895 
3.313570 1.177716 1.742288 -0.132116 1.373954 0.198502 0.749883 0.378634 0.464056 0.292007 0.033077 0.025948 
3.512400 1.254078 2.158650 0.466566 0.446999 0.671327 0.422480 0.370911 0.478180 0.242326 0.227300 0.027028 
3.447390 1.881748 2.338873 0.301821 0.856222 0.480171 0.668966 0.725426 0.492442 0.187699 0.110132 -0.026236 
3.603078 1.536092 2.026458 0.381723 1.215019 0.411821 0.833480 0.906460 0.740815 0.154480 0.041319 -0.027736 
3.423930 0.855548 1.249287 -0.374602 1.018320 0.377953 0.533101 1.060840 0.635537 0.057842 -0.013016 -0.043425 
3.425001 0.807878 0.881659 0.217465 0.982197 1.055382 0.054021 0.850767 0.677636 -0.270298 -0.055172 -0.023104 
1.561908 0.721149 1.266221 -0.296083 0.978042 1.212461 0.375076 1.593800 0.323174 0.238542 -0.477443 -0.123030 
0.994211 1.370251 2.117399 1.374002 0.366618 1.659659 1.366818 0.772816 0.305441 0.042939 0.005495 0.012494 
0.764420 1.227030 1.229769 1.322028 1.705341 1.645123 0.874411 0.907085 0.326323 0.073201 0.059757 -0.017918 
0.975773 0.923065 1.228526 1.138425 0.933783 1.535365 0.702590 0.996440 0.724552 0.120677 0.073706 -0.099730 
0.547417 0.611119 1.897071 1.569594 1.842320 1.747241 1.031054 0.445713 0.552176 0.230885 0.114896 -0.071134 
0.757131 0.977725 1.588593 1.155801 1.268000 1.773262 0.872970 0.851772 0.834300 0.291364 0.064393 -0.086120 
1.066885 0.851326 1.680732 1.194527 1.038369 1.334098 1.303375 0.983383 0.634082 0.217117 -0.070810 0.003584 
1.026089 0.931776 1.023329 1.889073 1.025990 1.630953 0.876830 1.349430 1.036459 -0.049963 0.033977 -0.032997 
0.769596 1.274006 1.920770 1.488845 0.620589 0.963405 1.263647 0.562184 0.682696 0.476981 0.062632 -0.070360 
1.046689 1.203630 0.979047 0.796175 1.791092 1.532998 0.733394 0.485761 0.516464 0.696656 -0.265407 0.014803 
1.813022 0.154762 1.541642 0.685865 1.641029 1.266179 1.606122 0.607411 0.390429 0.345567 -0.072126 -0.044166 
1.985388 0.410958 1.556633 0.977368 1.020703 0.732568 1.375427 0.831107 1.106886 -0.176089 0.155623 -0.024945 
5.288806 -2.573976 2.647579 1.066879 0.788139 1.372965 0.995822 0.793636 0.735239 0.161240 -0.040203 0.053479 
5.942150 2.444212 -0.241938 0.588249 1.587648 0.720371 0.152935 0.720069 0.861809 0.170771 0.076784 0.038406 
6.837165 -0.402808 -1.461199 1.993937 0.939907 0.174364 1.625995 1.177255 0.582918 0.010714 0.117723 0.041376 
4.803345 3.785253 1.917759 0.441369 0.129807 0.604746 0.959905 0.765941 0.305557 0.041371 0.137393 0.037683 
3.828155 3.600346 3.124315 2.341239 1.356743 0.587047 0.191649 0.104356 0.209861 0.317036 0.319677 0.092401 
3.916112 3.671225 3.097094 2.215535 1.295153 0.587402 0.279532 0.249206 0.309469 0.338033 0.314436 0.096461 
3.777611 3.338349 3.557677 3.539041 2.162858 0.983472 0.910478 0.920071 0.332016 0.014368 0.169991 0.036278 
4.724090 4.840932 5.021674 4.466240 2.694731 1.142592 0.904680 0.220034 0.175959 0.164117 -0.022175 0.013009 
2.763940 2.404468 2.210140 1.938329 1.775248 1.635833 1.211093 0.885085 0.617883 0.438137 0.297424 0.062942 
2.840289 2.373091 2.270220 2.201351 1.913490 1.619288 1.419805 1.136757 0.759772 0.482237 0.227072 0.074845 
2.790014 2.060725 2.455115 2.243887 2.036969 1.701494 1.653415 1.404395 0.729020 0.650930 0.407943 0.097548 
3.011987 2.436164 2.567666 2.615694 2.256178 1.794626 1.715039 1.462344 0.975421 0.470810 0.340991 0.111635 
2.645494 1.133160 2.181700 1.145495 1.873162 0.849870 1.224878 1.340018 1.172662 0.369380 0.200708 0.060974 
2.734646 1.451548 2.900571 0.986205 2.429251 1.011008 -0.198100 0.852391 0.904184 0.298012 0.086018 0.022912 
3.253221 1.251265 2.412203 0.749628 2.017824 0.884005 0.414936 0.770364 0.327126 0.618861 0.151604 0.005788 
3.387739 1.263704 2.976735 1.091609 1.960805 0.708375 -0.296762 -0.255631 0.542678 0.448566 0.375814 0.071642 
3.136166 1.286298 2.522029 1.372309 1.712090 0.377929 -0.512506 -0.289106 0.273752 0.222432 -0.000900 0.016735 
3.244845 1.637102 2.016824 1.692908 1.779938 -0.044144 -1.194945 -0.315749 0.492712 0.432517 -0.012568 0.004376 
-1.#IND00 -1.#IND00 -1.#IND00 -1.#IND00 -1.#IND00 -1.#IND00 -1.#IND00 -1.#IND00 -1.#IND00 -1.#IND00 -1.#IND00 -1.#IND00 
-1.#IND00 -1.#IND00 -1.#IND00 -1.#IND00 -1.#IND00 -1.#IND00 -1.#IND00 -1.#IND00 -1.#IND00 -1.#IND00 -1.#IND00 -1.#IND00 
