2.808236 1.008808 1.811091 0.169587 1.253048 1.716892 0.896247 0.814214 0.176783 0.423326 0.076973 -0.003799 
3.111021 0.490796 1.666563 -0.716461 0.866685 0.451856 0.606723 0.603489 0.048168 -0.127438 0.004762 0.013351 
2.721965 0.404007 2.164706 -0.292525 0.958760 0.173513 0.585932 0.765493 -0.051386 0.210319 0.102928 0.012715 
3.016679 0.719675 1.938471 0.312558 0.780480 0.426796 0.674943 0.463826 0.374562 0.630243 -0.001991 -0.023348 
2.820635 0.977655 1.916604 0.382452 1.270224 1.411237 0.409648 0.882731 0.353024 0.175731 0.042560 0.001590 
2.927270 0.555209 1.103749 -0.359471 0.128579 0.613738 0.328425 0.745286 -0.099828 0.450641 -0.131405 -0.026963 
3.186446 0.673313 1.491667 -0.413051 0.952468 0.664988 1.195283 0.460045 0.388027 0.003509 -0.103711 0.002736 
2.925942 0.982074 1.780412 0.186480 0.831155 1.153181 0.767693 1.338818 0.541749 -0.158683 0.199047 0.029969 
3.336570 0.656746 1.387583 -0.328595 1.504535 1.003711 0.788527 0.912514 0.248129 0.231219 0.159646 0.015083 
3.101095 0.595540 0.914161 0.077411 1.124545 1.259120 1.280834 0.822279 0.375505 0.170796 -0.136890 -0.019821 
2.986295 0.615041 1.259450 -0.764686 1.243462 1.334530 0.559003 0.999677 0.259448 0.145507 -0.035190 -0.039706 
2.819202 0.417544 1.421464 -0.095626 1.086671 1.192356 1.044033 0.801572 0.148566 -0.043207 -0.008532 -0.033109 
2.905780 0.569868 1.387537 -0.794005 1.157127 1.648535 1.077043 0.712160 0.145289 -0.023954 0.256218 0.007554 
2.808450 0.517559 1.496697 0.166635 1.259473 0.947507 1.263751 0.531263 -0.247336 0.273744 0.135492 0.011617 
2.876184 0.202002 1.793596 -0.379051 0.676749 0.852757 0.789464 0.727620 -0.138975 -0.164149 0.213289 0.004512 
2.910285 0.321956 1.189669 0.083849 0.882673 0.942326 1.236502 0.908215 0.039212 -0.187223 0.225357 0.029192 
2.952624 0.655381 1.503127 0.188999 1.616057 0.980022 0.990624 1.111094 0.628375 -0.013618 0.221005 0.031539 
2.889585 0.861695 0.833752 0.052596 0.859485 0.324864 0.266102 0.141404 -0.260445 0.269294 0.068932 0.043588 
2.719663 0.643970 1.261166 -0.442339 0.667575 0.679401 0.089826 -0.000763 -0.250659 0.296420 0.176088 0.017184 
2.986823 0.866643 2.222133 -0.701363 1.008535 1.388297 0.152165 0.870815 0.713745 0.108968 0.151957 0.004460 
2.993711 0.740929 1.569266 0.353313 1.388768 0.552656 0.869080 0.417760 0.694445 0.671775 0.025722 0.013389 
1.658247 0.887277 1.798393 0.389983 1.536297 1.446924 0.302348 0.290553 0.403388 0.396969 0.191928 -0.030063 
0.837325 1.223701 1.574167 1.247088 1.678172 1.276964 1.723008 0.374044 0.228515 0.590914 0.225664 -0.108166 
0.862938 1.146938 1.202511 1.464008 1.341703 1.231551 1.494293 0.789143 0.595460 0.326528 0.106581 -0.090605 
0.585298 0.794574 1.213994 1.666375 1.583674 1.852520 0.777295 1.395846 0.424566 0.131339 0.069445 -0.045534 
0.397283 0.993248 1.433825 1.822951 2.588385 1.864735 0.913342 0.273150 0.719035 0.608895 0.044565 -0.063898 
0.793874 1.593697 1.167567 0.746549 1.794570 1.541057 1.229264 0.791988 -0.013763 0.440897 0.157130 -0.059882 
0.533870 1.174563 1.393581 1.294215 1.578093 1.093901 1.318115 0.903489 1.128135 -0.021446 0.089404 -0.057345 
1.509935 0.707231 1.461241 1.318611 1.194211 1.140458 0.857976 0.589215 1.287601 -0.043513 0.040062 -0.053533 
0.991996 0.500275 1.406472 1.580894 1.965030 1.693921 1.654874 0.546782 0.641285 -0.017768 0.324900 -0.074783 
2.577860 0.023122 1.068882 1.549610 0.860086 1.011739 1.115180 0.745312 0.456113 0.436553 0.124928 -0.051822 
2.546920 -0.532572 2.031548 0.478102 1.262346 0.751314 2.088691 0.523359 0.851603 0.196804 -0.167707 -0.010989 
4.960372 -1.183082 1.631237 0.736334 1.324996 0.861268 0.024469 0.779024 0.649874 0.122001 0.289802 0.086135 
5.237535 -0.531074 0.101866 2.177683 0.527214 0.566355 1.083101 0.828669 0.827517 0.666556 0.349217 0.023354 
4.678935 2.710829 0.589193 0.354680 1.038244 1.032294 0.474556 0.294623 0.241747 0.047437 0.205046 0.051697 
3.064135 2.612259 2.315630 1.986217 1.610097 1.283796 0.984103 0.706063 0.427334 0.260231 0.124817 0.044754 
3.543458 2.738678 1.762046 1.078261 0.972158 1.233315 1.268508 0.909081 0.487091 0.297214 0.275203 0.053479 
3.228228 2.591805 1.957410 1.666128 1.579661 1.372760 1.044593 0.528448 0.266737 0.253236 0.192082 0.035597 
3.968372 3.587434 3.346822 3.033470 2.630041 2.062067 1.222626 0.593424 0.309449 0.282957 0.284425 0.060967 
3.064046 2.625776 2.642725 2.560837 2.428305 2.200633 1.797916 1.213647 0.689724 0.451279 0.198222 0.093244 
3.391291 2.751364 3.425891 3.430544 2.502848 1.531456 1.760110 1.623266 0.678858 0.298529 0.270907 0.097488 
3.633452 2.230706 2.387507 3.170624 2.478868 0.888409 1.576134 2.647459 1.482503 0.337821 0.020072 0.127282 
3.463328 1.775073 2.466296 1.803641 2.184013 2.254105 1.571513 2.207742 0.842730 0.194289 0.362655 0.115286 
3.017914 1.265585 2.259838 -0.074656 1.583179 1.435518 0.805088 1.451184 0.306420 0.595008 0.378421 0.016479 
3.080226 0.974899 2.067474 0.810561 0.979769 0.408447 0.854230 1.018909 0.779425 0.327393 0.253560 0.048525 
2.982099 1.158525 1.639191 -0.083764 1.291857 1.026621 0.437240 0.894286 0.412873 0.513435 0.281267 0.025845 
2.638773 0.904245 1.818118 -0.358819 1.156711 0.842384 0.736016 0.875374 0.404944 0.670812 0.046800 -0.004090 
3.063695 0.515852 1.838535 0.112233 0.611525 0.328355 1.165688 0.790013 0.490721 0.246819 0.267292 0.051952 
-1.#IND00 -1.#IND00 -1.#IND00 -1.#IND00 -1.#IND00 -1.#IND00 -1.#IND00 -1.#IND00 -1.#IND00 -1.#IND00 -1.#IND00 -1.#IND00 
-1.#IND00 -1.#IND00 -1.#IND00 -1.#IND00 -1.#IND00 -1.#IND00 -1.#IND00 -1.#IND00 -1.#IND00 -1.#IND00 -1.#IND00 -1.#IND00 
