2.572240 1.077082 2.484484 1.100844 1.968936 0.970368 1.428412 0.968387 0.565307 0.779314 0.189360 0.013727 
2.706919 1.185275 2.058765 0.580569 1.835368 0.435857 1.300434 1.037177 -0.148630 0.383396 0.157456 0.013815 
2.518612 1.113332 1.975177 0.818915 1.196423 1.706078 0.985881 0.654461 -0.076230 0.194744 0.137397 0.008194 
2.297631 0.925946 2.572468 -0.037695 2.158001 1.109325 0.126534 1.031542 0.299252 0.234525 0.139617 -0.037410 
2.251753 0.295132 1.850104 0.110437 1.526160 1.173071 -0.045819 0.028400 -0.109041 0.131704 0.232582 0.013768 
2.388657 1.032880 2.447152 0.730967 1.664073 1.167980 1.278073 0.431542 0.312641 0.422597 0.305814 0.005497 
2.374810 0.816803 2.130616 0.667066 1.596822 1.193209 1.271990 1.085798 0.386369 0.338397 0.247232 0.000277 
2.771685 0.588768 2.142979 -0.250420 0.542687 -0.532817 -0.081070 -0.164176 0.045625 0.456784 0.435459 0.019442 
3.190907 0.963172 2.351179 -0.692230 0.052026 -0.323113 -0.161949 0.330489 0.259934 0.768036 0.164066 0.023444 
3.234596 1.084704 1.810392 -0.263619 0.358644 0.030538 -0.646134 0.795251 0.364792 0.220375 0.272769 0.027972 
3.092369 0.668920 1.991108 -0.260129 0.183121 0.051077 0.123518 0.103979 0.096867 0.023810 0.477995 0.057746 
3.491254 1.213182 1.914495 -0.024613 0.332981 0.209386 0.049649 0.562405 0.618877 0.521065 0.430815 0.057394 
3.010268 0.856693 2.609862 -0.396547 0.593486 0.262980 0.154488 0.590829 0.953882 0.438819 0.371987 0.046852 
3.051612 0.683181 1.704194 -0.059299 0.403688 -0.285968 -0.587680 -0.117906 0.133703 -0.046159 0.055412 -0.022300 
3.158211 1.084170 2.029600 0.262989 0.776545 0.311239 0.206597 0.333769 0.277877 0.430324 0.361449 0.036049 
2.762431 1.480297 2.628070 0.076029 0.702258 -0.047676 0.482516 0.398443 0.403671 0.372540 0.122040 0.044527 
3.080172 0.983732 2.535803 0.883155 1.222116 0.114169 0.275631 0.833659 1.046949 0.610352 0.415214 0.062584 
2.992833 1.183606 2.360776 0.233894 1.124103 0.984381 0.543182 0.680736 0.573017 0.298377 0.481749 0.047403 
2.956183 1.355783 2.168776 0.575878 0.571556 0.719884 -0.176831 0.733872 0.133820 0.477863 0.402867 0.001231 
2.731007 1.368786 2.443766 -0.216830 1.645742 0.842814 -0.080209 1.035240 1.029103 0.447868 0.055467 0.002296 
2.731980 0.814954 1.908476 -0.107312 0.856762 0.687692 0.348845 0.505854 0.695582 0.536681 0.023245 0.005375 
2.634973 1.154378 2.400272 0.472216 1.204780 0.991522 0.978625 0.178311 0.546502 -0.036517 0.089028 0.044497 
1.430184 1.254181 1.410860 1.588312 -0.207988 1.058804 0.191126 0.332940 0.009376 -0.138990 0.288656 -0.013324 
0.859036 1.090686 2.291157 1.871069 1.641727 -0.049603 0.998112 0.472195 0.163086 0.545814 0.079463 -0.052266 
0.741057 0.589245 1.545208 1.800231 1.069810 1.912110 1.281080 1.322781 0.332065 0.309587 0.057015 -0.072855 
0.671530 1.230699 0.886425 1.771650 1.423200 1.775961 1.247393 1.264706 0.231954 0.063644 0.119506 -0.046650 
0.614597 0.710773 1.334343 1.587627 1.755853 1.851631 1.536292 0.681253 0.231680 0.145125 0.275096 -0.115793 
0.671451 1.167957 1.543034 1.551438 1.036041 1.796012 1.394701 0.377174 0.683490 0.290846 0.000157 -0.036836 
0.797924 0.771781 1.614631 1.545857 0.510226 1.316775 1.999827 0.945303 0.714339 0.129806 0.347895 -0.139453 
0.760437 0.758361 1.716647 1.270457 1.125903 1.261004 1.465775 0.712741 0.947117 0.355711 0.100350 -0.110950 
0.586257 1.199108 0.859057 1.425930 1.859629 1.390594 0.961497 1.134179 0.718982 0.417812 -0.022374 -0.045952 
0.689001 0.954960 1.396972 1.980061 1.266491 0.870557 1.394973 0.913256 0.351626 0.605728 -0.167085 -0.013051 
1.710381 0.166356 1.420819 1.491819 1.741441 1.703137 1.245020 1.026660 0.627817 -0.165138 0.099168 -0.012812 
4.296144 -1.954656 2.572279 0.657840 1.713094 1.024265 0.389225 0.644813 0.553607 0.373498 0.135612 -0.016951 
4.515845 3.339147 1.578128 0.489782 0.494498 0.733536 0.614731 0.267507 0.069558 0.050109 0.039279 0.020357 
5.386742 3.571799 1.341155 0.267859 0.282400 0.679882 0.816704 0.448517 0.347196 0.184841 -0.050731 -0.032688 
5.695845 3.143688 0.220417 -0.496559 0.472868 1.112004 0.836902 0.431237 0.260654 0.110523 0.318999 0.141409 
5.538612 4.676837 2.497831 0.403938 -0.322542 0.217899 0.923013 0.959148 0.514248 0.026467 0.059396 -0.014564 
4.131050 4.063132 3.747586 2.994500 2.021396 1.076389 0.590782 0.198278 0.164701 0.199693 0.133647 0.038758 
5.030972 4.151790 5.138179 5.346296 2.309406 0.290528 0.602937 1.357499 0.296709 -0.252585 0.054279 0.088041 
5.510470 5.365387 5.516679 3.473096 2.670961 0.937597 0.159797 0.431054 0.236847 0.131357 0.027817 0.031439 
4.970045 4.256557 5.263550 4.584279 2.880980 0.446493 0.695710 1.443160 0.213576 -0.154649 0.064211 0.049724 
3.109435 2.744370 2.827457 2.841913 2.378066 1.860211 1.566521 1.227545 0.673417 0.325679 0.117477 0.068813 
3.091132 2.735450 2.793644 2.631278 2.270887 2.071315 1.807869 1.320627 0.685147 0.404326 0.252966 0.090031 
3.003066 2.274364 2.852527 2.144485 2.338708 1.916022 1.516784 1.265187 1.069677 0.451105 0.250171 0.102881 
2.718507 2.130276 2.333947 2.018008 1.633175 1.562797 1.509319 1.223595 0.749067 0.513543 0.364197 0.073550 
2.671077 1.232312 2.907666 1.077025 1.709663 1.439061 1.323986 0.616773 0.631805 0.351864 0.302034 0.060681 
2.650418 1.088399 1.991296 1.089704 1.488782 1.625463 1.081865 1.292767 0.926712 0.606424 0.322479 0.020846 
-1.#IND00 -1.#IND00 -1.#IND00 -1.#IND00 -1.#IND00 -1.#IND00 -1.#IND00 -1.#IND00 -1.#IND00 -1.#IND00 -1.#IND00 -1.#IND00 
-1.#IND00 -1.#IND00 -1.#IND00 -1.#IND00 -1.#IND00 -1.#IND00 -1.#IND00 -1.#IND00 -1.#IND00 -1.#IND00 -1.#IND00 -1.#IND00 
