2.435739 1.116952 2.396403 0.637035 1.473655 -0.131695 0.581567 0.494419 0.203063 0.792703 0.340855 0.002379 
2.501681 1.086040 2.637407 1.377419 1.690671 0.541010 1.068873 0.708416 -0.225426 0.301406 0.104914 0.010463 
2.590914 1.271721 2.424379 1.001629 1.624674 1.776014 1.170667 1.202608 0.363968 0.613689 -0.113413 0.003047 
2.559244 1.350930 2.095410 0.956438 1.161171 1.521064 1.323363 1.063170 0.140696 0.157382 0.251210 0.017399 
2.532917 1.333149 2.592263 0.998235 1.088291 1.662316 0.825858 0.501266 0.196427 0.565178 0.010837 -0.010649 
2.508425 0.900575 1.761091 0.852876 1.651358 0.946944 0.754093 0.405001 0.388800 0.130716 0.072646 0.040651 
2.453735 0.964159 2.468579 1.047910 1.576531 0.729758 0.942637 0.890344 0.807798 0.871134 0.268852 -0.008984 
2.322313 0.960386 2.024629 1.368359 2.209874 0.931158 2.372704 1.212915 0.664982 0.509223 0.106006 0.044993 
2.682345 1.026426 2.490008 0.484898 1.522621 1.383740 0.662304 0.544320 0.602858 -0.148647 0.104959 0.040700 
2.556638 0.937255 2.283388 1.189950 1.076322 0.531836 0.262098 0.628850 0.463302 -0.143782 0.069891 0.023690 
2.320628 0.915201 2.118150 1.002315 1.187672 1.335412 0.508026 0.789462 0.081314 -0.018215 0.278661 -0.004903 
2.574699 0.514994 1.783396 0.365807 1.713237 0.511422 1.114576 0.201648 0.020452 0.005065 0.086248 0.045408 
2.245602 0.496737 1.649052 0.724938 2.016440 0.992850 0.641115 0.560920 0.525292 0.126994 0.257125 -0.000902 
2.352299 0.584586 2.264607 0.343050 2.280346 1.245152 1.584854 0.933544 0.049135 0.285072 0.146202 0.024322 
2.634641 1.038017 2.592993 1.323521 1.504673 1.465292 0.978533 0.659745 0.773359 0.514748 0.344251 0.028683 
2.232308 0.865722 1.947607 0.095882 1.870551 0.800262 0.069864 0.933734 0.424982 0.431083 -0.003279 -0.037030 
2.083211 0.335204 1.912330 0.309764 1.161346 0.388040 0.372257 0.917584 0.208294 0.247972 0.124493 -0.040764 
2.364178 0.512141 2.045734 1.016956 1.856842 1.246151 0.532014 1.456565 0.577735 0.377492 0.352099 -0.012641 
2.653954 0.844018 2.297372 1.280528 1.265576 1.079438 0.938848 1.312750 0.770043 0.446032 0.052338 0.002519 
2.394032 0.956149 2.035809 0.497189 1.645672 0.938559 0.878934 1.541508 0.026489 0.342888 0.046135 -0.023142 
2.399089 1.209482 1.813010 0.536621 2.657010 2.117706 0.881756 0.714837 0.412392 0.701829 0.070828 0.010131 
2.437101 1.076438 1.829994 0.912786 1.671840 1.014652 1.481513 0.877035 0.667503 0.255203 0.372304 0.016062 
2.449813 0.843145 2.044357 0.416192 1.147782 0.899084 0.500346 0.983954 0.296592 0.167322 0.102027 -0.014049 
1.703190 1.219703 1.188349 3.108729 -0.268588 -0.083631 1.492532 -0.734328 0.946513 0.547017 0.134199 -0.100158 
0.307285 0.989800 1.756731 1.817294 1.736682 1.053157 1.248946 1.323992 0.527483 0.045454 -0.115659 0.047688 
0.914595 0.936065 1.398311 1.937540 0.503505 1.676563 1.311709 0.817539 0.364576 0.289065 0.033174 -0.034250 
0.659835 1.284019 1.447853 1.325085 2.310261 0.130458 0.537179 0.874212 1.014491 0.617004 -0.012849 -0.095533 
0.914590 1.056097 1.515126 1.361714 1.711887 1.300078 0.998108 1.183604 0.748985 -0.201334 -0.022648 0.005788 
0.395877 1.054027 1.472981 1.756630 1.831207 2.148756 1.039721 1.055105 0.379577 0.149743 0.012123 0.038407 
0.820724 0.919052 1.391996 1.376373 1.815177 1.165181 1.152887 1.490921 0.417821 0.073158 0.016063 -0.003360 
0.674892 1.257763 1.406850 1.339542 1.517325 1.228220 0.990978 0.711362 0.697688 0.587911 -0.121812 -0.040973 
0.816283 0.768188 1.651345 1.559011 1.051600 1.128782 1.128687 1.519500 0.696799 0.147694 0.115905 -0.054950 
0.876328 0.834507 1.362156 1.069203 1.444097 1.495147 1.618267 1.389387 1.092878 -0.273398 -0.050647 -0.000624 
0.924134 1.171185 1.091042 1.491850 1.580764 1.564474 1.229800 0.627727 0.684445 0.471138 -0.139073 -0.009664 
2.029954 0.431656 1.346626 1.088905 1.171402 0.769696 0.913263 -0.181673 0.837247 -0.002952 0.477595 -0.076384 
5.029470 3.786338 1.694112 0.215737 0.136786 0.850224 1.247719 1.093280 0.564306 0.144494 0.090911 0.007577 
7.729942 5.766477 2.570060 -1.071810 -0.493587 0.272480 0.655416 1.383340 0.412674 0.415160 0.083878 -0.002314 
4.202484 3.740298 2.732770 1.442827 0.443181 0.061632 0.158452 0.352439 0.407761 0.277640 0.175285 0.058454 
4.314575 3.725251 2.418839 0.993310 0.187539 0.138150 0.444210 0.606064 0.437764 0.159861 0.070932 0.006119 
5.111660 5.303560 4.128293 2.197140 0.627342 -0.248972 -0.068188 0.334116 0.591476 0.399625 0.328604 0.119726 
5.548913 5.131962 5.763717 4.409580 2.232373 0.322098 0.162722 0.446251 0.052523 0.146373 0.000459 0.055818 
4.702585 4.335049 4.462657 3.990634 2.284097 0.612191 0.742102 0.819036 0.212762 0.055079 0.099135 0.046051 
4.141734 3.464545 3.887738 3.831238 2.803332 1.271591 1.186576 1.135900 0.434673 0.074436 0.177443 0.044682 
3.805828 3.340835 4.420719 4.744371 3.048857 1.601052 1.355742 1.644029 0.744270 0.128354 0.210389 0.071259 
3.608995 3.068588 3.189435 3.325389 2.600821 1.915970 1.942461 1.864787 0.947601 0.186442 0.155902 0.083595 
4.366790 3.694939 4.076229 4.137310 3.538633 2.344178 1.666259 1.782291 0.469749 0.089845 0.381993 0.083258 
2.969624 2.066674 2.421086 1.985866 1.914303 1.677714 1.827286 1.214268 0.671485 0.314806 0.281199 0.077160 
2.680284 0.977068 2.076712 1.315188 2.102544 1.563358 0.971773 0.813820 0.464452 0.744137 0.363367 0.005776 
-1.#IND00 -1.#IND00 -1.#IND00 -1.#IND00 -1.#IND00 -1.#IND00 -1.#IND00 -1.#IND00 -1.#IND00 -1.#IND00 -1.#IND00 -1.#IND00 
-1.#IND00 -1.#IND00 -1.#IND00 -1.#IND00 -1.#IND00 -1.#IND00 -1.#IND00 -1.#IND00 -1.#IND00 -1.#IND00 -1.#IND00 -1.#IND00 
