2.658364 0.890266 2.308501 0.635868 1.187246 1.252240 0.021285 0.864917 0.681022 0.239189 0.362764 0.016676 
2.482262 0.840207 2.582532 0.817629 0.810902 0.860527 0.582651 0.112366 0.326568 0.154278 0.073026 0.009180 
2.553223 1.409490 2.722822 0.996014 1.827890 0.818042 0.541430 0.840792 0.591764 0.466236 0.284889 0.018943 
2.489269 0.993014 2.444015 1.113743 1.243362 0.345621 0.399454 0.809039 0.410589 0.246121 0.411142 0.018781 
2.197891 0.627978 2.079391 0.597665 0.977496 0.924976 0.532880 0.625624 0.144478 0.245273 0.159920 -0.050237 
2.477699 0.889904 2.285160 0.950419 1.136968 0.988538 0.521523 0.911964 0.663245 0.391880 0.281947 -0.009184 
2.315113 0.693563 1.933944 0.631214 0.811141 1.309097 0.718377 0.407684 -0.228773 -0.297813 -0.099836 0.015017 
2.211472 0.980735 1.750050 0.784223 1.116800 1.533200 1.867571 1.071393 0.766136 0.331996 0.211852 -0.012898 
2.559887 0.468524 2.841047 0.345703 1.183994 0.218455 1.418986 0.733340 0.544826 0.152825 0.081700 0.033557 
2.489859 0.899568 2.120410 0.522813 0.921744 0.329139 0.541538 0.341564 1.157557 -0.099817 -0.171658 0.059863 
2.412993 0.898673 2.693578 0.944857 1.826047 0.816177 0.474466 1.470218 0.167875 0.160139 -0.089286 0.010832 
2.472579 1.349593 1.950573 0.706870 1.487815 0.569389 0.874255 0.705815 0.818641 0.142397 0.185901 0.030654 
2.707987 1.313977 2.071067 1.021121 1.299853 0.996580 0.913693 0.795511 0.224066 0.336895 0.159260 -0.006961 
2.603953 1.020069 2.595592 1.352322 1.611863 0.996956 0.961997 0.641083 0.578500 0.443375 0.152230 0.030819 
2.675652 1.292976 2.331131 0.872489 1.509220 0.808295 1.416637 0.606383 0.261672 0.238881 0.061433 0.030228 
2.591690 1.164559 2.276182 0.772854 2.019386 1.074849 1.250304 0.561189 0.304540 -0.134734 0.183006 0.033334 
2.582562 1.167380 3.131182 1.061581 1.506283 1.290082 0.930095 0.452889 0.299818 0.403341 0.052904 0.007323 
2.657495 1.286229 2.835442 0.011934 0.902837 0.914872 0.484038 0.435533 0.165492 -0.334196 -0.098286 0.002769 
2.422222 1.282949 2.075298 0.910632 1.311009 0.478953 0.457237 1.038168 0.502967 0.507527 0.295666 -0.013573 
2.866991 1.158166 2.538842 1.455319 1.490873 1.169083 0.833757 0.910537 0.504284 0.415431 0.204453 0.024241 
2.831049 0.902849 2.418263 0.419103 1.390006 1.512520 0.533148 0.764317 -0.181253 -0.287480 0.216824 0.018440 
0.886082 1.555617 1.545700 1.258332 0.332432 -0.010965 0.380767 1.093231 0.329613 0.139424 0.158352 -0.072244 
1.090686 0.597802 0.881143 1.885051 1.760562 1.519591 0.759796 0.976728 0.152004 0.141671 0.306363 -0.070745 
0.923169 1.429726 1.270976 1.832221 0.677408 1.151429 1.230273 0.899014 -0.344073 0.427293 -0.066889 0.014277 
0.445578 1.234450 1.205084 1.198690 1.735290 1.708783 1.593140 0.333358 0.629110 0.481283 -0.019689 -0.041388 
0.720338 0.898837 1.048154 1.598761 1.789034 1.205998 0.886995 1.200918 0.645118 0.319561 0.131083 -0.095232 
0.784119 0.803983 1.379367 1.503060 1.651759 1.342599 1.592025 1.198929 0.699866 0.091756 0.157573 -0.064567 
0.752326 0.867420 1.686013 1.314332 1.785469 1.054658 1.217284 0.801925 0.782102 0.647341 0.206683 -0.146758 
1.122360 1.010221 1.004188 1.383424 1.537976 1.512161 1.109616 0.596650 0.296995 0.537211 -0.085072 -0.020733 
0.843195 0.774673 0.914747 1.793555 1.512153 1.811276 1.254557 0.210667 0.416860 0.555251 0.156425 -0.133492 
1.862748 0.370121 1.360153 0.921847 1.330393 0.808351 0.869098 0.676057 0.623672 0.230874 0.053584 -0.058221 
1.706810 0.651008 1.157027 1.131346 1.611305 1.641033 1.345868 1.038475 0.179121 -0.035170 0.021645 0.025476 
2.583317 -0.482853 2.074013 0.554577 1.700101 0.959366 1.638670 0.877460 0.653952 0.094459 -0.301173 0.002620 
5.013176 -1.599748 1.953879 0.959277 0.306736 1.618354 0.528365 1.109369 1.174679 0.184083 0.050792 0.021027 
5.299820 2.280813 0.017264 0.578616 1.171954 0.488100 0.412415 1.181379 1.232670 0.455505 0.138720 0.003964 
6.541344 0.621464 -0.300479 1.520419 0.371624 0.503033 1.616165 0.951585 0.119191 0.072189 0.282698 0.089075 
6.042256 4.955749 2.382892 0.313600 0.005602 0.445412 0.819783 0.773342 0.406000 0.314180 0.091025 0.022559 
3.567535 3.250732 2.789620 2.039105 1.242591 0.610395 0.296011 0.200504 0.252818 0.346956 0.276161 0.064979 
2.876037 2.474293 2.306031 2.101920 1.834420 1.509495 1.152814 0.810863 0.503408 0.270795 0.124352 0.044102 
2.787271 2.296863 2.129738 2.007613 1.705957 1.432052 1.183610 0.973561 0.715041 0.448584 0.253368 0.064290 
3.227837 2.981971 2.870116 2.612038 2.105484 1.650675 1.279018 0.816480 0.446663 0.244699 0.092117 0.033875 
2.524938 1.979587 1.632329 1.258974 1.096628 0.973147 0.687302 0.387872 0.307993 0.200745 0.083160 0.011634 
2.684181 2.125573 1.991228 1.844103 1.480195 1.164290 1.020515 0.809205 0.449166 0.266995 0.105801 0.029460 
2.823257 2.039417 2.608960 1.834016 2.002728 2.265893 1.223496 1.043647 1.000524 0.432465 0.176126 0.082504 
2.612839 1.354035 2.764423 1.267112 2.030064 1.501062 1.242494 0.824122 0.825658 0.446099 0.339742 0.053704 
2.418435 1.645569 2.199087 1.227941 1.379666 1.299836 0.721605 1.156088 0.465017 0.617452 0.168995 0.011017 
2.432984 1.539169 2.345365 1.669787 1.321009 0.899692 0.991791 0.870351 0.310361 0.335472 0.345889 0.033319 
2.484082 0.560575 2.388311 1.200848 2.042516 1.253001 0.998648 1.627986 0.430262 -0.045928 0.354872 0.053433 
-1.#IND00 -1.#IND00 -1.#IND00 -1.#IND00 -1.#IND00 -1.#IND00 -1.#IND00 -1.#IND00 -1.#IND00 -1.#IND00 -1.#IND00 -1.#IND00 
-1.#IND00 -1.#IND00 -1.#IND00 -1.#IND00 -1.#IND00 -1.#IND00 -1.#IND00 -1.#IND00 -1.#IND00 -1.#IND00 -1.#IND00 -1.#IND00 
