2.433960 0.576747 1.783017 0.632037 1.598175 0.916308 0.236095 0.920372 0.020460 0.070480 0.058425 0.018194 
2.502173 1.402753 1.864453 0.847276 1.283629 0.407089 0.901411 0.883144 0.114695 0.655300 0.245629 -0.012725 
3.051957 1.358007 2.555983 1.291277 1.424155 0.787400 0.405788 0.150661 -0.479444 0.454445 -0.038383 -0.021952 
2.708301 0.874201 2.173786 1.484810 1.889700 0.431417 1.103809 1.008888 0.271803 0.529386 0.186899 0.009837 
2.070843 0.796977 2.371240 0.279860 1.486997 1.153775 0.570252 1.603800 0.482955 0.412410 0.034841 -0.079978 
2.372702 0.620328 2.025454 0.779185 1.840362 0.802476 0.440027 1.264579 0.185206 0.419479 0.122131 -0.019232 
2.592435 1.007439 1.787562 1.016532 2.012932 0.929840 0.682120 1.561292 0.580550 0.270432 0.193862 -0.003231 
2.610886 1.259337 1.914795 0.889037 1.902955 1.477585 1.163671 0.608228 0.283006 0.476608 0.161814 0.005798 
2.465521 0.931995 1.874640 0.800715 2.699827 0.965848 0.087088 0.876102 0.894259 0.577139 0.239817 -0.014440 
2.573808 1.163825 2.531987 0.931033 1.847814 0.507179 1.153683 1.402912 0.505303 0.337642 0.164418 0.024239 
2.436836 0.872071 1.327866 0.724811 1.923084 1.089692 0.802158 0.961891 0.127982 0.032203 0.424683 0.027718 
2.549490 1.175625 2.253823 1.010474 2.062750 1.547505 0.494006 1.046350 0.584891 0.180909 0.119223 0.024673 
2.332481 0.522201 2.393826 1.037504 1.929034 1.017038 0.808598 1.114122 0.381960 0.296445 0.139197 -0.007161 
2.297883 0.945533 2.086455 0.875029 1.438433 0.615011 0.510711 1.282299 0.829243 0.374725 0.262088 0.002403 
2.410602 0.921321 2.176757 0.582581 1.768849 1.209941 0.696195 0.596584 0.571593 0.627391 0.061860 -0.016967 
2.315300 0.676733 2.042090 0.054761 1.377919 0.579364 0.750151 0.561448 -0.336632 -0.062399 0.177436 0.047869 
2.332125 0.166614 2.208950 0.462361 1.865707 0.630576 0.306522 0.576666 0.780667 0.347132 -0.032979 0.003870 
2.436428 0.265153 2.170395 0.399399 1.789788 0.805715 -0.167115 0.509175 0.070992 0.484786 0.069455 -0.019833 
2.586876 0.457243 1.954081 0.152136 2.307730 0.752426 0.647724 0.765432 0.698599 0.344549 0.047268 0.001080 
2.543752 0.091491 1.659035 0.843920 1.421072 1.334182 0.339027 1.364832 0.387514 0.573112 0.369694 -0.065685 
2.651347 1.249734 2.307550 0.536597 2.185557 1.091741 1.766494 1.219755 0.290619 0.417013 0.340047 0.019772 
2.296790 1.248345 2.070606 0.578110 1.079866 0.744123 0.851592 0.754628 0.567297 0.164029 0.022675 0.012133 
2.516271 0.561816 2.288743 0.699507 1.850899 0.954114 0.602550 1.212012 0.787914 0.364997 0.442640 -0.001762 
1.304379 1.484595 0.593123 0.064910 1.270011 0.576324 0.620116 0.188532 0.268281 0.795042 0.217711 -0.085005 
0.800685 1.003066 2.044552 0.766833 0.797317 1.853771 0.590281 0.808176 1.014106 0.104518 0.184135 -0.066457 
0.745463 1.024911 0.527391 1.826611 2.324813 1.296780 0.823552 1.183675 0.608959 0.160960 0.057070 -0.051155 
0.667525 1.114612 1.624917 1.680214 1.108325 1.155968 0.896562 1.246775 0.614124 0.147957 0.047930 -0.025871 
0.683222 1.337199 1.558490 1.111021 1.666353 1.519117 1.271593 1.023293 0.237203 0.266748 -0.079471 0.004058 
0.475550 0.791095 1.500124 1.992521 1.663313 1.702079 0.777880 1.501442 0.637452 -0.176617 0.084306 0.023348 
0.952427 0.621307 1.507151 1.211335 1.207138 1.099191 1.275689 1.159825 0.433750 0.305404 0.049178 -0.039631 
0.795160 0.797107 1.655210 1.711142 1.267687 1.224436 1.078075 0.926268 0.397978 -0.025363 0.189755 -0.022768 
0.436244 1.063824 1.269666 1.276111 1.502463 1.781630 1.382254 0.871001 0.949416 0.581671 -0.249320 -0.013347 
0.908928 1.041884 2.005266 1.758054 1.298380 1.142509 0.926045 0.669895 0.667597 0.328623 -0.057292 0.001549 
1.122667 1.240134 1.047677 1.328167 1.136882 1.131892 1.093600 1.096410 0.321098 0.199257 0.066093 -0.040097 
5.458285 -0.919644 0.803442 1.560778 0.974675 1.196575 1.180152 0.407102 0.518806 0.202467 0.286086 0.141341 
4.659427 3.641671 1.737055 0.146175 -0.220486 0.318578 1.040655 1.182677 0.727643 0.265014 0.315921 0.056640 
5.952167 4.130293 1.095716 -0.402504 0.184599 1.028392 1.183889 0.687648 0.343076 -0.002312 0.075328 0.052755 
4.498896 3.670627 2.113518 0.756441 0.259683 0.451705 0.754540 0.694457 0.438207 0.230031 0.167543 0.033863 
4.115890 3.525587 2.398263 1.167884 0.419477 0.363438 0.637036 0.737028 0.518957 0.243667 0.156567 0.028524 
3.726996 3.305313 2.571491 1.585067 0.804008 0.380614 0.329271 0.389137 0.446510 0.382419 0.250322 0.069353 
3.077939 2.736477 2.443912 2.070302 1.703969 1.282076 0.855999 0.547758 0.343541 0.241234 0.153173 0.034364 
3.395052 3.097785 3.080196 2.788265 2.110271 1.630167 1.088357 0.765372 0.497219 0.311528 0.269508 0.063773 
3.775234 3.626821 3.636380 3.227020 2.652011 1.970604 1.300200 0.648627 0.392617 0.313249 0.176298 0.036141 
3.639096 3.459988 3.496406 3.294401 2.729488 1.879684 1.352819 0.999923 0.421603 0.202663 0.140389 0.027013 
4.496974 4.400576 5.155109 4.146796 3.703679 2.348510 1.396494 1.165934 0.365099 0.251572 0.205432 0.017811 
3.717440 3.313751 3.830571 3.674242 2.882673 2.091046 1.900964 1.377150 0.551659 0.375787 0.180454 0.052890 
2.377699 1.666621 1.434978 1.075470 0.554615 0.531933 0.483437 0.377106 0.101927 0.017992 0.051238 0.000032 
2.586462 1.042449 2.554507 1.492790 2.413690 1.339528 1.329807 1.589930 0.977348 0.202217 0.307976 0.082417 
-1.#IND00 -1.#IND00 -1.#IND00 -1.#IND00 -1.#IND00 -1.#IND00 -1.#IND00 -1.#IND00 -1.#IND00 -1.#IND00 -1.#IND00 -1.#IND00 
-1.#IND00 -1.#IND00 -1.#IND00 -1.#IND00 -1.#IND00 -1.#IND00 -1.#IND00 -1.#IND00 -1.#IND00 -1.#IND00 -1.#IND00 -1.#IND00 
