2.623655 0.931806 2.441898 0.891739 1.479218 0.683150 1.035925 0.215989 0.462889 0.455623 -0.015509 0.003560 
2.262098 0.630150 1.976255 0.434878 1.044654 0.763089 0.821225 0.266395 -0.007317 0.213120 0.251106 -0.005678 
2.365303 1.109698 2.066250 1.017093 1.967435 0.526344 1.383509 0.839038 1.116382 0.456725 -0.035676 0.031378 
2.514286 0.531128 1.993473 0.799549 2.031573 0.783953 0.476597 0.221087 1.050709 0.400627 -0.011688 0.010076 
2.422222 0.239745 1.928410 0.393851 1.582975 1.428006 0.668718 0.356305 0.820554 0.063677 0.119462 -0.003257 
2.702711 -2.230118 1.568642 2.288995 -0.128461 -0.046897 2.064486 1.034228 0.184402 0.148065 0.124925 -0.095143 
2.089582 -0.156191 2.231962 1.608434 1.983162 0.751849 0.824246 0.257531 0.553217 0.443957 0.226865 -0.045204 
2.792767 1.063225 1.970054 1.040966 1.427783 -0.280140 0.377399 0.481934 0.773006 0.362269 0.356379 0.037312 
2.569094 0.347059 2.348301 0.905236 1.925088 1.020573 0.818618 0.771168 0.649411 0.397054 0.082355 -0.012752 
2.572369 0.383313 1.896497 0.890161 2.075514 0.972100 -0.201079 0.946472 0.526110 0.276980 0.040975 -0.004882 
2.497883 0.040336 2.305473 1.124168 2.148756 0.718522 -0.316410 0.786363 0.995017 0.747441 0.170291 -0.065452 
2.710738 0.563770 1.783311 0.510084 1.588792 0.706933 0.680857 0.925336 0.240964 0.644162 0.135935 -0.038954 
2.550262 0.791827 1.609254 0.814948 2.281638 0.779397 0.435267 0.826899 0.308159 0.396048 0.293207 0.018079 
2.597493 0.663867 1.811134 0.872367 1.796997 0.972895 0.718621 0.740698 0.242787 0.914832 0.323626 -0.041658 
2.479079 0.757885 1.795004 0.227000 1.332154 0.695854 0.363071 0.418054 0.239241 0.079217 0.067780 0.024866 
2.233922 0.659684 1.507095 0.281826 0.830032 0.818617 0.098128 0.259431 0.505630 0.395007 -0.003262 -0.042690 
2.531884 0.780617 2.662736 0.096510 1.374848 0.167628 -0.216524 0.542087 0.041954 -0.212243 0.308270 0.021697 
2.496931 0.964951 2.198963 0.604164 1.861799 0.586630 0.459201 0.400082 0.662799 0.581341 0.196284 -0.011219 
1.976739 0.980086 1.776776 0.061090 1.081446 0.838992 0.315415 1.038297 0.157939 0.200328 0.166196 -0.037584 
2.281519 0.734616 1.455842 0.223621 2.063102 0.647738 0.333595 0.867222 0.725438 0.497342 0.056480 -0.030132 
2.421588 0.596885 1.580003 0.250401 1.574588 1.240218 0.928385 0.705278 -0.092823 0.504492 0.182648 -0.036815 
0.845480 0.722157 0.633287 1.285060 2.349651 -0.397071 0.601905 -0.481182 0.642505 -0.039400 -0.226940 0.071660 
0.806163 0.918809 1.604323 1.855023 0.929760 1.636109 1.136171 0.766571 0.430530 0.111947 0.253571 -0.054660 
0.573472 1.389019 1.246662 1.600613 1.373697 1.123848 0.977385 0.872375 0.873850 0.492754 -0.081166 -0.026389 
0.826746 1.010207 1.819796 1.512378 1.078958 1.810041 0.654776 1.051979 0.587825 0.350180 0.099917 -0.060421 
0.615983 1.052304 1.261266 1.506549 1.736750 1.838049 0.604553 0.982233 0.101362 0.501770 0.192382 -0.071978 
0.707881 1.256373 1.040366 1.434726 1.737445 1.172945 1.355646 0.948397 0.823671 0.082875 0.214152 -0.074300 
0.700846 1.433140 1.108555 1.153187 1.477988 1.478499 0.779463 1.331010 0.592881 -0.085013 0.242001 -0.075347 
0.725166 0.917141 1.667115 1.729578 1.089357 1.353761 0.864933 1.384762 0.475484 0.010362 0.191638 -0.053593 
0.805978 1.193553 1.488530 1.623895 1.363617 0.985929 0.548908 1.166956 0.677695 -0.055779 0.101852 -0.042459 
0.687451 0.929719 1.107198 1.924188 1.889619 1.457626 1.225433 0.551101 0.876934 -0.004064 0.071346 -0.064090 
1.198604 0.854654 1.404264 1.733774 1.241639 1.321589 1.324131 1.012677 0.460606 0.257310 -0.096227 -0.014977 
1.327144 0.927369 1.774833 1.639215 1.440986 1.122599 -0.031487 0.865195 0.843556 0.689445 -0.331968 0.012999 
1.996117 0.151147 1.462295 2.168420 0.960815 1.129765 0.789354 0.064790 0.863586 0.136381 0.217134 -0.046256 
4.722858 -0.717626 0.687119 2.147611 0.434069 0.925313 0.950481 0.389523 0.652795 0.599765 0.133395 -0.027295 
4.613347 1.884728 -0.107570 0.349221 0.827997 0.346511 0.508129 1.014788 0.693907 -0.036052 0.001981 0.014193 
6.615407 2.236841 -0.978671 -0.109136 1.592580 1.142456 0.917037 0.587537 0.770436 0.539244 0.180555 -0.012218 
7.810599 4.252171 1.617200 -0.338723 -0.228489 0.473496 0.361618 0.550123 0.198263 0.238385 0.173387 0.066083 
3.960181 3.545199 2.750208 1.628345 0.592690 0.104424 -0.016455 0.094632 0.296166 0.320685 0.231559 0.082952 
3.286941 2.912289 2.640927 2.205597 1.637208 1.256367 0.941586 0.679945 0.474990 0.313406 0.168259 0.049742 
2.788166 2.321266 2.103770 1.891005 1.571737 1.302734 1.083192 0.721755 0.417047 0.240897 0.113686 0.040793 
2.799235 2.311060 2.045364 1.760287 1.433423 1.016708 0.730638 0.481760 0.351426 0.256790 0.185735 0.036692 
2.738727 2.339480 2.090378 1.764624 1.637705 1.391832 1.191101 0.787520 0.550601 0.458650 0.243375 0.058162 
2.666700 2.071130 2.009095 1.772577 1.387097 1.105286 0.896921 0.737613 0.401591 0.280627 0.179287 0.051911 
2.466802 1.704214 2.070449 1.159422 2.053371 1.744476 0.967340 0.576213 0.428095 0.445302 0.476691 0.058364 
2.569241 1.430394 1.973281 1.237880 1.827338 1.437326 0.804822 0.588084 -0.043651 0.179204 0.413908 0.049890 
2.669845 1.207026 2.787138 0.700167 1.407561 1.757222 0.936414 0.955377 0.718765 0.309188 0.376269 0.054566 
2.589926 0.901732 2.140614 0.807891 2.048028 1.239129 -0.029640 1.128623 0.688403 0.262003 0.337000 0.024111 
-1.#IND00 -1.#IND00 -1.#IND00 -1.#IND00 -1.#IND00 -1.#IND00 -1.#IND00 -1.#IND00 -1.#IND00 -1.#IND00 -1.#IND00 -1.#IND00 
-1.#IND00 -1.#IND00 -1.#IND00 -1.#IND00 -1.#IND00 -1.#IND00 -1.#IND00 -1.#IND00 -1.#IND00 -1.#IND00 -1.#IND00 -1.#IND00 
