3.273398 0.618388 1.005734 -0.308838 1.046233 0.485825 1.091558 0.822083 0.004273 0.283454 0.055797 -0.018497 
3.072529 0.546339 1.039435 -0.625782 1.292502 0.242797 0.505361 0.500869 0.138130 0.605267 0.279198 0.005257 
3.484489 0.657440 0.574713 -0.416929 1.889876 1.627777 0.939925 1.278149 0.498363 0.070088 0.061925 -0.018048 
3.158125 0.517197 0.997090 -0.495072 0.549831 0.756729 0.324628 0.904466 0.548329 -0.111079 0.132553 -0.013811 
3.367875 0.817697 0.822820 -0.682199 0.875670 1.300072 0.411179 0.680947 0.353699 0.116193 -0.053393 -0.022725 
3.189036 0.740845 1.218591 -0.602593 0.203243 0.899010 1.066425 1.269290 0.296929 0.139456 0.310461 -0.006819 
2.973360 0.884706 0.583613 -0.496308 0.723355 1.056153 1.458017 0.612650 -0.129620 0.213511 0.044628 -0.028292 
3.107365 0.375534 0.965191 -0.489665 0.803294 1.531503 0.893336 0.780555 0.038689 0.103550 0.118001 -0.036523 
3.752966 1.011404 1.520742 0.126583 1.199119 0.506381 0.873480 1.473663 0.537390 0.286965 0.263004 0.020788 
3.135925 0.510389 0.619233 -0.414721 0.499052 0.360480 0.136921 0.606152 0.176862 0.030789 0.171190 0.045244 
2.852095 0.089276 0.928665 -1.149487 0.965658 0.196669 0.091883 0.483032 -0.388801 -0.282064 -0.040135 -0.012570 
3.196661 0.621843 1.328681 -0.529948 0.625462 0.842403 0.973746 1.028157 0.450057 0.135448 0.176364 0.009960 
3.107368 0.827311 0.860998 -1.141937 0.836087 0.933421 0.751542 1.179875 0.509248 -0.089036 -0.002597 -0.017313 
3.099598 0.681724 1.325857 -0.141488 1.274507 1.078612 0.595432 0.854058 0.177663 0.274163 0.223080 -0.018434 
3.158934 0.242100 0.469759 -0.232983 0.573607 0.384279 0.872046 0.758852 0.221181 -0.071054 0.036166 -0.012695 
3.566903 0.177790 0.552137 0.002500 -0.073360 0.219838 0.555057 0.441202 0.788697 0.387233 0.088080 0.004753 
3.363380 0.506718 0.768027 -0.782387 0.623013 0.690434 0.530699 0.624249 -0.134596 0.158923 0.075301 -0.006813 
2.954343 0.409867 0.670132 -0.221992 0.508855 0.489598 0.863478 1.006247 0.331373 -0.318674 0.108153 0.023789 
3.252369 0.427743 0.896628 -0.585424 0.380922 1.439070 0.990245 0.049325 0.452007 0.193997 0.073571 0.044270 
1.599174 -0.104879 1.390595 0.046869 0.073124 0.050306 0.143268 -0.330605 0.136531 0.245954 -0.146661 -0.051692 
1.408119 0.555316 0.827691 -0.391448 -0.182845 0.349786 -0.305427 1.088713 0.246989 0.504706 0.097326 -0.060662 
1.559885 0.456863 0.218401 0.559292 0.554695 -0.259139 0.274627 1.101332 0.545513 0.937871 0.283433 -0.039367 
1.271422 0.800657 0.141939 0.244109 0.327182 0.748512 1.132440 1.911376 0.627130 0.543553 0.021750 -0.094322 
0.672350 1.853964 0.846502 1.055791 1.526945 1.743266 1.299420 1.174233 0.348468 0.338895 -0.039053 -0.048261 
0.910957 1.393783 1.295993 1.026128 1.343800 0.647453 1.922845 0.970024 0.882581 0.112978 0.001288 -0.101266 
0.860395 1.225110 1.459597 1.414167 1.300227 1.418015 1.346126 0.598274 0.382834 0.318262 0.042400 -0.090594 
1.002239 1.193640 1.762730 1.122858 1.531735 1.082513 1.074399 0.391930 0.629835 -0.026314 -0.230193 0.017683 
0.563869 1.071860 2.146111 1.276063 1.450352 0.440379 0.944338 1.027788 0.809565 0.546123 -0.066832 -0.062152 
0.670514 0.725677 1.540609 1.319095 1.604078 1.173348 0.967908 1.243544 0.631923 0.188631 0.128960 -0.103269 
0.625815 1.396357 1.855769 1.078877 2.381141 0.903609 1.223263 1.025354 0.231705 -0.104896 0.262530 -0.046808 
1.011222 0.830041 0.836738 2.091338 1.819921 0.445863 0.721160 0.459555 0.542172 0.674144 -0.062155 -0.104203 
1.232426 0.875428 1.277463 1.403926 1.048261 2.129230 0.312458 0.788993 0.641289 0.131165 -0.078732 -0.017826 
1.402138 0.282183 1.517135 1.566970 1.472817 1.417945 1.354947 1.017453 0.456526 -0.077512 0.312605 -0.072442 
3.567846 1.096095 0.869469 0.697874 0.587635 0.467783 -0.194094 0.928667 0.976310 0.057616 0.211884 0.029742 
2.943331 0.836470 1.034808 1.409191 1.565070 1.438432 0.767921 0.390602 -0.006823 0.099351 0.199189 0.024261 
3.848322 0.424179 1.861270 1.012812 0.997442 0.250387 0.536452 -0.032829 0.582911 0.322970 0.465194 0.098156 
3.702664 1.419575 2.133443 2.294889 1.779553 0.579396 -0.227664 0.475336 1.034192 0.036662 0.292861 0.078615 
3.238807 2.496570 3.001856 2.610449 1.496014 0.763176 -0.102615 0.193073 0.317384 0.353300 0.275838 0.039293 
3.401440 3.152939 2.943972 2.599717 2.090689 1.401700 0.869423 0.409006 0.265204 0.194786 0.127427 0.019782 
3.627463 3.184212 3.347215 3.374644 2.606802 1.579844 1.572115 1.148233 0.552681 0.223483 0.194044 0.053845 
3.451403 2.889171 2.920205 2.830026 2.397877 1.926346 1.658197 1.257309 0.624811 0.289753 0.085058 0.052825 
2.591695 2.121824 1.919316 1.399544 1.332247 1.355869 0.864220 0.475630 0.300390 0.239367 0.143419 0.027768 
2.618366 1.959829 1.864643 1.847708 1.326254 0.871452 0.857744 0.866294 0.377771 0.264271 0.143254 0.023238 
3.159474 1.451320 1.711488 1.310922 1.897981 1.061947 1.613110 1.155517 0.291668 0.458034 0.282844 0.039628 
3.232917 0.341434 1.426334 0.219552 1.892369 1.255874 0.080796 1.416403 0.446512 0.305338 0.018142 -0.023726 
3.307948 0.818026 1.054753 0.179555 1.359464 0.995107 0.872963 1.343961 0.554585 0.229980 -0.024226 -0.004246 
3.174871 0.629570 1.061372 -0.576726 0.891209 1.506403 1.373080 1.372664 0.420847 -0.148767 0.051205 -0.004023 
2.994914 0.831987 1.387296 -1.359116 0.643787 1.030743 0.505214 0.877176 0.279663 0.483793 0.235687 0.035061 
-1.#IND00 -1.#IND00 -1.#IND00 -1.#IND00 -1.#IND00 -1.#IND00 -1.#IND00 -1.#IND00 -1.#IND00 -1.#IND00 -1.#IND00 -1.#IND00 
-1.#IND00 -1.#IND00 -1.#IND00 -1.#IND00 -1.#IND00 -1.#IND00 -1.#IND00 -1.#IND00 -1.#IND00 -1.#IND00 -1.#IND00 -1.#IND00 
