2.841453 0.334930 0.904607 -0.551655 1.154770 1.435921 1.343565 0.606858 0.176720 0.346377 0.174470 0.018597 
3.084530 0.409434 0.564241 -1.142675 -0.034402 0.258910 0.432437 1.111427 -0.290038 -0.039650 0.132809 -0.006925 
3.476501 -0.924517 1.762266 0.347495 1.306286 -0.269512 0.454055 1.409110 0.216500 0.241259 0.200957 0.015197 
3.219668 0.355182 0.653192 -0.129295 1.081873 0.273389 0.542385 0.827154 0.063521 0.430959 0.111224 -0.017128 
3.089675 0.674160 1.226674 -0.902067 0.548004 0.382843 0.983086 1.037620 0.235536 -0.056035 -0.101157 -0.030512 
3.138772 0.088600 1.668083 0.070356 0.406379 0.887812 1.646034 0.465078 -0.107303 0.368949 0.412566 0.010132 
3.437782 0.587193 0.685939 0.236714 1.136172 1.152188 1.127141 1.188719 0.328092 0.209559 0.331977 0.041152 
3.502431 0.666767 0.941104 0.298294 0.674079 0.660513 0.728195 1.015594 0.300726 0.146266 0.059623 0.011206 
3.142314 0.357513 1.553396 -0.528035 1.979768 1.380813 1.093462 0.702212 0.568483 0.418981 0.316345 0.028856 
3.411484 0.485458 1.100695 -0.301092 1.099093 0.469619 1.027937 1.009617 0.080953 -0.174864 0.305106 0.062321 
3.234781 0.324126 0.760515 -0.508770 0.912389 1.156147 0.419539 0.489232 0.162353 0.419839 -0.000756 -0.039390 
3.135608 0.520077 0.927561 -0.565139 1.137646 0.555614 1.025755 1.048969 0.160435 0.111183 0.178539 0.028392 
3.172762 0.708674 0.662373 -0.958461 0.877496 0.696681 0.645230 1.010543 0.125149 -0.017738 -0.060024 -0.024721 
3.028625 0.091154 0.678445 -0.335649 1.004868 1.134800 -0.373233 0.293361 0.486857 0.340878 0.197302 -0.026409 
3.288492 0.468560 0.745155 -0.486483 0.989712 1.257929 1.067047 1.045722 0.401059 0.101241 0.027543 -0.002089 
3.217827 -0.243506 0.847264 -1.310885 0.685553 0.382930 0.867430 1.184952 0.449609 -0.118239 0.073839 0.004855 
3.314317 0.059523 0.805381 -0.999340 0.516819 0.459391 0.493068 0.680259 0.232287 0.185517 0.319451 0.021793 
3.085875 0.302556 1.037238 -0.825961 1.315228 1.324929 0.916303 1.510260 0.193965 0.144612 0.010243 -0.035965 
3.307117 0.334833 0.084609 -1.140776 1.381107 0.924214 0.574430 0.289089 -0.528180 0.445276 -0.142215 -0.051560 
0.633037 -0.470107 -0.134860 -1.698009 -1.276720 0.219133 -1.957286 0.183531 0.962112 0.310939 -0.498507 0.054072 
1.261257 0.070577 2.104368 -0.549570 0.178985 -0.174061 0.212428 -0.213437 0.148611 -0.186044 -0.296355 -0.041324 
2.125539 0.819674 0.976133 -0.013701 -0.533889 -0.402589 -0.045037 0.591835 -0.028694 0.194840 0.313161 0.004995 
1.262932 1.320566 0.819269 -0.592272 -0.042059 0.593968 -0.101328 0.678795 0.447087 0.335764 0.489382 0.047369 
1.493403 0.611641 0.794660 0.519979 -0.076088 0.214341 0.990933 1.629465 1.264201 0.642398 0.024990 -0.024269 
1.059033 1.323095 1.703087 -0.680481 1.460394 1.142900 1.376780 0.868621 0.819072 0.138104 -0.210490 -0.028087 
1.052658 1.617424 1.078729 0.420843 0.219747 1.557685 1.001147 0.678550 0.829689 0.622814 -0.059467 -0.068234 
0.928324 1.131092 0.955805 1.013813 0.889296 0.823765 1.334618 1.344072 0.960463 0.463379 -0.142729 -0.153736 
0.902519 1.131749 1.439926 1.005406 0.946716 0.758097 1.163737 1.325399 0.890276 0.271415 -0.137843 -0.083041 
0.877023 1.241159 1.043443 1.601183 2.205535 0.974701 0.854294 0.863363 0.668195 0.253508 -0.043255 -0.044883 
0.859991 1.182636 0.669433 0.793193 1.423423 1.884666 1.057137 1.565479 0.846483 0.052638 -0.042245 -0.076321 
0.468687 1.004958 1.188435 2.124710 1.327510 1.603882 1.916078 0.629925 0.119234 0.142234 0.099832 -0.022652 
0.949248 0.771367 1.393580 1.533602 1.413345 1.553542 1.191554 0.302778 0.676237 0.624245 0.137664 -0.134937 
1.040587 0.887760 0.826089 1.477997 1.844179 1.650914 1.223130 0.453315 0.558360 0.292004 0.061051 -0.092229 
1.490399 0.357853 0.516134 1.635883 2.138508 1.923723 0.773087 1.452085 0.490527 -0.136957 0.162095 -0.058016 
1.822967 0.035789 1.330740 2.558966 2.355447 0.574641 0.850401 0.823502 0.382875 0.100686 0.095909 0.000815 
3.009584 0.494610 1.042404 0.963610 1.517682 1.170920 0.363731 0.658990 1.126577 -0.030521 0.216767 -0.007474 
3.179554 1.126218 0.824192 0.792745 1.233913 1.208264 0.372129 -0.015835 -0.249539 0.495884 0.095551 0.010481 
3.224284 2.082911 2.034530 0.948376 -0.740072 0.433798 0.822303 0.391303 0.278425 0.185911 -0.006923 -0.022555 
7.003185 4.495137 2.370017 0.313709 -0.242332 0.287157 0.640077 0.705726 0.538769 0.068195 -0.005277 -0.010212 
3.832006 3.403047 2.874629 2.134760 1.317906 0.702379 0.396228 0.321288 0.336021 0.410952 0.333699 0.088984 
3.241463 2.776798 2.500935 2.167717 1.775685 1.340778 0.914690 0.549594 0.297375 0.188207 0.140916 0.032073 
2.862849 2.511263 2.334657 2.195532 1.858963 1.471766 1.164073 0.711204 0.403246 0.238268 0.117005 0.037918 
2.735915 2.236372 2.064290 1.843499 1.555427 1.262750 0.978069 0.784175 0.409494 0.254081 0.139060 0.043973 
3.795218 1.962860 2.162309 2.189404 1.992518 1.463025 1.508963 1.950853 0.882514 0.054628 0.306388 0.116992 
4.284434 2.918689 3.136650 2.413901 3.227412 2.858870 1.745078 1.401750 1.223049 0.586936 0.139334 0.075858 
4.280982 2.028511 2.967284 2.856162 2.924788 1.178749 0.710333 1.432527 0.291820 0.231872 0.240255 0.067110 
3.632570 0.286493 1.179274 -0.653029 0.570367 1.603955 1.086827 1.472603 0.626439 0.187088 0.200343 0.001175 
3.281507 0.671436 0.667492 -0.328533 1.828503 1.342840 0.665786 1.103121 0.204439 0.438194 0.272580 0.011097 
-1.#IND00 -1.#IND00 -1.#IND00 -1.#IND00 -1.#IND00 -1.#IND00 -1.#IND00 -1.#IND00 -1.#IND00 -1.#IND00 -1.#IND00 -1.#IND00 
-1.#IND00 -1.#IND00 -1.#IND00 -1.#IND00 -1.#IND00 -1.#IND00 -1.#IND00 -1.#IND00 -1.#IND00 -1.#IND00 -1.#IND00 -1.#IND00 
