3.160124 0.575597 0.546979 -0.893164 1.424281 1.092715 0.452271 0.971720 0.030014 -0.160905 0.184921 0.000947 
3.518865 0.362589 0.062729 -1.412266 1.173002 0.659156 0.956852 0.784632 -0.419477 0.345849 -0.031742 -0.041702 
3.068100 0.123503 1.022260 -0.755121 1.081084 1.188402 1.172362 0.650865 0.144126 0.416143 0.080975 -0.035356 
3.266914 0.061204 0.572346 -1.378850 0.792470 0.914206 0.625720 0.142944 -0.034905 0.416584 -0.120494 -0.005712 
3.096521 -0.252595 -0.089633 -0.873251 0.265291 0.434076 0.637202 0.884700 0.343534 0.060542 -0.021070 0.018571 
2.962018 -0.087114 0.808130 -0.341013 1.139473 0.642419 0.852058 0.755848 0.868161 0.211661 0.130039 0.006368 
3.429777 0.304645 0.559679 -0.706800 1.364668 0.767650 1.260229 0.764295 0.057876 0.396570 0.075614 0.007137 
3.285135 0.434200 0.361977 -0.239347 1.303311 0.686059 1.132946 1.585249 0.106572 0.129055 0.166710 0.016308 
3.528393 0.315854 0.446168 -0.767763 2.049304 1.124517 0.543144 0.611273 0.315039 0.182124 0.195069 0.011994 
3.245572 0.248448 1.347381 -0.716299 0.749269 0.248890 0.176050 0.553330 0.525543 0.363589 0.076278 0.024287 
3.463186 0.375403 1.025978 -0.388393 1.260866 0.524617 0.354489 0.856233 0.734282 0.127413 0.220433 0.034955 
3.506933 0.260458 1.084910 -0.574439 1.255906 0.056633 0.446236 0.813845 0.056561 0.226354 0.120034 0.032716 
3.214775 0.234280 0.177249 -1.166955 0.564436 0.911234 0.087133 0.525044 0.409092 0.072817 -0.106167 -0.034218 
3.290257 0.613456 0.892933 -0.781005 1.324934 1.369692 0.365486 0.574652 0.335500 0.265812 0.355123 0.035808 
3.352876 0.178988 0.754297 -0.813184 1.031933 0.719788 1.057635 1.125764 0.282928 0.479525 0.093814 -0.055433 
3.316661 -0.014056 0.154654 -1.341752 0.931106 0.310815 0.485830 0.734139 0.384067 0.212349 -0.080603 -0.024698 
3.338171 0.322996 0.327921 -0.888228 0.842828 0.669866 0.863973 0.257632 -0.192474 0.443308 -0.233985 -0.008202 
1.226530 0.505378 1.066717 -0.596006 -1.163105 -0.323998 -0.653649 0.322948 0.339653 -0.178828 -0.128488 -0.109341 
1.379642 0.748098 1.039674 -0.400572 -0.134308 -0.492102 -0.287601 0.597392 0.278904 0.498390 0.082108 0.026312 
1.874498 -0.499198 0.616172 0.697809 -1.033018 -1.486319 0.028955 -0.384113 -0.209384 0.319977 0.541066 -0.023440 
1.325872 0.148602 0.184945 -0.572894 -0.341201 0.306380 0.747694 1.785374 0.723145 0.146924 -0.229625 0.016647 
1.447735 1.179504 -0.486335 -1.096821 -0.183763 0.747791 0.399673 1.678349 0.169441 -0.192119 -0.063072 -0.080383 
1.125655 1.194763 1.118130 0.013046 0.752218 1.105221 1.379962 1.314776 0.996033 0.217001 -0.279888 -0.075030 
0.683636 1.635939 1.347735 0.566803 1.305808 0.849795 0.911512 0.537785 1.313940 0.349788 -0.024602 -0.085959 
0.888243 0.706098 0.820128 1.510319 0.988003 1.648877 1.365883 1.792064 0.423393 -0.024466 0.247925 -0.157492 
0.534085 0.722873 1.006445 1.673634 1.591705 1.876912 1.006394 1.469463 0.187016 0.203207 -0.042618 -0.055621 
0.768167 0.802903 1.543482 1.321168 1.326560 1.686103 1.025572 1.404074 0.636822 0.375650 0.048299 -0.094946 
0.518573 0.674111 1.170283 1.962623 1.328776 1.603994 1.804392 0.524113 0.598294 0.085744 -0.013947 -0.047014 
0.720093 1.182949 1.223606 1.311813 1.136886 1.970556 1.004028 0.486847 0.937628 0.273501 -0.011510 -0.093453 
0.758232 1.164987 1.216193 1.506820 2.037934 0.555042 2.033777 0.746510 0.076604 -0.062271 0.026742 0.002594 
0.599848 1.190457 1.496376 1.735025 1.163044 1.155308 1.253434 0.691789 0.475874 0.353464 0.145902 -0.100494 
0.645418 1.540536 1.494784 0.978850 2.180537 1.040841 0.382855 0.929945 0.795780 0.583683 -0.038809 -0.077074 
1.180151 0.520234 1.425031 2.375058 1.391891 1.555582 0.673656 1.010568 0.736022 -0.125766 -0.009002 0.021091 
4.222380 0.212514 0.946009 0.924676 1.770132 1.227933 1.161784 0.973489 -0.337661 0.576077 0.040152 -0.088958 
6.268027 -0.043908 -0.501749 1.839242 0.722498 0.434039 1.173768 0.572506 0.489661 -0.047210 0.068960 0.080639 
5.274841 1.603131 0.361441 1.084003 0.565952 0.494440 0.951668 0.707970 0.214214 -0.205713 0.065742 0.070088 
3.725849 3.224908 2.493942 1.601557 0.965339 0.710935 0.663588 0.617848 0.456363 0.249912 0.122560 0.034953 
3.673292 3.144804 2.357629 1.492873 0.785294 0.463005 0.498093 0.680527 0.579439 0.245924 0.124652 0.034257 
5.486839 3.659648 3.897411 2.745380 3.193923 1.741855 0.501696 1.760393 0.722743 -0.398415 0.132287 0.045936 
4.659560 2.290906 2.439413 1.282039 3.798277 3.073432 2.130065 2.216918 0.464551 0.018216 0.144586 0.081540 
3.980448 2.114214 2.961708 1.954117 2.570354 0.846023 1.250694 2.132498 0.480187 0.913911 0.245740 0.057243 
3.411114 1.329531 1.082359 1.058552 2.598154 1.645092 0.871964 2.004205 1.450896 0.796230 -0.107904 -0.034672 
4.145108 1.181647 1.891855 1.326764 3.135536 1.645604 1.884284 1.522093 -0.135901 0.755245 0.438813 0.090266 
3.350743 0.722817 0.871119 -0.443219 2.024882 0.973655 1.397789 2.067562 0.367876 0.451244 0.396461 -0.012287 
3.578296 0.714054 1.205060 -0.237909 1.286632 1.291409 1.032699 1.428815 0.268153 0.382606 0.204211 -0.012738 
3.188247 0.502354 0.006355 -0.902015 1.847170 0.554584 0.773308 1.035494 0.247641 0.431105 0.053969 0.012564 
3.307583 0.184013 0.846349 -1.042204 1.125903 0.822341 0.923105 0.949386 0.446673 0.181777 0.276014 0.052427 
3.381571 0.502261 0.930299 -0.951065 1.299776 1.161343 0.675809 0.884931 0.756414 0.541888 0.202451 0.008061 
-1.#IND00 -1.#IND00 -1.#IND00 -1.#IND00 -1.#IND00 -1.#IND00 -1.#IND00 -1.#IND00 -1.#IND00 -1.#IND00 -1.#IND00 -1.#IND00 
-1.#IND00 -1.#IND00 -1.#IND00 -1.#IND00 -1.#IND00 -1.#IND00 -1.#IND00 -1.#IND00 -1.#IND00 -1.#IND00 -1.#IND00 -1.#IND00 
