3.841196 0.730948 0.775651 -0.203735 1.198068 1.083560 1.521780 1.188845 0.102245 0.027569 -0.045234 0.002935 
3.198579 0.351119 0.947094 -0.347374 1.176691 0.762692 0.861557 0.947181 0.042343 0.058473 0.273624 0.030380 
3.674925 1.054358 0.569440 -0.087584 1.756015 1.454974 1.869960 1.265699 0.448551 -0.040015 0.275053 0.052947 
3.593319 1.072326 1.317796 -0.354232 1.562259 2.037544 1.320620 0.754112 0.726810 0.311635 0.184813 0.021403 
3.291993 0.432135 0.851669 -0.755502 1.993580 0.690665 0.919700 0.972272 0.461180 0.013919 0.335381 0.070972 
3.386035 0.254378 0.735053 -1.034465 1.121071 0.995668 1.024026 0.953449 0.316916 0.244883 0.189935 -0.025279 
3.019376 0.262430 0.687938 -0.797316 0.735256 1.142792 0.500219 1.283082 0.351987 0.310383 0.129043 -0.059770 
3.429831 0.666695 1.260446 -0.217480 1.166913 0.515825 0.535726 0.693981 0.057336 0.286794 0.320441 0.057172 
3.263390 0.361162 0.883097 -0.730649 0.817799 0.411351 1.310965 0.868345 0.000624 0.169484 0.270846 0.047291 
3.060986 0.437695 0.848996 -0.216761 0.778568 1.425523 1.257494 1.744313 0.402547 0.561575 0.317898 -0.057411 
3.295909 0.651461 0.583508 -0.610359 1.706646 1.552352 0.953817 0.726538 0.338305 0.299669 0.184952 -0.023927 
3.203255 0.393094 0.515345 -0.428678 0.852617 0.692537 -0.055593 0.473946 0.192332 0.361114 0.167217 0.041610 
3.211113 0.651037 0.981597 -0.860958 1.406618 0.817940 0.344088 1.343506 0.386678 0.215299 -0.019091 -0.042300 
3.079319 0.690927 0.613881 -0.330107 1.181630 0.849656 0.437071 0.581710 0.467695 0.179274 0.196842 0.046806 
3.050909 0.713594 -0.039009 -1.322458 1.039684 0.492174 -0.313795 0.737190 0.482655 0.015243 0.015719 0.010173 
3.167293 0.203051 0.477482 -0.917219 0.778705 1.381959 0.399884 1.055425 0.137279 0.074517 0.096649 -0.015313 
3.473049 0.221471 0.907554 -1.043039 0.777557 1.181974 0.680666 0.369741 0.180188 0.322438 0.027842 0.016132 
1.273937 0.708827 -0.076924 -0.410809 1.114460 0.947306 0.811509 -0.439632 0.307503 0.206154 -0.045962 -0.100517 
1.268035 0.168227 0.314003 -0.046377 -0.678626 -1.330492 0.299570 0.428979 -0.095953 0.572611 0.041087 0.004125 
1.491937 0.549111 -0.490094 -1.359502 -1.025439 -0.316860 0.255294 0.605498 0.387503 0.142774 -0.064219 0.138910 
1.549549 0.458468 -0.185577 -0.851705 -0.909504 -0.008411 0.755589 1.679599 0.974367 0.183180 -0.202987 0.046657 
1.140715 0.991861 1.230445 0.789044 1.072983 1.756658 0.759067 0.187205 1.137200 0.408733 -0.130925 -0.057149 
0.507326 1.198037 1.787618 0.596784 2.398897 0.667793 1.161766 0.691820 0.729100 0.488438 -0.019757 -0.085560 
0.793815 0.457055 1.673964 1.447169 1.666965 1.815392 1.269649 0.427180 0.736018 0.101311 0.119177 -0.082952 
0.640010 0.539845 1.932214 1.860239 1.868978 1.015791 0.815816 1.226282 0.474278 0.185360 -0.056617 -0.027598 
0.602160 0.734522 1.187496 1.881361 2.235694 1.182896 1.478458 0.773210 0.439063 0.136691 0.109023 -0.048710 
0.637829 1.414077 1.099468 1.276749 1.759047 1.197107 1.075148 0.905339 0.723667 0.239925 0.083075 -0.068166 
0.563873 1.357143 1.870764 1.862514 0.792133 1.985978 0.842177 0.650077 0.109348 0.366978 0.153425 -0.040746 
0.724041 1.057299 1.212793 1.957307 1.392826 1.412098 2.022297 0.449533 0.363639 0.250816 -0.013776 -0.044003 
0.959493 1.493090 0.928625 1.236165 1.326110 1.580112 0.818858 1.221313 0.752577 0.070255 0.158666 -0.103082 
0.691250 1.085458 1.211035 1.512304 1.623031 1.036851 1.275858 1.144269 0.620316 0.127739 -0.109661 -0.028111 
1.044237 0.862570 1.428966 0.939013 1.515565 1.303360 1.665816 0.601986 0.656091 0.401149 0.106841 -0.077041 
2.490528 0.618096 0.946900 1.353492 1.098867 1.291125 0.935150 0.941705 -0.124742 0.404377 0.499398 -0.035917 
2.709315 0.545566 0.455249 1.277167 1.188466 0.991945 0.538556 1.014296 0.813742 0.441102 0.226221 -0.074515 
3.497814 1.745055 1.394756 1.555466 1.120029 -0.595008 0.357071 0.826198 0.211779 0.713297 0.089358 0.017825 
7.718546 4.370083 1.712828 -0.687186 -0.592400 0.468761 1.165933 0.917028 0.485011 0.102436 -0.010333 0.010969 
3.061104 2.501157 2.373331 2.185837 1.513949 0.930150 0.743002 0.619207 0.328964 0.146927 0.168405 0.026944 
3.108610 2.559668 2.026730 1.559642 1.080978 0.673268 0.581838 0.442512 0.331029 0.244569 0.147688 0.041304 
3.181329 2.154223 2.132660 1.454477 1.971925 1.859780 1.361270 0.945794 0.443231 0.535606 0.170574 0.046707 
4.036685 2.714193 2.751644 1.886849 2.621741 2.540039 2.416017 1.182128 0.724663 0.313518 0.029144 0.055645 
3.616179 1.938903 1.994923 1.160430 2.681082 2.201341 1.598901 1.573897 0.616338 0.223134 0.150192 0.058475 
4.031855 2.164613 2.424562 1.352259 2.396328 1.795956 0.923098 1.760901 0.620627 0.138087 0.285238 0.065464 
3.392650 0.863653 1.544883 0.430443 1.321911 1.507235 0.434924 0.828118 0.009440 0.527523 0.646981 0.058777 
3.462986 0.587412 1.658237 -0.491180 1.203962 2.129936 0.573399 1.542356 0.762035 -0.063882 0.193530 0.022338 
3.383066 1.027009 1.185938 0.384363 1.274608 0.444995 0.066445 0.524963 0.481277 0.538434 0.372829 0.031421 
3.561277 0.957039 1.111839 -0.545700 1.635424 1.083520 0.717631 1.209098 0.079536 0.335984 0.210649 0.004346 
3.384952 0.983643 1.906844 -0.369784 1.047154 0.626647 0.951567 1.348125 0.282485 -0.089107 0.003440 -0.006127 
3.582262 0.679426 1.160160 0.041590 0.771390 0.632666 1.165210 1.024074 0.468461 0.271922 0.187677 0.015585 
-1.#IND00 -1.#IND00 -1.#IND00 -1.#IND00 -1.#IND00 -1.#IND00 -1.#IND00 -1.#IND00 -1.#IND00 -1.#IND00 -1.#IND00 -1.#IND00 
-1.#IND00 -1.#IND00 -1.#IND00 -1.#IND00 -1.#IND00 -1.#IND00 -1.#IND00 -1.#IND00 -1.#IND00 -1.#IND00 -1.#IND00 -1.#IND00 
