3.543775 0.792605 1.088749 -0.074638 1.289215 0.901245 0.681805 1.445293 0.137781 -0.016937 0.356782 0.028921 
3.142481 0.440858 0.685470 -0.728401 1.713282 1.155810 0.952235 0.680649 0.083233 0.140851 -0.024061 -0.020810 
3.143726 0.643623 0.750148 -0.268330 1.497678 1.527048 1.255644 1.330532 0.506624 -0.070636 0.073968 -0.009607 
3.466824 0.629503 1.215339 -0.646393 1.417557 0.604417 0.690054 0.473867 0.366131 0.344850 0.319513 0.055191 
3.185424 0.913664 0.682027 -0.706958 1.650834 0.440294 0.533795 0.573081 0.439405 0.078699 0.157213 0.030995 
2.999717 0.511884 0.646352 -0.545731 1.313677 1.118659 0.699058 0.937075 0.656007 -0.070702 0.096983 -0.018221 
2.822957 0.520612 0.387514 -0.194487 0.379849 1.357204 0.667780 0.664783 0.088356 0.016639 0.095265 0.020754 
2.973607 0.449570 0.328787 -0.337153 0.919826 1.278762 0.882092 0.667164 0.523560 0.217481 -0.012161 -0.030927 
3.375380 0.375037 0.926688 -0.920240 1.139081 1.066154 1.124535 0.331451 0.602500 0.427793 0.199254 0.045711 
3.053901 -0.013970 0.857831 -0.812496 1.141133 1.368995 0.729210 0.807388 0.664318 0.052716 -0.005788 -0.006169 
3.144167 0.425554 1.076361 -0.240534 1.070062 1.212395 0.969585 0.382505 0.037131 -0.041932 0.237410 0.033297 
3.050511 0.556402 0.898513 -0.642995 0.553586 1.153173 0.922556 0.894349 0.092995 0.112357 0.132753 -0.027616 
3.227119 0.155724 1.262571 -0.505048 1.528920 0.654512 0.738656 0.269168 -0.136744 0.381653 0.078781 0.015505 
3.613067 1.148408 1.452379 -0.485478 0.709578 1.622825 0.715847 1.044380 0.408660 0.255701 0.179738 0.014315 
3.118091 0.409090 0.579739 -0.959691 1.079032 1.332178 0.612706 0.521138 0.406766 -0.016740 0.067464 0.033210 
3.403654 0.288853 0.785638 -0.377788 0.825198 0.666178 -0.118559 1.385274 -0.322717 0.153222 0.372009 0.020695 
3.131160 0.553449 1.403538 -0.794944 1.004662 0.089999 0.539976 0.510738 0.255452 -0.166323 0.248844 0.081971 
0.841362 -0.906369 0.892223 -1.154149 -0.074972 -0.830238 -0.124520 -0.061560 -0.343710 0.087118 -0.225840 -0.085551 
1.021466 -0.216479 1.123509 -0.637485 -0.110027 -1.471924 -0.347041 0.533687 0.910862 0.173353 0.062674 0.018353 
1.191252 0.050485 -0.464662 -1.473388 -0.132707 -0.048572 0.441476 0.579961 0.255824 -0.144332 -0.333949 -0.105150 
1.094641 0.113448 -0.323605 -1.335356 -0.293783 0.708981 1.230115 1.036064 0.739219 0.085321 -0.182461 0.043897 
0.749535 -0.058121 -0.963470 -2.176074 -0.673117 0.380501 1.470179 1.363392 0.780970 -0.071806 -0.204005 0.082457 
1.106920 1.491576 0.657914 1.563551 -0.003301 1.446282 1.685472 1.017418 0.086223 0.111203 -0.014890 -0.085802 
0.724471 1.078742 1.896859 1.118369 1.237350 1.191334 1.056132 1.347764 0.195910 0.120563 0.090128 -0.088323 
1.033891 0.970779 1.595285 1.354271 0.932541 0.969497 1.449822 1.236158 0.320798 0.012349 0.027606 -0.039566 
0.231842 1.459136 1.898659 1.518706 1.017240 1.616031 1.851700 1.029753 0.757773 -0.148872 -0.046768 0.004636 
0.785543 1.621067 0.871276 1.782353 0.642569 1.486565 1.707784 0.816467 0.210492 0.586355 -0.105699 -0.021603 
0.473754 1.370125 0.942142 1.228374 1.738722 2.182244 0.918410 0.846204 0.863390 0.454635 -0.179690 -0.031446 
0.372739 1.039644 1.670350 1.643504 1.254970 1.241802 1.644955 1.219431 0.245183 0.520297 -0.147504 -0.079565 
0.647872 0.939159 1.229427 1.922061 1.957236 1.394760 0.754676 0.679628 0.413664 0.551169 0.143598 -0.150381 
1.097111 0.674196 1.516519 0.665733 2.254445 1.673759 1.196276 0.699427 0.700122 0.061176 0.055977 -0.054560 
1.148757 0.671480 1.368443 1.891953 0.797822 1.690762 1.128366 0.531543 0.446484 0.164744 0.032848 -0.044852 
1.409753 0.609235 1.432329 0.825344 2.096024 1.483565 1.037830 0.942748 0.531467 0.435058 -0.072049 -0.031196 
4.620637 -1.122380 1.325759 1.393880 0.768082 1.697854 0.424655 0.438376 0.703578 0.111627 0.008186 0.027911 
4.018648 -1.540832 2.193100 0.017560 2.276562 0.856751 1.339279 1.679661 -0.043597 0.026150 0.276419 0.017950 
4.743854 3.158970 1.131056 0.260839 0.500439 0.815956 0.481521 0.177785 0.244394 0.303538 0.160846 0.045421 
5.906995 3.116037 0.210910 0.110984 0.812598 0.570762 0.131162 0.236168 0.462578 0.201591 0.270962 0.086143 
4.996703 4.135001 2.481282 1.349458 0.487427 -0.054026 0.133755 0.309674 0.376563 0.340625 0.328859 0.109469 
3.120489 2.584202 2.227061 1.992840 1.562441 1.151562 0.976765 0.734133 0.394021 0.119409 -0.001326 0.023699 
4.112362 3.274603 2.133317 1.092706 -0.043702 -0.084957 0.236994 0.370200 0.480846 0.645207 0.484742 0.132446 
2.639363 2.130781 1.941007 1.598255 1.278592 1.061019 0.860109 0.538859 0.376418 0.212389 0.068783 0.018908 
2.848105 2.260055 1.966382 1.736275 1.189990 0.963255 0.864801 0.764296 0.360504 0.197816 0.123989 0.036524 
3.898663 1.489933 1.406601 0.792988 2.174791 1.534850 0.706060 0.700927 0.610477 0.556788 0.186083 0.016697 
3.874043 1.391799 1.627445 0.184791 1.240764 1.539428 0.634179 0.758182 0.520672 0.232582 0.085602 0.008836 
3.545131 1.073971 0.780858 -1.014101 0.978173 1.215788 0.362412 0.891896 0.206526 0.185389 0.121363 0.011546 
3.591845 1.020685 0.990529 -0.314003 1.113238 1.240409 1.121474 0.522343 0.207212 0.399769 0.210539 0.016572 
3.352146 0.463315 0.927262 -0.288115 0.913177 1.061676 1.019315 0.291470 0.187936 0.654432 0.140773 -0.000895 
3.409674 0.543424 1.327850 0.065383 0.958521 1.303057 0.193991 1.356658 0.765828 0.047636 0.006625 -0.005284 
-1.#IND00 -1.#IND00 -1.#IND00 -1.#IND00 -1.#IND00 -1.#IND00 -1.#IND00 -1.#IND00 -1.#IND00 -1.#IND00 -1.#IND00 -1.#IND00 
-1.#IND00 -1.#IND00 -1.#IND00 -1.#IND00 -1.#IND00 -1.#IND00 -1.#IND00 -1.#IND00 -1.#IND00 -1.#IND00 -1.#IND00 -1.#IND00 
