3.404669 0.384912 1.363711 -0.122493 0.974839 0.339743 0.568146 0.161349 -0.207290 -0.172614 -0.182954 -0.046517 
3.414590 0.267028 0.496112 -0.857120 -0.057464 -0.535531 0.724243 0.459924 -0.063887 -0.026564 0.033196 0.002850 
3.259926 0.101731 1.343226 -0.076888 0.714621 0.986192 0.500287 0.182158 0.069115 0.598621 0.305171 0.019950 
3.394722 0.521211 1.248180 -1.050337 0.767582 0.440797 0.410719 0.731561 0.043314 0.428687 0.360060 0.054996 
3.323690 0.091834 0.807115 -1.012654 0.947290 0.535917 0.312282 0.964560 -0.119176 -0.044139 0.372686 0.024814 
3.519382 0.139187 0.651976 -0.710745 0.102901 0.068837 0.920542 0.448348 -0.018493 0.079235 0.158986 0.076201 
3.075833 0.184579 0.804905 -0.533714 0.232866 0.673757 0.479130 0.565935 -0.274193 -0.092674 -0.038403 -0.022228 
3.148961 0.311166 0.389102 -0.482661 0.792762 -0.206868 0.714252 1.032375 -0.196794 0.092368 0.140004 0.025715 
3.197779 0.633901 0.611482 -0.504729 1.031021 1.273781 0.762516 0.854798 0.113372 0.043960 0.145512 0.013030 
3.050655 0.780866 1.017118 0.012451 1.418236 0.449311 1.074453 1.154612 0.299905 0.116331 -0.045799 -0.007122 
3.231257 0.454626 1.373079 -1.135498 0.990313 0.742284 0.644869 1.476278 0.071906 0.204330 0.029500 -0.066680 
3.677179 0.611300 1.278176 -0.367660 0.674935 1.451298 0.396579 1.236487 0.303246 -0.155434 0.330279 0.061734 
3.110718 0.393913 0.894841 -0.667223 0.979065 0.936523 0.470388 0.320272 0.556344 0.465836 -0.020785 0.005357 
3.367226 0.584814 0.916653 -0.275115 1.320550 1.173093 1.572584 0.858156 0.611388 -0.112346 0.265458 0.066084 
1.269567 -0.185836 0.985028 0.983915 -0.937256 -0.113524 -0.399601 -0.135975 -0.568183 -0.088540 0.378588 -0.009540 
0.947013 -0.137228 1.090968 -0.404376 -0.038970 0.152022 0.248547 0.044665 0.319069 -0.346748 -0.143911 -0.082051 
1.442492 -0.385726 -1.124369 -1.546973 -0.435222 0.139251 0.658962 0.250344 -0.100619 0.620013 -0.392772 -0.036759 
1.333216 -0.447636 -0.763794 -2.196112 -1.099238 0.235215 0.558601 0.938591 0.066286 0.052886 -0.057089 -0.122124 
1.195215 -0.319694 -1.525733 -1.885561 -0.427649 -0.237993 0.920079 0.416895 -0.311395 -0.560670 -0.211222 -0.028307 
0.870514 1.731220 0.919570 0.402035 1.942326 0.651831 0.453122 1.228297 0.374064 -0.016822 -0.097111 -0.078735 
1.041333 1.068124 1.038090 0.484457 2.286329 1.472479 1.569917 0.674918 0.037205 0.392331 -0.126706 -0.029714 
0.913607 0.964757 1.542323 0.859173 1.519477 2.042998 0.706081 0.774027 0.570770 0.139712 -0.140847 -0.036139 
0.906991 0.687754 1.577445 1.800438 1.424268 1.042102 0.884175 1.061997 0.415621 0.429926 -0.018383 -0.069032 
0.668364 0.754822 1.816061 1.901450 1.981429 0.635686 1.996909 0.474306 0.558288 0.128060 0.036242 -0.013175 
0.520687 0.978645 1.447584 1.901156 0.859435 2.407202 0.376057 0.952394 0.731667 0.508798 -0.057775 -0.058977 
0.909814 0.990773 1.524488 1.508401 1.303955 1.059099 0.903970 0.753091 0.731728 0.177269 0.001041 -0.032990 
0.846694 1.414807 0.899399 0.885936 1.921113 1.650558 0.565666 0.840159 0.484973 0.348790 0.066404 -0.089849 
0.482876 1.099084 1.201753 0.820310 1.634293 1.730911 1.663306 0.860062 0.695858 -0.096033 -0.047670 -0.075120 
0.567105 0.706045 1.023735 1.858515 1.736283 1.599602 1.368274 1.086245 0.510288 0.340821 -0.039647 -0.081383 
2.363062 0.473237 0.965160 0.832934 0.936730 0.436368 1.688695 0.398319 1.044854 -0.145553 0.293683 0.000441 
1.919202 0.276263 1.714855 1.058539 0.861716 0.816583 0.874525 1.434374 0.792570 0.188436 -0.161963 -0.030093 
4.403521 0.455996 0.818383 0.669928 1.542347 0.600133 0.256807 0.371239 0.215037 0.091281 0.493282 0.128752 
4.001847 2.410532 0.822338 0.447849 0.946642 0.999808 0.455088 0.086264 0.128137 0.350222 0.563691 0.113836 
3.991509 3.480610 2.480926 1.118751 0.305704 0.223446 0.381529 0.406303 0.257255 0.127245 0.080298 0.006121 
3.607268 3.319641 2.775975 2.041919 1.416526 0.751296 0.577768 0.429826 0.289032 0.257486 0.214838 0.049293 
3.324084 2.966813 2.735592 2.367605 1.767839 1.175893 0.672343 0.439958 0.252917 0.136931 0.141986 0.018913 
3.210239 2.789711 2.653014 2.196250 2.109278 1.740579 1.163078 0.861872 0.417946 0.187597 0.079843 0.032066 
3.763384 2.710513 2.390901 2.212458 2.037095 1.089908 1.446517 1.026685 0.498511 0.297177 -0.034435 0.015936 
3.626408 2.534951 2.287059 1.829791 2.210180 1.648907 1.226992 0.917892 0.556342 0.223718 0.085359 0.040406 
4.172404 1.955906 2.481221 1.311322 2.032799 1.663692 1.193879 0.771995 0.741227 0.181943 0.216256 0.077826 
4.741252 1.929449 3.168267 1.470819 3.388270 1.677755 1.051034 0.554121 -0.210798 -0.011104 0.008796 0.001760 
3.732540 1.353506 1.316276 -0.390201 1.657333 0.184145 0.788798 0.740460 0.109705 0.223871 0.080084 0.011839 
3.331927 0.766331 0.927655 0.123602 1.376631 0.431832 -0.005249 0.349072 0.352933 -0.146549 0.159767 0.055065 
3.577490 0.937793 1.531885 -0.121251 1.403714 1.255379 0.196926 0.514674 0.120346 0.365565 -0.009931 -0.067619 
3.642005 1.355411 1.427417 -0.492222 -0.058349 0.394177 0.356799 -0.174400 0.147487 0.092750 -0.130693 -0.029209 
3.647270 0.783122 1.540472 -0.239185 0.864588 1.149303 0.959403 0.776957 0.354411 -0.061305 -0.004235 -0.013041 
3.651085 1.221231 1.452731 -0.688923 0.761219 0.432956 0.479964 0.568986 0.305382 0.109695 0.104783 0.029680 
3.971835 0.801845 1.159678 -0.121336 0.579830 0.768285 0.043329 0.440536 0.327725 0.158248 0.122644 -0.004046 
-1.#IND00 -1.#IND00 -1.#IND00 -1.#IND00 -1.#IND00 -1.#IND00 -1.#IND00 -1.#IND00 -1.#IND00 -1.#IND00 -1.#IND00 -1.#IND00 
-1.#IND00 -1.#IND00 -1.#IND00 -1.#IND00 -1.#IND00 -1.#IND00 -1.#IND00 -1.#IND00 -1.#IND00 -1.#IND00 -1.#IND00 -1.#IND00 
