0.011334 0.261009 0.090385 0.579950 0.169228 -0.486404 -0.262736 -0.330929 -0.050546 0.238223 -0.128307 -0.086428 
-0.026111 -0.169509 0.480464 0.261742 -0.751742 -0.142587 0.616441 0.294498 -0.287496 -0.015470 -0.015579 -0.047264 
0.078074 0.109684 0.039942 -0.427735 -0.503150 0.055320 -0.099563 -0.254436 -0.260747 0.062113 -0.018088 -0.099604 
0.065497 0.097317 -0.190467 -0.316055 0.253341 0.195143 -0.765156 0.178499 -0.177981 0.252509 -0.048288 0.055085 
0.045822 0.143425 -0.519772 -0.058116 -0.120632 -0.227726 0.045210 0.144358 -0.254822 0.143588 -0.022107 0.031700 
-0.055554 0.442867 0.070018 0.109900 -0.266325 0.768985 -0.181980 0.052396 0.275190 0.138816 0.065496 0.013497 
-0.081415 0.302600 0.061820 0.231679 -0.657202 -0.352085 -0.367662 -0.239926 0.616645 0.208364 0.002440 -0.090019 
0.284484 0.030008 0.215928 0.484689 0.192644 0.047944 0.642855 -0.607103 0.475672 0.393270 0.118233 0.092951 
0.190022 -0.196824 0.241300 -0.380510 0.176418 0.032809 0.200535 -0.371663 0.380477 0.081006 0.258209 0.022849 
-0.184193 0.225549 0.189150 0.061373 0.166648 0.271016 0.203892 0.202655 -0.278413 0.032034 -0.110925 0.099049 
0.020011 0.098654 -0.002904 -0.451538 0.159821 -0.023106 -0.282849 0.058662 -0.037711 0.282512 -0.159993 0.011886 
0.032256 -0.184769 -0.076079 0.243998 0.272731 -0.001459 0.565921 0.010062 0.206869 -0.210164 0.345574 -0.038675 
4.346247 0.886624 1.230034 -0.707340 1.751139 -0.675140 -0.946956 0.467569 0.005047 0.083946 -0.026079 -0.031822 
4.586217 1.566239 1.071739 -0.336732 0.976000 0.321584 -0.106328 -0.822857 -0.287690 -0.119318 -0.072468 -0.016421 
4.757306 1.272650 1.407185 0.542715 1.262367 0.052525 -0.988147 0.680498 0.155201 -0.287993 -0.387331 -0.152474 
3.978995 1.623666 0.604776 -0.300955 0.053164 -0.467583 -0.447517 0.148745 0.187036 -0.753482 -0.163013 -0.056870 
4.108843 1.583329 0.774732 0.348733 0.007884 -0.615489 -0.857159 0.076370 0.530510 0.384004 0.241501 0.035822 
4.285447 1.361096 1.001209 -0.410252 0.187467 -1.001753 -0.392096 0.012548 -0.225000 -0.525373 -0.071738 -0.034954 
3.862030 1.661729 0.548520 0.046783 0.171876 -0.176011 0.354224 0.575430 -0.449124 -0.439015 -0.102131 -0.079191 
0.920777 0.634113 0.612176 -1.592891 -0.475141 -0.026305 -0.280067 0.776898 0.642664 -0.193951 -0.165984 -0.096688 
1.216007 0.500798 0.828746 -0.250986 -0.209742 -1.056754 0.741814 0.603433 0.870999 0.398644 0.102069 -0.033453 
1.456086 0.761094 1.315232 0.628111 0.408495 0.643999 0.522688 0.245688 0.987579 0.630348 0.066691 -0.007120 
1.691299 1.284210 0.439715 -0.235487 0.081987 0.826315 0.629989 0.387720 0.734027 0.535479 0.294229 0.034866 
1.033903 1.356676 0.319559 1.589415 1.308353 0.676091 1.630497 0.785816 0.836519 0.190745 -0.092933 -0.041520 
0.927722 1.579041 0.860924 1.228953 0.726761 1.595598 2.076292 1.080036 0.205489 -0.028007 -0.130206 -0.050141 
1.188760 0.982410 1.132726 0.384090 2.215637 1.431179 1.322407 0.793388 0.908397 0.012965 0.024883 -0.108557 
0.578298 0.833475 1.160579 1.357962 1.904247 0.948198 1.149272 1.371647 0.615995 0.242461 -0.101306 -0.101030 
0.924766 0.760220 1.379303 1.247655 1.559330 0.772610 1.837376 1.135213 0.631006 0.310476 -0.047552 -0.087203 
0.717481 1.497227 0.863860 1.318474 2.211025 1.297950 0.991255 0.502812 0.918154 0.409999 -0.022872 -0.065633 
0.835461 0.566056 1.417906 1.316070 1.704633 1.237960 1.081476 0.953554 1.118340 0.192240 0.045975 -0.089917 
0.980358 0.737015 0.987421 1.788953 1.966156 1.642300 0.598221 0.970642 0.779553 0.410163 -0.063859 -0.047614 
0.888145 1.091754 0.916934 1.175771 1.765980 1.195320 0.878722 1.068407 0.668943 0.176143 0.239363 -0.119363 
1.859407 0.073902 1.322259 1.785934 1.238403 1.388247 0.632976 0.908352 0.833640 0.367856 -0.127313 -0.090370 
2.717995 0.182308 0.569328 1.034385 0.977398 0.631947 1.396195 0.632875 0.842654 -0.348577 0.424674 0.028218 
4.395157 1.006925 1.141044 0.300180 0.767158 1.917332 1.332402 0.973650 -0.058854 0.486793 0.149040 -0.035597 
5.265621 1.111311 0.954133 0.002139 1.022695 1.364638 0.665093 -0.151448 0.833232 0.379872 0.178536 0.056813 
4.727278 3.473193 1.553979 0.384668 0.404054 0.859554 0.930627 0.591347 0.277498 0.099997 0.101525 0.025529 
3.783670 3.045473 1.973046 0.979701 0.520166 0.486443 0.534416 0.596688 0.489902 0.387292 0.302559 0.065699 
7.866663 2.149621 0.916810 0.549441 0.899850 0.558543 0.519281 2.432921 0.853067 0.355088 0.231113 0.012418 
5.703663 0.804627 -0.700453 0.325844 -0.513438 0.695683 1.413411 2.082285 1.105252 -0.032911 0.008044 0.079966 
5.300590 -0.948409 0.031646 -0.064070 -0.436194 -0.625324 1.211005 0.942841 0.038925 -0.077466 0.006472 0.086626 
5.128987 -0.792825 0.150302 0.061834 -0.138652 -0.207120 3.018386 0.834616 0.062584 -0.033791 -0.098142 0.023205 
5.845642 -0.232241 0.556729 0.222251 0.208286 -0.372062 0.431564 0.449885 0.010175 0.120451 -0.058003 -0.058025 
5.431767 -0.899228 -0.093739 0.107825 -0.166570 -0.565055 1.266027 0.881224 0.321798 0.036660 -0.035350 0.017509 
4.294088 -0.968043 1.140769 -1.679946 -0.357561 -0.588417 0.215515 1.095199 0.859368 0.141311 -0.115234 0.023242 
5.553715 -0.450329 -0.846421 0.636941 -0.616625 -0.836444 1.404788 0.909152 -0.357290 -0.099163 0.115751 -0.005392 
5.636043 0.735526 -0.759022 -0.493486 -0.503859 -0.018622 1.089568 1.230588 0.158339 -0.075062 0.066319 0.063234 
5.837633 1.266897 -0.145107 -0.982420 -0.245388 0.382651 0.963769 1.080987 0.181814 0.073403 0.039030 -0.001840 
-1.#IND00 -1.#IND00 -1.#IND00 -1.#IND00 -1.#IND00 -1.#IND00 -1.#IND00 -1.#IND00 -1.#IND00 -1.#IND00 -1.#IND00 -1.#IND00 
-1.#IND00 -1.#IND00 -1.#IND00 -1.#IND00 -1.#IND00 -1.#IND00 -1.#IND00 -1.#IND00 -1.#IND00 -1.#IND00 -1.#IND00 -1.#IND00 
