4.080855 1.535370 1.184645 -0.229748 0.564402 0.268934 0.427915 1.142879 0.184509 -0.047445 -0.037584 -0.041786 
3.765323 1.338262 1.330619 -0.588543 0.700637 -0.032952 -0.205629 0.139932 -0.322667 -0.291326 -0.100466 -0.052322 
3.629738 1.444011 1.016390 0.538583 1.199726 0.814997 -0.004098 0.112707 -1.005714 -0.387456 -0.148810 -0.028866 
3.948036 1.479978 1.267696 -0.647027 1.224262 0.563236 0.518508 0.250642 -0.301121 -0.057901 0.018596 0.001543 
3.625027 1.344730 1.045477 -0.070114 0.533700 0.330729 -0.054254 0.717784 -0.236741 -0.112402 0.109994 -0.002677 
3.962335 1.058593 1.299003 -0.014588 -0.125509 0.518004 0.738392 -0.092940 -0.483591 0.019792 0.039247 0.004383 
3.732762 0.465997 0.992231 -0.507998 0.666793 1.423585 0.884663 0.657384 0.229489 -0.008878 0.333962 0.059784 
3.395280 0.698215 0.888249 -0.676510 1.015594 0.915357 0.795143 0.481691 0.139694 0.221119 0.049870 -0.018214 
3.713154 0.822280 0.889392 -0.682442 0.829305 0.630839 0.189312 0.572050 0.482773 0.439557 0.241390 0.016604 
3.885547 1.185250 1.579729 -0.642840 1.521134 0.597351 0.537430 0.761224 0.376262 0.328506 0.214121 0.007798 
3.603917 0.870817 0.189555 -0.060452 0.766904 -0.058867 0.474366 0.765783 0.474976 0.241182 0.023770 -0.023858 
3.148681 0.841628 0.590195 -0.590042 1.205216 0.352457 0.187282 0.833239 0.019004 0.285747 -0.065977 -0.086308 
3.220888 0.577794 0.721262 -0.129152 0.707947 0.896878 0.086461 0.316278 0.648459 0.381425 0.124596 -0.041592 
3.252166 0.826699 0.555391 -0.107503 1.333911 0.308884 0.797468 0.249007 0.207298 0.249650 -0.246805 -0.046891 
3.552665 0.268301 0.948984 -0.256512 1.219827 0.987665 1.279668 0.849631 0.965753 -0.093508 0.069218 0.042909 
3.542342 0.477785 1.166654 0.052492 1.382242 1.546867 1.485538 0.959928 0.466180 0.546063 0.168492 -0.015444 
3.593960 0.140762 1.331317 0.522404 1.103160 0.745012 -0.278421 0.943593 0.383303 0.111638 0.215764 0.021767 
0.957416 -0.780334 0.371593 -0.142131 -0.227294 -0.441091 -0.227761 0.436069 0.637577 0.150610 -0.084931 -0.100860 
1.364621 -0.396312 0.601489 -0.357844 -0.532495 -0.712024 0.388751 0.300164 -0.243092 0.790468 0.189789 -0.083447 
1.343216 1.012221 0.794228 0.773656 0.502964 0.382853 1.403056 1.211561 0.489905 0.418340 -0.144748 -0.039598 
1.711336 0.971007 -0.378671 -0.105470 0.662220 1.769955 0.170086 0.797206 0.670682 -0.031306 0.093902 0.061977 
1.393092 1.094148 0.501119 -0.250588 0.240854 0.831378 1.046555 0.445080 0.235824 0.796786 0.077743 -0.073134 
0.849888 1.526953 0.994141 0.235245 1.046115 2.233676 1.981145 0.367925 0.903802 0.322673 -0.237908 -0.054274 
0.657076 0.852033 1.370460 1.954417 2.376236 -0.128432 1.274187 1.002970 0.561068 0.065349 -0.116436 -0.048211 
0.954641 1.121189 1.316433 1.621447 1.155378 1.877233 1.694231 0.421530 0.363359 0.022281 -0.164566 -0.015864 
0.719724 1.053271 0.804569 2.335561 1.170993 0.845230 1.167451 1.320883 0.389507 0.262755 -0.164028 -0.043379 
0.810788 1.331535 1.772317 1.357313 0.009640 1.353737 1.759633 1.066115 0.809805 0.295268 -0.172877 -0.020730 
0.854026 1.356010 1.033985 1.840827 1.855733 0.330454 0.857942 0.664606 1.292063 0.154136 0.009025 -0.056231 
0.771377 1.427029 1.450033 2.137160 0.857438 0.388260 1.083038 1.036135 0.688319 0.394504 0.284050 -0.122027 
0.690605 0.934410 1.782634 2.145908 1.263737 0.711275 1.086806 1.221628 0.642639 0.177273 0.092597 -0.017396 
0.949789 1.323172 0.387597 1.659271 1.634519 1.530017 1.149956 0.874746 0.973217 0.340055 0.140813 -0.120577 
1.451568 0.492418 1.042189 0.722221 1.269264 2.149970 0.732058 1.231272 0.907784 0.409517 -0.146009 -0.111092 
3.076126 0.697746 1.053754 1.692907 1.524268 0.411911 0.164552 -0.244544 1.321829 -0.598276 0.616289 0.076634 
3.502215 1.443547 2.402903 2.217144 0.631823 0.504837 0.651701 0.560058 0.489911 0.503309 0.458697 0.054438 
5.487838 2.661987 0.205966 -0.087634 0.917249 1.065695 0.268130 0.548959 0.385818 0.067848 0.389560 0.148171 
6.087195 4.177397 1.538493 0.165855 -0.015360 0.650572 0.843315 0.688435 0.591006 -0.102268 -0.122670 -0.069339 
3.995705 3.515571 3.191659 2.651725 1.432911 0.523097 0.380444 0.406202 0.323621 0.332565 0.261122 0.078296 
3.294912 2.991155 2.658063 2.142639 1.793923 1.287203 0.634207 0.323070 0.202724 0.108009 0.127347 0.009938 
3.605324 3.180369 3.418563 3.269268 2.626817 1.598161 1.083323 0.736217 0.340034 0.233069 0.091468 0.015805 
3.426474 2.285324 2.000692 1.425166 1.880935 1.741366 1.337086 1.127022 0.448236 0.273166 0.334452 0.071826 
3.928136 3.037925 2.942289 2.390293 2.143786 1.693124 1.320748 1.458202 0.893916 0.203259 0.105046 0.043802 
3.693974 1.631471 1.550943 0.925792 0.214071 0.469185 0.486476 1.117360 0.978716 0.493816 0.452365 0.074310 
3.875538 2.389325 2.397529 1.588279 1.236051 1.052190 1.355680 1.382513 0.685399 0.116451 0.511949 0.115075 
3.878480 1.484713 1.733776 0.208978 0.710653 0.944312 0.052325 0.241791 0.191298 -0.213815 -0.016554 0.023580 
3.873340 1.060232 1.904352 -0.427376 1.768398 1.414519 0.719868 -0.227249 -0.275863 -0.109312 -0.232295 0.012303 
3.547892 0.879251 1.191985 -0.697256 1.203937 0.752075 1.584174 0.563064 -0.124201 0.209451 -0.048091 0.019344 
3.731390 1.348075 1.857225 0.194471 1.045874 0.414339 0.388740 0.574622 -0.237922 -0.127158 -0.074737 0.000076 
3.518309 0.684154 1.047741 -0.143959 0.736155 1.051791 0.227684 0.422709 0.482783 0.106554 0.330961 0.047106 
-1.#IND00 -1.#IND00 -1.#IND00 -1.#IND00 -1.#IND00 -1.#IND00 -1.#IND00 -1.#IND00 -1.#IND00 -1.#IND00 -1.#IND00 -1.#IND00 
-1.#IND00 -1.#IND00 -1.#IND00 -1.#IND00 -1.#IND00 -1.#IND00 -1.#IND00 -1.#IND00 -1.#IND00 -1.#IND00 -1.#IND00 -1.#IND00 
