3.056710 0.661179 1.117817 -0.526110 0.963005 1.005467 0.273280 1.113122 0.294933 0.094102 0.185033 0.031111 
3.060892 0.515007 1.212654 0.325817 1.993982 1.258179 0.974826 0.988421 0.600275 0.163834 0.070542 0.010818 
2.983122 1.187415 1.475595 -0.080679 2.149900 1.520816 0.772984 1.298387 0.256256 0.414214 0.310640 -0.013801 
2.315765 0.211447 2.828081 -1.412891 0.791691 1.232953 1.246532 0.575261 0.608034 -0.068590 -0.177949 0.057174 
2.903336 0.774493 1.464589 -0.532338 0.753154 1.335366 1.064171 1.113815 0.718971 0.325782 0.154508 -0.017642 
3.068399 0.787912 1.317984 -0.498747 1.412254 1.608766 1.434142 1.253996 0.394157 0.313474 0.027139 -0.025109 
2.858963 1.150075 1.582385 -0.691582 1.330056 1.304200 1.695894 1.043632 0.692803 0.430370 0.078023 0.005390 
2.916551 0.643028 1.308874 -0.597704 0.453909 0.851616 0.866604 0.929563 0.358289 0.011970 -0.050605 0.004387 
3.066075 0.852986 1.978364 -0.061215 0.974652 1.430311 0.656042 1.642236 0.499028 0.300839 0.352270 -0.006865 
3.119753 1.162620 1.585933 0.305633 1.935192 1.651009 1.297294 1.551710 0.409033 0.556878 0.454145 0.021612 
2.941166 0.532464 0.928692 -0.102788 0.713423 0.230059 0.565824 0.551613 0.560737 -0.290567 0.078329 0.075779 
2.970243 0.889344 1.366280 0.328946 0.473235 1.288287 1.481677 1.217694 0.146107 0.427369 0.209148 -0.012290 
3.136214 0.883599 0.681510 0.086761 1.238956 1.093873 0.193595 0.837899 0.631357 0.175547 0.059619 -0.012139 
2.845352 0.263432 1.309099 -0.160524 1.162697 0.762722 0.681862 1.039869 -0.148471 0.072357 -0.024246 0.003408 
3.246582 0.698245 1.543786 -0.443166 1.111182 1.423552 1.841308 1.259841 0.580534 0.198069 -0.028063 -0.020978 
2.819274 0.494265 1.348582 -0.534553 1.514668 1.124304 1.095780 1.375215 0.243593 0.160871 0.215534 -0.007256 
2.939156 0.411916 1.230023 -0.645479 0.934257 0.397819 1.024363 1.242831 0.079194 -0.055212 0.117428 0.000401 
3.304466 0.115529 0.818476 -0.641141 0.711027 0.585696 1.361839 0.422819 0.215214 -0.067667 -0.030960 0.072269 
0.714870 -0.805293 0.041886 -0.364058 -0.331383 -0.294055 -1.224526 -0.453543 -0.703757 0.333093 -0.113306 0.120061 
1.275976 -0.068488 0.330359 -1.089349 -0.593813 -0.540920 0.091936 0.715682 0.153264 0.238776 -0.072633 0.017926 
1.368269 0.063656 0.636157 -0.046508 -0.852308 -0.383510 0.229072 0.778842 0.070580 0.235971 0.349173 -0.063012 
0.908161 0.019285 -0.213373 -2.555735 -0.484222 0.009484 0.633200 0.756935 0.228330 0.044069 -0.018245 -0.138442 
1.642948 0.612549 -0.387993 -1.530663 -0.818552 0.185074 0.465272 -0.283505 0.625171 0.202522 -0.188897 -0.049171 
1.094701 1.145157 0.902380 0.928575 1.723855 0.190396 1.742115 1.062381 0.645309 -0.053531 -0.281861 0.002651 
0.879192 1.378416 1.225380 0.711548 2.304038 0.859122 1.735282 1.004731 0.410445 0.204002 -0.121739 -0.026323 
1.207728 1.458764 0.409328 0.471424 1.763952 2.189731 1.491101 -0.034873 0.785203 -0.047162 0.088436 -0.048847 
0.350559 0.867051 1.635352 1.373533 2.069292 1.644532 1.148026 0.521824 0.764050 0.353002 0.092224 -0.136627 
0.749371 1.005277 1.251595 0.995744 2.246769 1.260339 1.440979 0.849515 0.884831 -0.177586 0.019161 -0.027020 
0.883132 1.018806 0.923827 1.779858 0.927379 1.453955 1.419012 1.555331 1.055813 0.233379 -0.319453 -0.013221 
0.682830 0.898049 1.074837 1.826699 1.319351 2.109926 0.995548 1.190158 0.638818 0.286351 -0.199692 0.006390 
0.939836 1.183904 1.380968 1.347389 0.792333 1.544044 0.966043 0.739794 0.536433 0.042196 0.074119 -0.017434 
0.845790 1.450919 1.872060 0.946263 1.368638 1.400560 0.835212 1.121506 0.774543 0.054633 0.199160 -0.061248 
0.960159 0.888614 0.758622 1.775669 1.789681 1.687637 0.914178 1.179599 0.573906 -0.179189 0.282675 -0.069955 
1.448739 0.974324 0.817339 1.304322 1.128783 1.361098 1.231818 0.628508 0.015860 0.279179 0.225398 -0.046358 
2.507618 -0.197215 2.031504 1.200769 0.515475 0.790109 0.579732 0.927065 0.792114 0.331222 0.029931 -0.027379 
3.757541 0.863662 0.645491 0.255127 2.238358 0.939090 1.096951 0.034844 0.171469 0.092337 0.138511 0.065210 
4.252221 0.311131 0.475170 1.029421 1.736188 0.676696 1.062150 0.786446 0.088269 0.289006 0.358778 0.072408 
4.159553 1.673186 1.574753 0.732183 0.277173 1.032530 0.733532 0.669259 0.282133 0.273795 0.267504 0.042961 
3.875419 3.441394 2.670341 1.856804 2.353790 0.827795 -0.003615 -0.438144 0.073245 0.705602 0.282322 0.089415 
5.071621 4.444894 3.333779 1.430486 0.015751 0.016698 0.398606 0.722241 0.785888 0.261046 0.237148 0.044262 
4.714030 4.130394 4.270591 3.195235 2.280012 1.043836 1.139373 1.080702 0.287352 -0.013201 0.143860 0.026175 
3.318757 2.722104 2.989809 2.297500 2.794272 2.029902 1.725312 2.051303 0.681522 0.418526 0.125606 0.080488 
3.056922 2.201250 1.914290 2.311421 1.961983 1.523616 1.292373 1.491529 0.865183 0.610844 0.343349 0.094527 
3.711603 1.565360 1.743926 0.760480 1.490785 1.540330 1.776452 1.957079 1.717483 0.705544 0.186597 0.034743 
3.513885 1.059224 2.316243 1.182276 2.503177 1.484490 2.262993 1.591263 0.595744 0.469526 0.236585 0.090057 
3.185360 0.990078 1.468932 0.397407 1.990610 1.503695 1.477222 1.531031 0.531453 0.211494 0.256708 0.034494 
3.277824 1.223558 1.544485 0.175084 1.897863 1.472405 1.493438 1.479852 1.400324 -0.275970 0.262480 0.065235 
3.296511 0.829117 1.542122 -0.437513 1.348323 1.045147 1.296217 1.160954 0.563978 -0.104929 -0.041546 -0.006096 
-1.#IND00 -1.#IND00 -1.#IND00 -1.#IND00 -1.#IND00 -1.#IND00 -1.#IND00 -1.#IND00 -1.#IND00 -1.#IND00 -1.#IND00 -1.#IND00 
-1.#IND00 -1.#IND00 -1.#IND00 -1.#IND00 -1.#IND00 -1.#IND00 -1.#IND00 -1.#IND00 -1.#IND00 -1.#IND00 -1.#IND00 -1.#IND00 
