3.044376 0.894541 0.934005 0.164963 0.874529 0.915176 1.049024 1.597402 0.227526 -0.055688 0.210105 0.019777 
2.844863 0.660579 1.479387 -0.209714 0.345646 1.072963 1.216702 0.667201 0.196968 0.187071 0.126818 -0.034970 
2.980944 0.430689 1.326898 0.267367 0.679460 1.208353 1.067253 0.363428 0.371881 0.642763 0.273833 -0.031615 
2.853920 0.434781 1.552098 0.204235 0.826708 1.633062 1.357493 0.732112 0.533281 0.136327 -0.018327 -0.039582 
3.298923 0.731216 1.290845 -0.116545 1.142315 1.239794 1.458705 0.877887 0.049703 0.508594 0.188555 -0.026492 
3.112535 0.642556 1.682397 0.071660 1.045092 0.471922 -0.031252 1.032456 0.517849 0.204238 0.282890 -0.001354 
3.377925 0.990535 1.918861 -0.439700 0.979114 1.499846 0.679768 1.437135 0.575411 0.135847 0.198346 0.007033 
3.087291 0.722840 1.287367 0.214480 0.420528 1.116391 0.997042 0.661556 0.428620 0.215504 0.141847 0.014338 
3.245866 0.965239 0.885821 -0.306872 1.078490 1.515813 1.398189 0.668643 0.237251 0.563628 0.088029 -0.019360 
3.169811 0.508909 1.253452 0.228301 0.919110 1.261461 2.143729 0.580717 0.489305 0.236327 -0.123508 -0.028457 
3.085385 1.085664 1.724511 -0.124042 1.635482 0.982352 0.694918 1.053408 1.056204 0.109701 -0.004192 -0.002682 
3.436612 0.975385 1.800019 0.408349 1.491158 0.873659 1.177964 1.210133 0.341989 0.307949 0.448351 0.039677 
3.325471 1.117559 1.225337 0.007929 1.042061 1.986008 1.065306 1.335882 0.921616 0.233300 0.188451 -0.003760 
3.055720 1.087693 1.194204 0.028695 1.177465 0.696161 0.822051 0.497339 0.558740 0.457042 0.468279 0.023601 
2.766902 0.476254 3.113517 -0.849240 0.672987 1.229365 0.372604 -1.026106 0.529977 0.725628 0.279948 0.072931 
1.197739 0.734387 0.664693 0.315069 -0.153699 0.091048 0.685644 0.448521 0.740143 0.031742 -0.133042 -0.109228 
1.317008 0.181600 0.474460 0.588925 -0.253430 -1.728061 -0.188136 0.616780 0.387506 0.492899 -0.185659 -0.099957 
1.648784 0.596345 0.831116 0.327080 0.495989 -0.052058 0.967405 1.478305 0.253161 0.843243 -0.043106 -0.040751 
1.297190 1.325604 -0.161887 -0.101563 -0.079127 0.356473 2.750423 0.684912 1.021500 0.192629 -0.132833 -0.038685 
0.887006 1.060136 0.584794 0.787453 2.011420 0.601028 1.478944 1.594819 0.544042 -0.025288 -0.055256 -0.091303 
0.994818 0.848624 0.731769 1.300953 2.267864 1.477481 1.737356 0.219206 0.574142 0.267129 0.145664 -0.091418 
0.907346 1.103444 1.380151 1.089419 1.677177 1.348199 0.781257 1.144047 0.626159 0.024006 -0.049051 -0.058153 
0.825536 1.170022 0.856407 1.553690 1.359246 0.749657 1.693100 0.875330 1.050645 0.197992 -0.172914 -0.047282 
0.797506 0.302570 1.605772 1.637065 1.541953 1.132543 2.270474 0.373066 0.849303 0.224655 0.102918 -0.110331 
1.007810 0.769073 0.719918 1.027938 1.884582 0.933693 1.619178 1.083408 0.336974 0.090307 0.064172 -0.058191 
0.662923 1.028479 0.753356 1.771939 2.469118 1.831492 0.265056 1.423211 0.206483 0.366582 -0.093711 -0.018312 
0.745790 1.418627 0.448232 2.142101 1.726678 1.127864 0.804681 0.960137 0.933744 0.302015 -0.148064 -0.024971 
1.078614 0.992307 1.029411 0.844137 1.697332 1.943330 1.231560 0.355851 0.896597 0.196256 -0.139883 -0.011280 
0.840026 0.810781 1.244781 1.952709 1.091754 1.346639 1.072740 0.532600 0.295708 0.651434 0.058066 -0.114370 
0.685006 0.357171 1.764136 1.447609 1.933232 1.790366 1.907673 1.074951 0.423873 0.325972 -0.016158 -0.038766 
1.633113 0.940256 1.615980 0.360182 1.190611 1.157415 0.789273 1.591315 0.022217 0.611581 0.186938 -0.094811 
3.895196 -0.397123 0.812615 1.574728 1.388442 0.427092 1.163384 0.362814 0.551630 0.496920 0.198264 -0.022497 
4.686799 -1.476392 2.256990 1.377869 0.301905 1.120851 0.258650 0.764402 0.975683 0.419194 0.200374 0.013276 
5.611143 3.465245 1.050196 0.170368 0.155875 0.530472 1.347293 0.986992 0.316051 0.185286 0.069455 0.021547 
4.029182 3.629739 2.785423 1.611808 0.582358 0.083485 0.124080 0.331122 0.414954 0.265184 0.059470 0.040069 
3.730552 3.367878 2.793661 1.996265 1.270558 0.683665 0.340499 0.281112 0.279951 0.335229 0.298108 0.076257 
4.800876 3.492737 4.408765 4.779558 2.472758 0.858149 0.515463 1.026544 0.136826 -0.421262 0.070523 0.043443 
4.473341 3.914720 4.066255 3.544890 2.491982 1.026585 0.693028 0.878698 -0.164574 -0.291097 0.262510 0.046113 
2.662541 2.097231 1.793546 1.560380 1.427824 1.234476 0.982200 0.742670 0.515508 0.199779 0.126719 0.027426 
2.729543 2.102810 2.045849 1.688120 1.511228 1.375245 0.961675 0.641723 0.382957 0.230976 0.153412 0.030391 
3.129527 1.540099 2.201520 0.829232 1.254162 1.689323 1.650385 1.673313 0.861034 0.629882 0.245502 0.035494 
3.065585 1.355975 1.894095 0.271341 1.182693 1.238932 1.103665 1.108530 0.234119 0.367026 0.261477 0.019903 
2.840263 1.009087 1.586554 0.243458 1.358426 0.715863 1.710419 1.452416 0.597014 0.530289 0.333882 0.013054 
2.942316 0.343575 1.217584 -0.133564 0.854600 1.235670 2.108120 0.581549 0.045995 0.365138 0.017425 0.010138 
3.141432 1.002360 1.831900 -0.007074 1.073181 1.618620 0.999454 0.766575 0.038220 0.296699 0.257150 0.025081 
2.915045 0.939714 1.723178 -0.121076 0.880923 1.211228 0.426225 1.181283 0.129534 0.416866 0.166725 -0.002522 
3.080573 0.871891 1.573036 -0.219712 1.097234 1.752290 1.528659 0.926805 0.276437 0.265465 0.183361 0.013082 
2.794371 0.715420 1.196587 -0.135391 1.275466 0.617024 0.880354 0.817972 0.800128 0.262631 -0.126307 -0.023665 
-1.#IND00 -1.#IND00 -1.#IND00 -1.#IND00 -1.#IND00 -1.#IND00 -1.#IND00 -1.#IND00 -1.#IND00 -1.#IND00 -1.#IND00 -1.#IND00 
-1.#IND00 -1.#IND00 -1.#IND00 -1.#IND00 -1.#IND00 -1.#IND00 -1.#IND00 -1.#IND00 -1.#IND00 -1.#IND00 -1.#IND00 -1.#IND00 
