2.732179 2.029391 1.727820 1.447003 1.216864 0.969534 0.840618 0.619955 0.481382 0.291870 0.166572 -0.000111 
4.517665 3.547961 3.861617 2.622487 2.311472 1.814365 1.209171 0.914589 0.255071 0.186508 0.109394 0.014170 
4.655042 3.808637 4.464208 3.262989 2.765146 1.566389 0.529737 1.662307 0.466829 -0.262613 0.197568 0.027068 
3.333033 1.581882 1.942990 0.906007 1.505466 1.272341 1.462296 1.063857 0.711749 0.430574 -0.045186 -0.011142 
3.330782 1.483809 2.211923 0.576416 1.526754 1.238952 1.741469 1.794382 0.494603 0.136639 0.290645 0.021781 
3.102195 1.554636 1.700198 -0.097705 1.963736 1.357614 1.301227 1.781973 0.061722 0.108813 0.183885 -0.009884 
3.283658 1.153245 2.063602 0.156796 1.589123 1.011134 1.038297 1.526353 0.832163 0.305444 0.252843 0.008547 
3.170210 0.881325 1.285664 -0.719095 0.999425 1.271282 0.001260 0.959651 0.266184 0.393327 0.231598 0.017863 
2.989424 1.223586 1.251943 -0.141472 0.848690 0.646236 0.666706 0.393964 0.298020 0.199930 0.192144 0.034645 
3.254746 0.786662 1.112777 -0.522654 0.612267 1.357086 0.203838 0.690141 0.533553 0.389605 0.089868 -0.016802 
2.897776 0.525693 1.088297 -0.586452 0.648243 0.568745 0.474650 0.121702 -0.000286 0.300165 -0.098622 -0.045038 
3.061533 0.432956 1.261105 -0.408707 1.605341 0.913074 1.620645 0.721875 0.197807 0.188935 -0.035183 0.040155 
3.446349 0.732026 1.171372 0.118140 1.154712 0.691862 0.545663 0.804555 0.109738 0.061842 0.331780 0.039584 
3.051172 0.347673 0.973636 -0.669268 0.306668 1.016555 0.325747 0.716277 0.013155 0.056537 -0.033047 -0.023712 
3.200458 0.536181 0.827758 -0.874651 1.264501 0.330162 0.114694 0.899625 -0.166442 0.194632 0.002633 -0.031674 
3.246112 0.630623 1.127211 -0.440628 0.618019 0.744081 0.200137 0.854658 -0.227192 0.056370 -0.007639 0.000691 
3.214624 0.580078 0.851978 -0.606032 0.232654 1.241097 1.144623 0.353986 0.521950 0.337800 -0.058013 -0.028371 
2.833959 0.018723 0.603154 -1.784508 0.591490 -0.905895 0.200403 -0.455611 0.120067 0.460424 -0.482370 -0.092379 
1.058729 -0.951613 0.624328 -0.122741 -0.255302 -0.449618 0.212129 0.670075 0.237598 0.143003 0.009500 0.016042 
0.814234 -0.040953 0.558781 -0.769364 -0.101377 -0.796761 0.789932 0.302988 -0.349633 0.208769 -0.017219 -0.029160 
1.885925 0.417531 0.611492 -0.364107 0.767470 -1.288376 -0.938792 0.119448 0.606639 0.275556 -0.097925 -0.018343 
1.548276 -0.049921 -0.048206 -1.107732 -0.591330 -0.354898 0.236646 1.173597 0.776369 0.497854 0.157422 0.008266 
1.355899 0.533581 -0.507591 -1.705382 -0.272879 -0.276068 1.659747 1.033231 0.483844 -0.290147 -0.208770 -0.058660 
1.509854 0.185876 1.648443 0.061779 1.706871 1.121411 0.854831 -0.191342 0.757378 0.290954 0.060637 -0.099050 
0.826761 0.761019 1.162422 1.055726 1.658484 2.238395 0.909819 1.529678 0.816731 0.000663 -0.141300 -0.064485 
0.722956 1.960164 1.110845 2.105899 1.340737 0.643688 0.879981 1.313751 0.193987 -0.036844 0.140206 -0.040812 
1.237077 1.418241 1.184390 1.331010 1.151755 0.364045 0.687449 1.282893 0.818425 0.097137 -0.099634 -0.021869 
0.499099 1.043948 1.248482 2.101929 1.461955 1.778244 1.532476 0.859921 0.472539 0.051567 -0.057529 0.025098 
0.744645 1.137046 1.495691 1.163444 1.698718 1.210914 1.639193 0.723189 0.388086 0.224060 0.095627 -0.033832 
0.305630 1.112068 1.664698 2.197271 0.536858 0.951758 0.942644 1.642000 0.905671 0.796306 -0.127707 -0.077361 
0.896189 1.102349 1.199729 2.102511 1.314171 0.850966 0.342702 1.197169 1.097389 0.156303 0.065451 -0.058695 
1.059656 0.424749 0.897241 1.780585 0.796480 2.102317 0.892847 0.979302 0.669675 -0.018645 0.093667 -0.083014 
1.369748 1.064981 1.025279 1.277680 1.047417 1.581352 1.269944 0.544689 0.598617 0.090876 -0.151607 -0.021766 
1.742477 0.928934 1.447644 0.785028 1.176368 1.042264 1.839313 -0.023338 0.555301 0.245415 -0.030353 -0.024333 
2.794479 1.241017 0.037271 2.858487 1.277059 0.170627 0.172932 0.409860 -0.423961 0.428355 0.046482 0.084693 
4.972863 0.477705 0.484824 0.978134 0.751847 1.480824 0.341580 0.898518 0.419722 0.437843 0.027936 -0.051872 
4.933277 3.533302 1.587993 0.276721 0.123048 0.604203 0.766992 0.616028 0.495541 0.459581 0.235665 0.069365 
3.204853 2.841675 2.533013 2.129627 1.635251 1.110345 0.697599 0.481570 0.349359 0.293514 0.212687 0.044961 
2.924662 2.494523 2.246173 1.872677 1.455911 0.995155 0.626716 0.348764 0.227356 0.138274 0.122652 0.030771 
2.880056 2.467983 2.318831 2.055629 1.666698 1.297927 1.002780 0.756399 0.511702 0.300981 0.133733 0.039983 
2.641014 2.068409 1.746408 1.479125 1.153406 0.880488 0.634727 0.362489 0.178051 0.129097 0.078638 0.018881 
2.755586 2.269871 2.044873 1.854779 1.634987 1.337312 1.078625 0.839368 0.640765 0.410436 0.223680 0.050052 
3.455350 1.837526 1.877214 1.592073 1.677377 1.797195 2.022258 2.345713 1.424382 0.151211 0.212063 0.090348 
2.783704 1.645028 1.393199 0.198072 1.411973 1.381470 0.926798 0.652918 0.857401 0.372788 0.173696 0.045950 
3.276768 1.011248 1.806173 -0.424668 1.715716 1.350411 1.542291 1.207720 0.111838 0.383386 0.307454 0.032180 
3.367584 0.913205 1.308273 -0.385228 1.172991 0.702875 0.995831 1.756422 0.215838 0.360636 0.128081 -0.013542 
3.070342 0.750773 1.588253 0.382558 1.739930 1.903084 1.380923 1.190910 0.746040 0.242982 0.200659 0.033682 
3.093382 1.092691 1.497188 0.367785 1.155470 0.386958 0.351688 0.550189 1.031842 0.353976 0.320330 0.038470 
-1.#IND00 -1.#IND00 -1.#IND00 -1.#IND00 -1.#IND00 -1.#IND00 -1.#IND00 -1.#IND00 -1.#IND00 -1.#IND00 -1.#IND00 -1.#IND00 
-1.#IND00 -1.#IND00 -1.#IND00 -1.#IND00 -1.#IND00 -1.#IND00 -1.#IND00 -1.#IND00 -1.#IND00 -1.#IND00 -1.#IND00 -1.#IND00 
