3.206876 0.827251 1.302584 -1.041410 0.816396 1.492773 0.497509 0.442974 0.194659 0.339694 0.238823 0.042587 
3.484858 0.820155 1.090379 -0.091615 1.878016 1.064262 1.073830 1.183579 0.195163 0.288485 0.134284 0.013423 
3.131859 0.807906 1.114688 -0.684240 1.457175 0.496248 1.664488 0.373977 0.153119 0.708802 0.075445 0.026928 
3.083300 0.704451 0.241204 -0.498497 0.419141 0.213252 0.478545 0.285812 0.487648 0.224278 0.186670 0.030206 
3.204350 0.802260 1.196536 -0.626328 0.366423 0.836830 0.989297 1.013887 0.545382 0.178076 0.150694 -0.013792 
3.189989 0.571528 0.673701 -0.115105 0.432829 -0.041891 0.644305 1.113830 0.555469 -0.036713 0.094669 0.004735 
3.213156 0.344863 0.740928 -0.338879 1.116615 1.323898 1.614034 0.789986 0.661676 0.315918 0.015149 -0.025698 
2.754977 0.939894 0.993399 -0.590477 0.316417 0.822317 0.716288 1.105540 0.121857 0.138915 0.155175 0.023483 
3.229162 0.410091 0.731677 -0.629131 0.630278 1.517376 0.758839 0.416436 0.506937 0.074072 0.304884 0.075139 
3.231534 0.286903 1.373812 -0.467057 1.027412 0.726479 0.440080 1.377422 -0.279543 0.241909 0.143666 -0.047782 
3.207460 0.500605 1.183218 -0.546299 1.390916 0.180310 0.862686 0.601508 -0.060183 0.541630 0.171348 0.007974 
3.201051 0.957757 1.518818 0.071716 1.130780 1.124901 0.715353 1.257248 0.547844 0.499285 0.051223 -0.029949 
3.025129 0.843895 1.278301 0.007533 0.862398 1.438974 0.690717 0.661339 0.537779 0.473589 0.199590 0.009234 
2.978240 0.819027 1.231565 -0.320113 0.550695 1.259321 0.762284 0.628078 0.759050 0.035888 0.157165 0.040537 
2.733116 0.776504 1.073449 -0.736351 1.618530 1.108895 1.057874 0.787372 0.313197 -0.004065 0.020181 0.009443 
3.167752 0.266820 0.845857 -0.854649 0.351285 0.689644 1.007620 0.698011 0.364495 0.050390 0.054217 0.012350 
0.994381 -0.678116 0.289748 -1.234773 -0.523138 -0.500694 0.122087 -0.372974 0.085357 -0.032451 0.154093 -0.035384 
1.001784 0.798100 0.439334 -0.085308 0.675333 -1.268976 0.717804 0.973348 0.698778 0.210102 -0.061289 -0.144851 
1.830548 1.013461 0.638502 0.285865 0.629590 0.653183 0.641450 0.425095 0.663039 0.118852 0.076550 -0.047998 
1.358807 1.319432 0.573331 0.384397 -0.150628 0.905275 0.482280 0.476552 0.563071 0.526619 0.238689 0.042231 
1.284255 1.448835 0.828126 1.081238 0.632083 0.488302 1.063200 0.297479 0.599681 0.382338 -0.095865 -0.083069 
0.773629 1.549860 1.012480 0.452813 0.965193 2.207600 1.892585 0.540269 0.033029 0.385964 -0.270342 -0.024917 
0.442265 1.076953 1.360521 1.162063 1.676841 1.986391 0.954053 1.075668 1.038201 0.001906 -0.106660 -0.060371 
0.828182 1.042092 1.750062 1.209282 1.704402 1.123499 0.394705 1.150140 0.360096 0.328833 0.111691 -0.089705 
0.602213 1.488605 2.137971 1.119091 0.627242 1.330540 0.957845 1.281600 0.566619 -0.001748 0.128523 -0.054855 
1.124711 1.096811 1.188350 0.457370 1.768276 1.409476 1.368020 0.363501 1.008005 0.425036 0.031094 -0.091785 
0.597803 0.614474 1.332679 1.674240 1.833318 2.098662 1.611886 0.981579 0.133047 -0.025508 0.232123 -0.031056 
0.737464 1.404162 0.735539 1.222866 1.627388 2.134907 1.237777 0.852721 0.422356 0.453180 -0.201580 -0.006566 
1.057462 1.319655 1.627302 1.979993 1.119541 0.566718 1.086781 0.712613 0.937819 0.241473 0.011927 -0.046303 
0.826657 0.810920 1.108565 1.548676 1.286449 1.600481 1.875013 0.425981 0.681500 0.303490 0.016017 -0.073792 
1.070443 0.635735 1.130565 1.522969 1.973369 1.349382 0.717885 1.220987 0.565884 0.052318 -0.079870 -0.018464 
1.820815 0.595166 0.938821 2.014999 0.441052 1.689903 0.768342 0.169965 0.713802 0.073355 0.308418 -0.033601 
4.953234 -0.728488 1.016629 0.599001 1.511287 0.785169 1.452003 0.526164 0.633956 0.303259 0.254582 0.122470 
5.103513 -0.595165 0.712938 0.869255 0.768790 0.516394 1.415902 0.125441 -0.002315 0.207112 0.281291 0.068189 
4.093972 3.166871 1.690733 0.326225 0.013007 0.476874 0.810785 0.567178 0.097686 -0.095883 0.142289 0.016260 
3.161918 2.352993 1.701796 1.170969 0.987050 0.930931 0.885267 0.749583 0.574311 0.423246 0.283708 0.028277 
2.986120 2.626847 2.345007 2.050817 1.849443 1.531080 1.019151 0.621874 0.446732 0.244370 0.084813 0.029219 
2.655498 2.038095 1.995864 1.985041 1.584555 1.113310 0.852305 0.655214 0.218675 0.224874 0.049755 0.014907 
3.359601 1.683931 2.450740 1.585871 1.448215 1.861788 1.492061 1.394585 0.469395 0.345452 0.247200 0.044052 
4.209364 2.423235 3.060082 1.969787 2.913545 1.360217 1.702086 1.864209 0.591879 0.449424 -0.000408 0.016930 
3.484277 1.405867 1.240473 0.165317 1.759294 2.016408 1.517191 0.780644 1.283959 0.612248 0.146461 0.017046 
3.743764 1.072736 1.853271 0.993333 1.991672 1.521918 1.735531 1.676028 0.527154 -0.016642 0.186938 0.066856 
3.304512 1.075208 1.319090 -0.025265 1.418345 0.966550 0.614355 1.378166 0.509981 0.271351 0.174132 -0.011555 
3.374527 0.642155 1.304339 -0.194094 1.326890 0.816297 1.211010 1.510943 0.026690 0.033004 0.086489 -0.002655 
3.444153 0.973951 1.215482 -0.177683 0.422572 1.655649 1.074829 0.916396 0.476714 0.342620 0.278173 0.034263 
3.409930 1.127674 1.286926 -0.218153 0.844324 0.835161 1.682962 1.020758 -0.233275 0.310272 0.165183 0.022922 
3.254131 0.844164 1.164204 -0.602889 1.238722 0.994977 0.934920 1.164251 0.450884 0.369170 -0.098396 -0.060306 
3.214828 0.758731 1.177321 -0.833874 1.654467 0.916349 1.386792 1.176822 0.338853 0.055703 0.152698 0.011656 
-1.#IND00 -1.#IND00 -1.#IND00 -1.#IND00 -1.#IND00 -1.#IND00 -1.#IND00 -1.#IND00 -1.#IND00 -1.#IND00 -1.#IND00 -1.#IND00 
-1.#IND00 -1.#IND00 -1.#IND00 -1.#IND00 -1.#IND00 -1.#IND00 -1.#IND00 -1.#IND00 -1.#IND00 -1.#IND00 -1.#IND00 -1.#IND00 
