3.398454 0.177762 0.350287 -0.696780 0.832935 0.708303 0.321618 0.976354 0.330131 0.098518 -0.038671 -0.030059 
2.287329 -1.353087 1.710229 0.069200 2.027318 -0.044322 0.601065 0.771207 0.237109 1.054284 0.014172 -0.122184 
2.836388 -0.236080 1.298208 -1.056003 1.413235 0.842040 1.086189 0.381862 0.599686 0.607088 0.022951 -0.017228 
3.009126 -0.934653 -0.068409 0.156102 0.881014 0.500317 1.035325 0.715294 -0.043424 0.479545 -0.393860 -0.147409 
3.111990 0.177994 0.946668 -1.047814 1.227165 0.864711 1.128484 1.145087 0.313173 -0.009669 0.078141 -0.025045 
3.462837 0.104705 1.273428 -0.405750 0.606113 0.769230 1.691771 1.145271 0.448979 0.319663 0.084885 -0.053504 
3.152472 0.015954 1.807318 0.117739 1.055266 0.052129 1.742935 0.395534 0.266333 0.204188 0.165845 0.079334 
3.157530 0.145972 1.040878 -0.230962 1.683971 1.312064 0.028431 0.445624 0.290853 0.006908 0.041649 -0.013001 
3.224070 0.326643 1.418372 0.111678 0.581656 0.858227 0.759326 0.900406 0.727287 0.257481 0.058470 0.006091 
3.249966 0.311192 1.357216 -1.322970 1.646801 1.114720 0.641086 0.941631 0.450043 0.364668 0.099493 -0.006379 
3.196508 0.639837 0.883870 -0.233984 1.085054 0.895562 0.790981 0.650849 0.159529 0.117394 0.170819 0.011364 
3.234826 1.001834 1.249119 -0.526443 1.289526 0.783332 0.673469 1.053768 0.268935 0.628707 0.264641 -0.010571 
3.467528 0.741662 1.372430 -0.362541 1.230177 1.005109 0.834991 1.153517 0.542477 0.409219 0.236597 0.008221 
3.484932 0.967095 1.073970 -0.543020 1.112750 1.972132 1.138428 1.480306 0.397818 0.213018 0.188075 -0.008771 
3.001764 0.273413 0.954139 -0.382670 0.921624 1.043463 1.056631 1.093101 0.472766 0.007523 0.153208 -0.018288 
3.396798 0.652789 0.988545 -1.220229 1.488626 0.449903 1.089211 0.912874 0.464706 0.184124 0.026245 -0.005782 
3.228828 0.784384 1.627857 -0.504216 1.623330 0.010805 1.136354 0.434860 -0.642416 0.034166 -0.100059 0.027082 
2.727580 1.755913 1.640187 -1.846540 2.275235 -0.384143 1.282431 -0.353086 -0.104024 -0.087981 -0.157353 0.094523 
2.299599 1.047272 1.887285 -2.003550 2.527405 -1.531917 0.835636 0.569305 -1.045022 0.077109 -0.042949 0.055118 
1.532521 0.358005 2.785416 -3.413681 2.404120 -1.331959 -0.106975 0.613112 -0.833129 0.015603 -0.066985 -0.023199 
-0.151030 -0.465268 2.927577 -1.350748 1.352672 -1.045509 -0.491673 1.528399 -0.089461 0.532923 0.850038 0.066959 
0.327477 1.163155 2.018671 -1.839476 0.517048 -0.961031 -1.400645 0.859433 -0.438354 0.077452 0.325936 -0.032881 
0.074781 0.903740 1.120544 -2.254086 1.252608 -1.568483 -0.621569 -0.864099 0.050357 -0.204901 0.229414 -0.084332 
1.682886 1.952582 1.424368 0.423331 0.928548 0.400931 -0.661631 1.199502 1.062148 0.337192 -0.168724 -0.018119 
0.935586 1.634099 2.250241 1.134291 1.555894 0.379341 -0.180227 -0.355186 0.716457 0.346795 -0.040972 -0.067340 
0.977081 1.577986 1.900049 1.710975 0.668600 0.467515 0.256389 0.413779 -0.174103 0.131935 0.043333 -0.071673 
0.696022 1.873043 2.116469 1.509487 0.579377 0.514695 0.276418 0.204754 -0.142211 -0.114149 -0.189769 -0.052266 
0.852435 0.872919 2.607742 1.087273 1.485846 0.914111 0.834586 -0.331522 0.129486 -0.071081 -0.101201 -0.069305 
1.149013 1.328639 1.517303 1.206571 0.665409 1.136858 -0.158962 0.593516 0.307329 0.125740 -0.307341 -0.033301 
0.767616 1.568129 1.524519 2.138751 1.322556 0.860292 0.591211 0.274984 0.238677 -0.034603 -0.035104 -0.036185 
0.955376 1.355344 1.873483 2.159990 1.047040 0.285900 0.635901 0.786620 -0.051093 -0.006698 -0.030465 -0.047410 
1.070126 1.152421 1.349585 1.161711 0.712674 1.366037 1.174215 0.137676 0.352650 0.316605 0.031084 -0.146069 
0.923143 1.235022 1.457777 1.503646 0.711348 1.729771 0.605669 0.298209 0.331314 0.349600 -0.271312 -0.073167 
1.030838 1.300317 1.215881 1.225817 1.475874 0.697964 0.864727 0.823275 0.710933 0.068492 -0.386155 -0.041129 
0.904851 1.501105 1.565136 1.919340 1.084857 0.851917 0.396933 0.369471 0.059295 0.507969 -0.128140 -0.096784 
0.628851 1.105350 1.506037 1.104171 1.850331 1.240350 0.960097 1.470113 -0.203030 -0.006865 -0.254782 -0.011001 
1.173555 0.892617 1.497411 1.803733 0.783979 1.405214 1.111502 0.302004 0.201491 0.163440 -0.016779 -0.032127 
1.772244 1.110918 1.623283 0.474653 0.910520 0.451789 1.023667 0.223878 0.360494 -0.186591 0.127693 -0.007282 
3.118795 0.744158 0.517421 0.802859 0.733159 -0.014739 1.039980 0.863484 0.187968 0.523610 -0.011744 -0.045406 
4.651620 -0.029860 0.600308 1.688252 1.251368 0.885045 1.137387 0.250264 0.282541 0.238373 0.268799 0.051947 
5.157431 2.180478 0.019774 0.558289 0.983002 0.604101 0.284457 0.261703 0.228255 -0.030389 -0.029826 0.011165 
6.428490 3.154747 2.194950 0.793188 0.507046 -0.318354 0.342683 0.934662 0.461800 0.455499 0.204880 0.035013 
5.567069 3.712496 3.415016 1.654166 0.981599 0.449498 0.962306 0.768142 0.830062 -0.045409 0.146882 0.065376 
3.960561 1.945574 1.164572 0.549055 0.800354 0.764359 0.798855 1.115661 0.346662 0.334116 -0.029682 -0.022649 
4.609102 0.952614 2.189139 0.084302 1.590896 0.366170 0.441638 0.732372 -0.075480 -0.055214 0.168763 0.049118 
4.134599 2.128124 1.586503 0.210641 1.169630 0.075858 0.439923 0.487211 -0.146973 0.279954 -0.081405 -0.013547 
3.911742 1.814310 1.244057 -0.077704 0.669573 0.444942 0.422821 0.623147 -0.104984 0.303499 0.190661 0.035429 
4.258122 1.499280 1.804872 -1.173912 0.790169 1.103258 -0.671829 -0.405834 -0.635896 -0.247240 -0.074655 -0.012027 
-1.#IND00 -1.#IND00 -1.#IND00 -1.#IND00 -1.#IND00 -1.#IND00 -1.#IND00 -1.#IND00 -1.#IND00 -1.#IND00 -1.#IND00 -1.#IND00 
-1.#IND00 -1.#IND00 -1.#IND00 -1.#IND00 -1.#IND00 -1.#IND00 -1.#IND00 -1.#IND00 -1.#IND00 -1.#IND00 -1.#IND00 -1.#IND00 
