3.875475 0.284485 0.874107 -1.100137 0.365706 0.731958 -0.201139 0.546731 -0.206112 0.102496 0.093561 0.017260 
3.750663 -0.340876 0.453741 -0.775506 0.365325 0.399073 0.215342 -0.005789 0.012894 0.978193 0.302668 0.007752 
3.239817 0.387443 0.978140 -0.972428 1.675332 0.788852 0.004363 0.136856 0.397265 0.474242 0.079206 -0.047415 
3.472530 0.353164 0.673433 -0.384839 0.283742 0.365216 -0.301876 0.338062 0.095558 0.099946 0.378100 0.103038 
3.145839 0.343332 0.907404 0.318168 0.474022 1.197018 1.084389 1.091549 0.383160 0.082266 0.043081 -0.002845 
3.141174 0.517031 0.871910 -0.634601 0.563022 1.020129 0.620135 0.850818 0.184619 0.012288 0.170971 -0.021711 
2.893704 0.354057 0.662229 -0.863080 1.245906 1.791894 0.941484 0.635982 0.291188 0.456515 0.059787 -0.025714 
3.283513 0.525863 1.252230 0.057375 0.622351 0.317303 0.490924 0.948134 0.417887 0.375656 -0.084436 -0.001007 
3.424359 0.156487 1.344159 -0.853821 0.660080 0.558652 -0.048766 1.354174 0.340878 0.339152 0.075122 -0.044053 
3.274690 0.050054 0.939006 -0.639265 1.029098 1.320578 1.195815 1.068053 0.124139 0.199309 0.232432 0.013282 
3.391238 0.388434 0.785069 -0.713578 1.193082 0.797477 0.713569 1.135559 0.222061 0.263400 0.289482 0.019845 
3.838031 0.710307 0.786973 -0.687243 1.037735 0.533091 0.423547 1.213541 0.082256 0.541171 0.215935 -0.012708 
4.048393 0.709805 0.929583 0.007335 1.067928 0.535574 0.556776 1.151731 -0.302841 -0.066291 0.207276 0.070098 
3.735050 0.621950 0.574182 -0.465694 1.099954 0.234737 0.357422 0.896887 0.071120 0.225110 0.065766 0.001689 
3.616409 0.736943 1.347988 -0.546061 0.885576 0.732640 0.446228 0.760630 -0.084962 0.189647 0.425149 0.046235 
3.620424 1.110884 0.897644 -0.592892 1.493195 0.876271 0.510658 0.746043 0.115425 0.113597 0.267253 0.056510 
3.152529 1.711756 0.898793 -0.821326 1.938678 -0.489851 0.415203 0.198449 -0.375660 0.434984 -0.079020 0.044535 
2.491852 1.665790 1.283371 -1.660032 1.589661 -0.948135 0.911718 0.115663 0.355113 0.517273 -0.161884 0.103605 
0.248856 2.862274 0.653121 -1.785587 1.909905 -0.674974 0.923095 -0.028006 -0.357755 0.400758 -0.224513 0.096754 
0.175969 1.407317 1.912352 -1.925486 2.621252 -1.565352 -0.894569 0.624870 -0.289298 0.826254 0.197447 0.072492 
-0.395856 0.601882 1.356751 -1.409064 1.329314 -1.431101 -0.561648 0.364555 -1.384502 0.430805 0.129202 0.021728 
0.105330 1.127343 0.659189 -1.945057 1.979288 -1.818870 0.047592 0.083409 -0.994448 0.104928 -0.017398 0.001146 
0.949070 0.812833 0.625694 -1.368018 0.495436 -1.510968 -0.877925 -0.631818 -0.980498 0.267196 0.013488 0.064606 
0.955300 1.329406 1.174618 1.669199 1.229214 0.124906 0.533908 0.479157 0.616597 -0.255167 -0.224116 0.014223 
0.782106 1.283399 2.245938 1.495767 1.696481 0.664199 0.184970 0.713617 -0.443307 -0.130624 -0.069773 -0.012601 
1.123923 1.157684 1.463262 1.942255 0.856412 0.799619 0.338071 0.121759 0.175763 -0.202245 -0.249316 -0.035403 
0.786032 1.196463 2.050244 1.938641 0.248238 1.326588 0.637107 0.270233 0.047296 -0.125785 -0.075845 -0.032324 
1.004963 1.543764 1.135268 1.598219 1.411948 0.670412 0.618173 0.833393 0.037815 -0.103116 0.004673 -0.053896 
0.747322 0.830140 1.911893 2.227084 0.736231 1.198458 1.001407 0.920482 -0.146395 -0.079771 0.101188 -0.071613 
0.951603 0.992931 0.829057 1.140837 2.170898 1.535612 0.424719 0.882312 0.150445 0.203870 -0.222295 -0.057841 
0.601954 1.376486 1.509251 1.029778 1.580975 1.343130 1.640890 0.197725 0.244789 0.033971 -0.057955 -0.073188 
1.065101 1.557517 1.916788 0.704614 1.583380 1.453160 0.402710 -0.135323 0.217974 -0.232981 0.138413 -0.067879 
0.741278 1.483261 1.519449 1.574530 1.722021 0.929813 0.592199 0.459270 -0.070964 -0.087710 -0.079005 -0.002735 
1.093088 1.227542 1.427413 1.542017 0.592702 0.139524 -0.348859 -0.979845 -0.303712 -0.291587 -0.232381 0.050666 
1.190768 1.687267 1.081182 0.782046 0.790766 -1.313472 -1.095667 0.125103 0.061220 -0.027683 0.171369 0.041569 
2.233333 0.318810 2.115226 0.877243 0.773246 1.124384 -0.614693 0.396127 -0.001889 0.041303 -0.006683 -0.006064 
2.834929 0.783638 1.008033 0.848205 0.540248 0.195315 0.754957 0.019498 0.426797 0.188812 0.091886 0.030487 
3.597794 2.799636 1.658111 0.683845 0.250776 0.277166 0.275008 0.297638 0.360143 0.331091 0.117243 0.026568 
5.908613 3.820095 1.996181 -0.555833 0.132885 -0.674398 -0.063293 0.020009 0.246214 -0.257477 -0.068710 0.000271 
4.932144 2.651365 2.798773 1.058408 2.039586 0.451222 -0.617958 0.132834 0.018215 0.064655 0.281459 0.075378 
3.460003 1.808877 1.060042 0.610531 2.210014 1.387693 0.253219 0.902413 0.349796 0.488767 0.154907 -0.003738 
3.165257 1.241726 1.276292 -0.039520 0.703458 1.612006 1.054357 1.142252 0.274986 -0.107605 -0.058427 -0.000832 
3.358305 0.646176 1.456905 0.097005 2.298159 1.189471 1.571756 1.188636 0.008169 0.070167 0.110556 0.038285 
3.313358 0.848661 1.683042 -0.374370 1.157962 1.108424 0.866536 1.155110 0.240285 0.211654 0.267223 0.001732 
3.042897 0.791493 0.678616 -0.269749 1.293578 0.667622 0.447226 1.074629 0.192153 -0.048193 0.201350 -0.019028 
3.173422 0.814106 1.020255 -0.298477 1.399392 0.955564 1.326324 0.959840 0.465009 0.081866 0.169488 0.014643 
3.110272 0.157700 0.584420 -0.263920 0.743375 0.736092 0.921013 0.019372 -0.025557 0.161684 -0.026070 0.033797 
3.091924 1.015437 1.799273 -0.502540 0.583133 0.577215 0.756548 0.988621 0.407093 0.448855 0.267896 -0.000250 
-1.#IND00 -1.#IND00 -1.#IND00 -1.#IND00 -1.#IND00 -1.#IND00 -1.#IND00 -1.#IND00 -1.#IND00 -1.#IND00 -1.#IND00 -1.#IND00 
-1.#IND00 -1.#IND00 -1.#IND00 -1.#IND00 -1.#IND00 -1.#IND00 -1.#IND00 -1.#IND00 -1.#IND00 -1.#IND00 -1.#IND00 -1.#IND00 
