3.329395 0.097585 1.008615 -0.232603 1.130487 1.027202 0.015210 1.242468 0.119109 0.043861 0.272890 0.015931 
3.261002 0.431363 1.020960 -0.613790 1.103079 0.060539 0.822705 1.388478 0.166478 -0.001219 0.040302 -0.019085 
3.362603 0.565447 0.907328 -0.320896 0.783713 1.134677 0.691529 0.477238 0.486909 0.418710 0.310917 0.042878 
3.334897 0.454158 0.859302 -0.282909 1.519322 2.059699 1.046530 1.408263 0.305925 0.039034 0.308598 0.019962 
3.585159 -0.625915 0.543989 -0.071311 1.207527 -0.014289 0.255232 0.663700 1.017678 0.623294 -0.038627 -0.043007 
3.297062 -0.214232 0.277600 -0.568696 1.304480 0.088498 -0.437362 -0.006241 0.804112 0.571167 0.020345 -0.039231 
3.084934 0.371522 0.748067 -0.686308 0.860117 0.274776 0.204685 0.894826 0.247614 0.482328 0.154297 -0.014170 
0.453948 -1.583657 -0.692093 -1.168436 4.233642 2.090159 -1.392323 -1.754835 -1.412452 0.061868 -0.122548 -0.073507 
3.114049 0.767521 0.783557 -0.591545 1.758879 0.244297 1.123389 0.589379 0.197112 0.301656 0.274700 0.057652 
3.137596 0.524152 0.965247 -0.358704 1.093311 1.234705 0.471335 0.461446 0.198612 0.285128 0.161541 0.013533 
3.092872 0.308227 0.938778 -0.570664 0.609041 1.312819 0.000159 0.776139 -0.165397 0.230679 -0.002364 -0.070721 
3.322570 0.478214 0.852023 -0.124787 1.259543 0.468315 1.021474 0.732529 0.346973 0.175824 0.042128 0.010746 
3.534927 0.870977 0.774339 -0.279933 1.315484 0.418342 -0.271511 -0.074938 0.244329 0.057793 0.071691 0.003000 
3.384022 0.025983 0.543898 -0.155471 0.911389 0.819974 0.276748 0.541752 0.690048 0.273431 0.098460 -0.045145 
2.951429 0.826641 1.187360 -0.451802 1.369228 1.373748 0.636622 0.739219 0.527534 0.301946 0.139259 -0.036253 
3.407376 -0.088495 0.672377 -0.207462 0.716586 0.023965 0.705316 0.128612 0.056304 -0.027247 0.181398 0.074856 
3.492033 0.454629 1.406068 -0.369801 0.462102 -0.309014 -0.077890 0.033279 -0.412698 0.019056 -0.040056 -0.009679 
2.728752 0.960453 0.926966 -0.994112 0.062390 -0.686318 0.045748 -0.695288 -0.347386 0.784583 0.182277 0.071397 
1.123314 0.989472 -0.245101 -1.118991 1.328654 -0.203829 0.491375 -0.736258 -0.046749 0.744124 -0.082162 0.239232 
0.548135 1.490285 0.502211 -1.712344 1.138977 -2.223564 0.607766 -1.188446 -1.015781 0.620686 -0.240055 0.137760 
0.069071 1.129531 -0.013371 -1.887078 0.274006 -2.018156 0.298042 -0.848333 -0.313175 0.387692 -0.285104 0.198143 
0.529372 1.051868 0.337295 -2.209675 0.499107 -2.079918 -0.390530 -0.826564 -0.197622 0.429794 -0.253768 0.140256 
-0.245908 1.201955 0.143641 -1.256063 0.787379 -2.650162 0.078634 -0.472173 -0.536792 0.326293 -0.224476 0.216127 
0.894747 1.926380 1.435627 -0.809253 0.508997 -1.177104 -0.137117 -0.025751 -0.189848 -0.057416 -0.130080 0.077440 
1.153124 0.509882 1.639641 1.979947 1.117245 0.638233 0.795150 0.599824 0.426926 -0.085611 -0.286389 -0.002913 
1.060311 1.058174 1.427809 1.669546 0.518991 1.485283 0.589223 -0.543870 -0.007466 -0.123967 -0.145625 -0.032214 
0.912035 1.161542 1.666908 2.460439 1.356516 1.171120 -0.106242 -0.043123 -0.848514 -0.114880 -0.111019 0.021433 
1.053242 1.463065 1.809860 1.692578 0.540221 0.662254 0.613977 -0.325647 -0.036695 -0.240348 -0.165813 -0.021524 
0.904815 1.519548 1.304317 1.928441 0.772366 0.816808 0.542334 -0.209790 0.192134 -0.220031 -0.019220 -0.059147 
0.785086 1.611707 1.902494 1.366618 1.074425 1.070223 0.995491 0.411021 -0.253621 -0.331316 -0.233835 0.018946 
0.915366 0.643366 1.392626 1.606014 2.065059 1.302639 0.476632 0.710171 0.049157 -0.510270 0.039329 -0.041979 
0.840297 1.104279 1.567001 1.471450 1.294773 1.445380 0.736240 -0.020477 0.377275 -0.113306 -0.254369 -0.020024 
0.625559 1.579614 1.189513 1.462570 2.278560 0.785007 0.724278 0.564578 -0.064479 -0.015317 -0.035044 -0.061316 
1.042934 1.073081 0.993030 1.807061 1.502907 0.752110 1.055117 0.339324 -0.055704 -0.280087 0.067276 -0.076228 
1.085839 1.224192 1.261147 1.657675 1.036889 1.603660 0.947877 0.638349 0.181161 -0.125634 -0.257716 0.010254 
1.149400 0.449522 1.720907 1.282806 1.533294 1.792824 1.413650 -0.164030 0.807419 -0.076856 -0.005135 0.015320 
1.489486 1.618922 0.427652 2.511948 1.344094 0.295059 -0.272881 -0.500431 -0.195826 -0.417677 -0.000817 0.044600 
1.247560 2.351264 0.802604 1.250541 0.488734 -0.245219 -0.495966 -0.124497 -0.970599 0.358693 0.128529 0.047553 
1.765653 1.731399 0.848592 0.174980 1.450577 0.222992 0.448125 -0.010744 0.489041 0.106168 0.497573 -0.017687 
4.504623 0.499947 2.217018 2.063762 -0.830823 -0.319457 1.114681 -1.064476 0.091554 0.466018 0.435060 0.098607 
6.223962 3.334991 1.380456 -0.348100 0.520422 0.863771 0.398182 0.386426 0.222325 -0.140384 0.254615 0.169515 
3.766945 2.840169 2.213779 1.715904 1.214210 0.708370 0.501769 0.297460 0.245830 0.216242 0.534780 0.110318 
3.572170 0.617479 1.486517 0.106866 1.414176 1.122552 1.607924 1.213532 0.229383 -0.384383 -0.063505 0.027232 
3.279657 1.599804 1.721136 0.732077 1.487562 1.997285 1.605317 0.997561 0.687448 0.440420 0.154347 0.033881 
3.224163 1.646636 1.888855 0.831066 2.227138 2.504270 0.982700 1.178635 0.369344 0.405001 0.145391 0.021600 
3.406081 0.566257 1.156713 -1.294352 1.990000 1.152523 0.359717 0.827533 0.603301 0.066148 0.201622 -0.016017 
3.629762 0.452198 1.099865 0.040371 1.297304 0.920885 0.277808 0.832567 0.689407 0.041814 0.106686 0.023719 
3.534924 0.828778 1.302874 -0.091338 0.920597 0.776847 0.779767 0.814119 0.458193 0.156860 0.227637 0.052221 
-1.#IND00 -1.#IND00 -1.#IND00 -1.#IND00 -1.#IND00 -1.#IND00 -1.#IND00 -1.#IND00 -1.#IND00 -1.#IND00 -1.#IND00 -1.#IND00 
-1.#IND00 -1.#IND00 -1.#IND00 -1.#IND00 -1.#IND00 -1.#IND00 -1.#IND00 -1.#IND00 -1.#IND00 -1.#IND00 -1.#IND00 -1.#IND00 
