3.375758 0.199236 1.371107 0.123597 2.187691 1.771203 0.812908 1.889621 0.610083 0.149508 0.241383 -0.003314 
3.395817 0.764916 0.634594 -0.571957 1.225839 1.558459 0.739879 1.022807 0.752733 -0.070594 0.153794 0.006481 
3.124259 0.920235 1.502958 -0.430663 1.915427 0.562304 1.032926 0.553809 0.786995 0.348271 0.031970 0.016753 
3.401189 0.591780 1.013041 0.229793 1.289687 0.917706 1.455054 1.129602 0.809838 0.100983 0.032703 0.002127 
3.323773 0.532473 0.941649 0.476256 1.633765 1.125629 0.553883 0.673826 0.648669 0.284152 0.043325 -0.004177 
3.093396 0.874165 1.378056 -0.140102 1.603835 1.685281 0.525486 1.105020 0.543827 0.268448 -0.021766 -0.026726 
3.189634 0.482905 0.726024 -0.036624 1.677679 1.539474 1.197074 1.147025 0.213580 0.175554 0.133027 -0.006760 
3.303468 0.483676 1.008737 -0.305733 1.697837 0.901220 0.196972 0.944124 0.979923 0.625980 0.261634 -0.032351 
3.338658 0.481113 0.845013 -0.344082 1.148349 0.921436 0.982678 1.201846 0.144539 0.177742 0.026693 -0.026096 
3.360417 0.576443 0.960581 -0.289185 1.132572 1.283463 1.123967 0.601088 0.199391 0.539457 0.333563 0.037299 
3.373872 0.152129 0.623726 -0.422531 1.176686 0.540584 0.213400 1.233937 0.755481 0.036834 0.023779 0.008105 
3.130903 0.336481 0.904483 -0.169044 1.533334 0.639119 0.197860 1.012622 0.556481 0.137807 0.133116 0.023818 
3.121810 0.649446 1.125495 0.053390 2.024925 0.971042 1.255942 1.383798 0.606801 0.605842 -0.014786 -0.053171 
3.231536 0.360166 1.169739 -0.442951 1.367303 1.091780 1.149212 1.108982 0.333375 0.294662 0.135884 -0.015008 
3.517569 0.738359 1.343558 -0.054197 1.293754 1.582957 0.921729 0.609531 0.541120 0.566586 0.134402 -0.002579 
3.343943 -0.171550 2.042544 -0.780494 0.104869 2.100761 0.913214 -0.571637 0.097337 0.240089 -0.073260 0.070151 
2.832928 -0.228038 4.627609 -1.201089 -0.078990 1.799769 -0.050745 0.084819 1.082721 -0.095233 -0.109048 0.159789 
0.140646 -0.633178 2.726392 0.783350 0.000690 -0.098573 0.146226 -0.382749 -0.713748 2.035625 -0.211928 -0.020795 
-0.346752 -1.083850 0.995322 0.432433 -0.630720 -0.209202 2.105041 -0.519809 -0.223633 1.274479 -0.072390 -0.090396 
0.174736 -1.501177 1.505693 0.232914 -1.615026 -0.162456 0.854777 -1.176332 -0.499844 0.744538 -0.121311 -0.101454 
0.186711 -1.611361 1.229281 0.656068 -1.257852 -1.490197 1.379405 -0.087157 -0.179881 -0.077053 0.243079 0.245895 
-0.090150 -1.209522 1.962483 -0.278531 -2.446983 -1.213594 0.549418 -0.090275 -0.282608 -0.450343 -0.195176 0.225174 
0.942927 0.370921 1.426807 -0.870279 -1.361015 -0.081675 -2.115976 -1.234517 0.122490 -0.118278 -0.439055 0.114007 
0.789762 1.217588 0.845106 1.693545 1.391592 1.493456 0.674500 -0.400832 0.457662 -0.396847 0.110593 -0.055191 
1.165832 1.390312 1.456220 0.966786 1.832220 1.208362 0.592153 0.332359 -0.305387 0.133887 -0.087097 -0.017613 
0.823222 1.540641 1.677163 2.045358 0.518814 0.326046 0.531992 -0.060454 -0.178688 -0.529078 0.066096 -0.016310 
1.119809 1.506455 1.679676 1.396918 0.658210 0.139168 0.280235 -0.259317 -0.360393 -0.186627 -0.144988 -0.042132 
1.148567 1.693639 1.841406 2.115462 -0.547698 0.927037 0.183427 0.094861 -0.388240 -0.454889 -0.085555 -0.039307 
0.849907 1.089351 1.892639 1.914990 1.610848 1.294629 0.141179 -0.318583 -0.233106 -0.421443 -0.049006 -0.012810 
1.154736 1.507779 0.804437 1.443346 1.671239 0.770722 0.156570 -0.098429 0.704001 -0.221209 -0.112467 -0.037457 
0.842406 1.043244 1.917379 2.271139 1.619697 0.740015 0.137527 0.149350 0.101498 -0.344266 -0.090494 0.013869 
0.796587 1.149486 1.478653 1.478960 1.553175 1.230030 1.475410 0.290735 -0.464354 -0.299771 0.028239 -0.002935 
0.584245 1.051508 1.100405 1.058653 2.076870 1.617048 0.586771 0.947874 -0.274040 0.140719 0.017264 -0.106392 
0.773407 1.478343 1.516923 1.243323 0.959289 1.437355 0.402601 0.751364 0.681922 -0.007451 -0.104950 -0.059556 
1.241892 0.871866 1.606234 1.641038 1.519515 0.304643 1.117106 0.995183 0.328151 0.119628 -0.013013 -0.063391 
0.794959 1.407747 1.703687 1.285290 1.668628 1.133023 0.677790 0.411302 0.093266 0.407316 -0.009378 -0.054846 
3.364771 0.313285 1.338088 1.355496 0.235667 0.644852 0.520894 0.530111 0.340378 0.297192 0.150289 0.000423 
1.627569 0.938824 1.345840 0.506945 0.303614 -0.801412 0.278574 0.033737 -0.097917 0.253790 0.051460 0.033934 
5.030445 0.480679 0.192873 0.773740 1.327494 1.273252 -0.327009 0.854273 0.941494 0.355143 0.071909 -0.005496 
4.763294 2.528312 0.880647 0.639798 0.685529 0.502530 0.246766 0.303134 0.154005 -0.307206 0.148042 0.086928 
3.615343 2.814530 2.452726 1.761025 2.684493 1.490095 0.496866 0.389757 0.295158 0.127228 -0.093336 -0.023201 
4.860235 2.717870 2.473011 1.126301 1.741698 0.854960 0.854553 1.047140 0.644111 0.663030 0.209424 0.036367 
3.447856 0.912248 0.906888 0.902307 2.433861 1.107595 0.919877 1.000809 0.320042 0.228323 0.142185 0.027887 
3.937653 0.424652 1.021878 0.023206 1.897515 1.880486 1.622946 1.529443 0.173847 0.213074 0.296622 0.021106 
3.549605 0.851917 1.886933 -0.217438 1.173549 1.444034 1.645143 1.250286 0.181334 0.396118 0.090104 -0.019153 
3.262347 0.960155 1.275946 -0.354049 1.170540 1.185805 1.175550 1.513133 0.491402 -0.141926 0.007721 -0.025584 
3.039337 0.935314 0.996033 -0.299702 0.377579 0.388456 0.754487 1.335405 0.278197 -0.238179 0.087704 0.027478 
3.221125 0.216081 0.833956 -0.994493 0.894133 1.362157 0.663756 1.027269 0.428293 -0.109518 0.156200 -0.017619 
-1.#IND00 -1.#IND00 -1.#IND00 -1.#IND00 -1.#IND00 -1.#IND00 -1.#IND00 -1.#IND00 -1.#IND00 -1.#IND00 -1.#IND00 -1.#IND00 
-1.#IND00 -1.#IND00 -1.#IND00 -1.#IND00 -1.#IND00 -1.#IND00 -1.#IND00 -1.#IND00 -1.#IND00 -1.#IND00 -1.#IND00 -1.#IND00 
