3.273439 0.405865 0.578190 -0.905060 0.625188 0.878673 0.188941 0.814707 0.216788 0.140483 0.216903 0.017035 
3.109410 0.492856 0.655362 -0.047352 0.623004 0.926795 0.645064 0.981571 0.414136 -0.159427 0.121569 0.013693 
3.137912 0.301503 0.970371 -0.648437 0.672606 1.118831 1.585300 0.378948 0.375107 0.121333 -0.081436 0.007974 
3.208193 -0.031579 0.943949 -0.667629 1.075549 0.592866 0.527940 1.370579 0.375105 0.192574 0.171033 -0.033570 
3.347446 0.985640 0.558302 -0.937483 0.866315 0.960459 1.031208 0.886394 0.360561 -0.070595 0.072962 0.011244 
3.126016 0.747575 1.196914 -0.465147 1.349233 1.120468 1.276703 1.099930 0.179037 0.468728 0.247231 0.002817 
3.355843 0.696281 1.295407 -0.391471 0.656191 1.210055 0.503024 0.672997 0.499967 0.493722 0.193713 -0.003366 
3.128207 0.531006 0.979714 -0.947865 1.629388 1.458754 0.901676 1.239912 0.526877 0.312553 0.087687 -0.033528 
3.230347 0.710137 0.522255 -0.031495 0.835308 0.864013 0.149960 0.761122 0.075137 0.316512 -0.044960 -0.022986 
3.104020 0.321938 0.832059 -0.553302 1.691208 1.303171 0.461177 1.187424 0.232571 -0.208289 0.011213 -0.020380 
3.119456 0.535164 0.550405 -0.508244 0.584086 0.641203 0.010185 1.353536 0.624283 -0.226176 -0.046665 -0.030701 
3.238738 0.415415 0.810605 -0.756940 1.075130 0.466685 0.929010 1.486813 -0.100271 0.018810 0.142414 -0.054450 
3.395630 0.825897 1.156956 -0.654798 0.234060 0.097301 0.297945 0.860089 0.433384 0.382656 -0.141485 -0.063110 
2.786405 1.229651 1.211725 -1.242585 1.876158 -0.598536 0.258657 1.058061 -0.461437 0.459181 -0.064719 -0.000864 
2.543402 0.989059 2.220810 -2.083283 1.652238 -0.097088 -0.618535 0.666090 0.272052 0.410633 0.073091 0.021987 
2.485822 0.355373 3.112168 -3.682433 0.740082 -0.011366 -1.242448 0.465949 0.281368 -0.214407 0.047195 0.081211 
0.580310 0.212891 2.902479 -0.704410 -0.168178 -0.947056 -1.332214 0.247654 0.937137 0.471467 -0.199355 0.321233 
0.979409 -0.082661 2.197909 -0.486751 -0.884393 -0.108509 -0.224623 -0.474914 0.640889 0.097770 0.054215 0.345900 
0.562911 0.231747 1.939682 -1.224179 -2.565629 0.104197 0.502014 -0.552029 0.873232 0.165835 -0.114881 0.113303 
0.594076 -0.543616 2.757894 -1.244137 -2.263514 -0.136056 0.408528 -0.233136 0.505828 0.054817 -0.246529 0.209354 
0.338965 -0.437250 2.228411 -1.907472 -1.021157 0.678793 -0.209718 -0.968177 0.714825 -0.313623 -0.391506 0.080255 
0.088918 0.107672 1.185230 -2.022162 -0.852057 0.248244 -1.623533 -0.742348 0.427889 0.053240 -0.154937 0.138097 
0.688973 0.683213 1.059081 -1.520585 0.103955 -0.923457 -1.577923 -0.062075 -0.812674 -0.107748 0.083930 0.071732 
1.062486 0.415620 1.797143 1.363721 2.087479 0.555307 0.899579 0.350686 0.085385 -0.215448 0.210809 -0.026335 
1.190557 1.328856 1.797497 1.955965 1.228443 0.828456 0.077332 0.227503 0.213864 0.151821 0.073157 -0.066506 
0.857935 1.952436 1.129127 2.132312 1.142167 0.529021 0.568108 -0.277275 -0.367678 -0.111526 -0.138314 -0.011340 
1.498116 0.873315 2.258785 1.299130 1.438967 0.225071 -0.528634 -0.177810 -0.258058 0.073064 0.148710 -0.137057 
1.002012 1.494378 2.012556 1.791300 0.775458 0.316604 -0.028353 -0.080338 -0.387687 -0.271959 0.007890 -0.074447 
1.274315 1.381021 1.517763 1.788762 1.054435 0.002411 1.110676 0.108908 -0.371527 -0.124277 -0.023066 -0.023839 
0.918773 1.316780 2.515860 1.293593 0.732194 1.321056 0.101001 0.273602 -0.056413 0.172744 -0.194564 -0.024161 
0.911860 1.307945 1.566226 1.051850 1.315898 2.008101 0.788631 -0.020195 -0.296681 -0.132882 -0.169899 -0.008531 
1.200748 0.944057 2.076325 2.103648 1.586938 0.511607 0.131418 -0.357661 0.005894 -0.162532 -0.068598 -0.061084 
0.968262 1.117037 1.577094 1.140332 1.252699 1.351471 0.966887 0.318666 0.196643 -0.347864 0.040698 -0.039812 
0.930440 1.044404 1.193529 2.172890 1.512654 1.009805 1.017895 0.363688 -0.214292 0.147647 -0.118978 0.002798 
1.242489 1.250882 1.248904 1.830784 1.197934 0.911155 0.494373 0.402091 0.346918 0.344761 0.052003 -0.056173 
1.164454 1.725653 1.592834 1.595628 0.591768 0.688885 -0.486708 -0.675214 -0.216392 -0.176898 0.027558 0.040659 
1.390252 1.502178 1.376609 0.874310 0.401368 -0.413443 0.371207 -0.243107 -0.212768 0.468515 0.376060 0.035549 
2.960107 0.019205 1.744194 1.319887 1.280570 -0.524274 -0.681811 1.664200 0.639300 0.336283 0.446870 0.002281 
3.882113 -0.052020 0.796001 0.912006 1.240838 -0.186620 0.746214 0.747499 0.135405 0.175069 0.136385 0.044334 
4.659912 2.901198 0.561559 0.281156 1.459350 0.244514 -0.200389 0.652219 0.165582 0.076067 0.346608 0.112783 
3.328974 2.818005 2.379726 2.008988 1.293051 0.583068 0.160341 0.340739 0.248784 0.230780 0.234947 0.043969 
2.792576 2.361959 1.914464 1.236703 1.093378 1.126265 0.744873 0.541886 0.420965 0.205706 0.002024 0.015303 
4.316063 2.230912 3.944694 3.448789 2.740948 1.812958 0.526974 2.571063 0.674044 0.076318 0.186187 0.069444 
3.494504 1.877574 2.482291 1.315555 2.554678 1.997004 2.007051 1.761034 0.232773 0.216992 0.109088 0.053371 
3.228510 1.553126 1.271293 0.794632 1.522602 1.199921 1.187773 1.896284 0.433814 0.085065 0.193919 0.023553 
2.876490 0.713096 1.168611 0.652061 1.065596 0.725505 0.314514 1.024247 0.508463 0.316919 0.145680 -0.005535 
3.378820 0.647657 0.852660 -0.124817 1.736862 1.002997 0.675464 1.190525 0.563974 0.421090 0.036967 -0.024890 
3.408482 0.160816 1.324825 -0.773604 1.925067 1.231702 0.652531 0.997957 0.648096 0.017094 0.234404 0.043980 
-1.#IND00 -1.#IND00 -1.#IND00 -1.#IND00 -1.#IND00 -1.#IND00 -1.#IND00 -1.#IND00 -1.#IND00 -1.#IND00 -1.#IND00 -1.#IND00 
-1.#IND00 -1.#IND00 -1.#IND00 -1.#IND00 -1.#IND00 -1.#IND00 -1.#IND00 -1.#IND00 -1.#IND00 -1.#IND00 -1.#IND00 -1.#IND00 
