5.537165 3.067190 1.194339 0.455310 -0.031099 -0.869893 -0.703348 0.544297 0.254245 0.261302 0.138914 0.064062 
4.265576 2.041855 2.097132 0.626339 0.939083 0.039708 -0.018745 0.954155 0.409784 0.092114 0.338101 0.088966 
3.241368 1.976662 1.930661 0.443156 1.220582 1.270476 1.261761 1.058625 0.351611 0.222991 0.343771 0.044982 
3.775537 1.240944 0.658608 0.380720 1.290873 1.134593 0.169534 -0.029645 0.033179 0.563606 0.538022 0.095345 
3.545727 0.788421 0.346412 -1.044722 1.266741 1.779318 1.204389 0.450355 0.004450 0.446060 0.214827 0.021873 
3.185804 0.778978 1.341094 -0.262475 0.592609 1.015858 0.713632 1.255601 0.049830 0.259442 0.189623 -0.042453 
3.466623 0.642261 0.656063 -0.007815 1.319235 1.360697 1.044289 0.437690 0.305901 0.259761 0.335426 0.021444 
3.117490 0.791138 1.022075 -0.588349 1.843064 1.709702 0.800249 0.940073 0.941864 0.339369 0.031613 -0.026227 
3.378198 0.582335 1.250325 -1.137599 2.050280 1.552418 0.968595 1.566690 0.496312 0.246458 0.107296 -0.044602 
3.027322 0.390373 0.984650 -0.267398 1.180919 0.970646 0.691487 0.924931 0.523449 0.004581 0.064186 0.014250 
3.237828 0.704876 1.156288 -0.302192 1.405775 1.504062 0.757393 1.565195 0.164328 0.081793 0.304557 -0.011960 
3.216885 0.676107 0.814961 -0.030520 1.256293 1.213411 0.932775 1.293801 0.896705 0.021458 0.137622 -0.025445 
3.053756 0.787770 0.476484 -0.716414 0.679384 1.390750 0.868173 0.885373 -0.048454 0.071451 -0.031237 -0.004383 
3.292057 0.982011 1.161540 -0.049932 1.598635 1.003501 1.234486 1.081473 0.278755 0.071700 0.250369 0.020399 
3.318805 0.389243 0.793583 -0.524847 1.628475 1.444707 1.758596 1.169453 0.208018 0.106657 -0.069614 -0.026046 
3.233346 0.801202 0.855222 -0.872221 1.146014 1.353558 0.945501 1.140336 0.033657 -0.209066 -0.001873 -0.016498 
3.670366 1.152740 1.866471 -0.707139 0.759515 0.323670 1.202703 0.614632 -0.123112 0.283945 0.128945 -0.008707 
3.393737 1.500112 1.248039 -1.235269 2.395609 -0.785662 0.258216 -0.022765 0.214131 0.195690 -0.179569 0.043730 
2.386236 2.543252 0.494974 -1.876883 3.478238 -2.194272 1.041999 -0.180451 -0.398592 0.510566 -0.264793 0.129158 
-0.020722 1.936337 1.459270 -1.131543 1.526739 -2.358253 -0.016212 -0.760791 0.075685 1.498551 0.210478 0.192274 
-0.019071 0.982732 0.468504 -1.603667 2.353639 -1.490290 -0.104333 -0.778821 -0.522507 1.079382 -0.153945 0.147644 
-0.185566 0.678107 0.960121 -1.860782 2.498636 -1.647462 0.653903 -0.343960 -0.742363 0.307578 -0.181786 0.154800 
-0.186139 0.767482 1.075149 -2.155327 2.145043 -1.636640 -0.206299 -0.075883 -0.617301 0.421993 0.054452 0.224075 
0.182828 1.004891 0.897792 -1.080506 3.176678 -1.596448 -0.495021 -0.440389 -1.188294 0.504949 -0.102071 0.180600 
0.716751 1.428929 1.517419 2.162226 2.042744 0.861169 0.119494 0.528271 -0.477190 0.091534 0.053751 -0.053695 
1.094835 1.187265 1.417146 0.905778 1.588334 0.272828 1.655370 0.043076 -0.429362 -0.190900 0.090568 -0.072194 
1.201694 1.248948 1.945947 1.619469 0.614123 0.718341 0.103986 0.014130 -0.210470 0.020859 -0.235099 -0.035628 
1.196357 1.358800 1.933885 1.103710 1.622964 1.356289 0.540086 -0.334071 -0.537792 -0.218933 -0.234600 0.046306 
1.008810 0.978483 2.361789 1.654944 1.897751 0.736804 0.110287 -0.651900 -0.217716 -0.679594 0.127103 -0.032786 
0.948761 1.590462 1.631564 1.424866 1.276980 0.323448 0.974557 0.274658 0.263476 -0.250939 -0.229968 -0.002179 
1.297755 1.345411 1.582475 1.091425 0.679638 1.125942 0.152589 -0.045387 0.757265 -0.113700 -0.177646 -0.051223 
0.847153 1.541953 1.737436 1.726518 1.352352 0.930816 0.277782 -0.089896 -0.042317 -0.333281 -0.147426 -0.007438 
0.968345 1.124533 1.860845 1.587302 1.105167 1.176905 0.855496 0.097419 -0.103124 -0.427577 0.070362 -0.034601 
0.914739 1.422719 1.815725 1.220941 1.521894 0.862078 0.650229 -0.118927 0.463534 0.161392 0.085368 -0.106816 
1.029281 1.755202 0.998131 1.148693 1.647608 1.377475 0.386984 0.072947 0.427217 0.014771 -0.041056 -0.045093 
0.897114 2.012312 2.774180 1.523615 0.141683 0.557846 -0.160214 -0.485464 0.299251 -0.007876 0.128052 -0.016579 
1.761591 1.892721 0.834707 0.117859 0.873671 -1.204539 -0.302677 -0.437217 0.278398 -0.259427 0.234278 0.047465 
2.268303 0.908347 0.595716 1.147256 0.234094 0.760058 1.446863 0.708479 0.159333 0.280762 -0.027039 -0.042271 
4.142408 1.800493 1.716727 1.500767 0.453637 -0.428766 -0.155379 0.280317 0.695615 0.338145 0.117769 0.036046 
4.748184 1.697892 0.690351 1.104514 0.504173 0.222031 0.507699 0.694394 0.858567 0.411019 -0.026937 -0.033444 
5.431945 2.995420 3.307525 2.481678 2.199858 1.145762 -0.277812 0.729717 0.339505 0.383261 0.189576 0.034381 
3.681865 0.960611 1.811954 -0.503279 1.971156 1.666751 0.842217 0.884264 0.145061 0.287268 0.362173 0.033666 
3.692098 1.287705 1.597851 0.110422 2.054028 1.682975 0.587192 1.148159 0.753448 0.557704 0.421563 0.023293 
3.509556 0.909931 1.454323 -0.154163 2.038507 0.596750 1.054200 0.910079 0.682631 0.435181 0.364982 0.059084 
3.528686 1.111532 1.636135 0.047710 1.217442 0.711293 1.139411 1.188558 0.299431 0.451064 0.232099 0.009792 
3.285360 0.842050 0.971685 -0.024802 1.335359 1.517496 0.476274 1.014974 0.249024 0.226156 -0.013229 -0.026660 
3.328425 0.630126 0.824667 -0.104955 1.198521 1.598850 0.868638 0.702697 0.375415 0.140506 0.107743 0.009297 
3.177504 0.785103 0.482667 -0.143755 0.748967 0.886207 0.309762 0.406881 0.822614 0.058187 0.232446 0.034509 
-1.#IND00 -1.#IND00 -1.#IND00 -1.#IND00 -1.#IND00 -1.#IND00 -1.#IND00 -1.#IND00 -1.#IND00 -1.#IND00 -1.#IND00 -1.#IND00 
-1.#IND00 -1.#IND00 -1.#IND00 -1.#IND00 -1.#IND00 -1.#IND00 -1.#IND00 -1.#IND00 -1.#IND00 -1.#IND00 -1.#IND00 -1.#IND00 
