3.307258 0.334956 0.799217 -0.114654 1.202411 0.834639 0.116481 0.017275 0.221030 0.281577 0.451270 0.078195 
3.148892 0.435114 1.269329 -1.376567 1.206486 1.501435 1.346440 0.510812 0.162151 0.420159 0.261878 0.023368 
3.245732 0.560880 0.525735 -0.176029 0.900951 1.091752 1.048754 0.923363 0.479148 -0.132904 0.062864 0.023187 
3.132188 0.148273 1.293698 -0.705655 0.822913 0.233709 0.686772 0.714978 0.509008 0.301369 0.220095 0.026919 
3.058189 0.473757 0.932860 -0.514708 1.342422 0.891627 0.557845 1.332717 0.682305 0.222954 -0.023153 -0.068523 
3.281920 -0.154647 0.384571 -0.614369 2.104786 0.535537 1.014981 1.298797 0.557818 0.437389 0.223280 -0.005580 
3.054686 0.273075 0.929457 -0.916063 1.382524 1.030894 0.531268 0.742126 0.215104 0.384590 0.399165 0.015213 
3.024308 0.175079 0.603067 -1.059529 0.885663 0.270841 0.392797 0.788343 0.144076 0.297437 0.074667 -0.013820 
3.286646 0.290193 0.566723 -0.412046 1.225528 0.071167 0.454527 0.749767 0.369393 0.050805 0.052805 0.008130 
3.315195 0.761443 1.385509 -0.453590 0.843193 0.657304 0.679131 0.737204 0.484969 0.466022 0.053114 0.003211 
3.061846 0.152230 0.910914 -0.715679 0.443420 1.099039 0.635120 0.525653 0.037909 -0.147505 0.363567 0.078369 
3.031761 0.504440 1.295800 -0.392642 0.914834 1.469171 1.143487 0.522401 0.681659 0.432191 0.096871 -0.021985 
3.286397 0.668256 0.707036 -0.703477 1.202159 0.925673 0.393983 0.958944 0.483836 0.065631 0.128668 -0.012291 
3.119016 0.229782 0.553564 -0.818296 1.031041 0.348739 0.715663 1.117491 0.756621 0.003270 0.141143 0.010286 
3.151906 0.701521 0.868627 -0.245665 0.861325 0.473574 0.427207 0.304955 0.485889 0.671101 0.161213 -0.003116 
3.083323 0.780707 1.086180 0.180860 0.899716 1.196575 0.336499 0.594993 0.386714 0.157144 0.202014 0.016734 
3.109809 0.593233 0.330226 -1.490038 0.920191 -0.185510 0.393282 0.096360 0.081020 0.602798 -0.050641 0.040282 
2.749542 1.417598 1.459408 -1.302126 1.839830 -0.949561 0.658366 -0.017139 0.017520 0.676628 -0.003373 0.139075 
1.309138 0.524774 0.965631 -2.640925 1.758803 -1.751742 -0.313051 1.488684 -0.609554 0.609008 0.229911 -0.013561 
0.353551 0.426842 1.818344 -2.449393 0.115780 -0.565746 -1.423763 1.336497 0.008498 -0.249157 0.097179 -0.020368 
0.078200 0.114316 1.284719 -2.246243 -0.245832 -0.377326 -1.869301 0.568118 -0.239095 -0.398900 0.260364 0.069181 
0.232333 -0.287757 1.403817 -2.321692 -0.252264 -0.760340 -0.922220 0.502981 -0.278397 -0.845616 0.331725 0.048708 
0.121208 0.621159 1.990141 -1.986262 -0.007186 -0.834978 -0.999466 0.501002 -0.626923 -0.088506 0.104391 -0.091077 
0.174258 0.660758 1.422351 -1.820660 1.157442 -2.240777 -0.515884 -0.316002 -1.006429 0.037588 -0.030067 0.050051 
0.830546 2.211180 0.966859 1.380063 1.165788 1.774675 2.190176 0.195587 -0.496865 0.467705 -0.179163 0.025245 
0.830428 1.441433 1.189029 1.388283 1.830104 0.638510 0.596606 -0.004599 -0.383163 -0.079425 -0.062513 -0.051496 
0.877041 1.461223 1.340629 1.826618 1.156254 0.666881 0.748808 0.210183 -0.347146 -0.414229 -0.178011 -0.006831 
0.863511 1.611702 1.946512 0.575561 2.125588 0.623125 0.480987 0.430374 -0.181703 0.066371 -0.241806 -0.013097 
0.713408 0.931495 1.821746 1.720672 1.518424 1.062291 1.267405 0.642636 -0.264290 -0.119657 -0.148341 0.006964 
0.766906 1.460935 1.245987 2.072017 1.178821 1.591522 0.251508 0.590098 0.376891 -0.106378 -0.052857 -0.037617 
0.897651 1.221779 0.847393 1.474347 2.344712 0.886253 1.258848 0.549933 0.126427 -0.045556 -0.105834 -0.030096 
0.662223 1.357683 1.909504 1.086115 1.597584 0.652720 0.655292 0.161834 0.424151 0.313034 -0.037839 -0.104429 
0.810959 1.368734 1.794722 1.597168 0.936775 1.022924 0.657809 -0.230739 -0.219383 0.107340 0.205915 -0.161555 
0.971647 1.488018 1.249162 1.977314 0.957796 0.714769 0.695444 0.354420 0.238744 0.261224 -0.053878 -0.082315 
1.247478 1.315507 1.852297 1.488024 -0.055940 0.824027 0.466862 0.729613 0.280359 -0.262289 0.010401 -0.032575 
1.732810 0.783522 1.912824 0.294427 -0.267446 0.463287 -0.438796 0.863709 -0.620129 -0.273433 -0.089725 0.094029 
0.968954 1.663586 1.348378 0.257776 -0.101054 -0.776557 -0.570388 -0.717779 -0.166890 0.546238 0.548417 0.062219 
2.585538 0.440582 1.520050 0.524012 1.028010 0.144519 0.127357 0.302405 0.336979 0.464310 0.255816 0.026361 
4.226674 -0.252546 0.982445 0.256556 0.221495 1.982188 0.421190 0.226884 0.155077 0.392231 0.193585 0.003954 
5.058390 3.461767 1.598904 0.684095 0.622217 0.504199 0.604925 0.815457 0.435669 0.320638 0.200484 0.053590 
7.135239 2.557153 1.419556 0.725323 0.607098 0.764646 0.481459 0.916893 0.004897 -0.023119 0.229470 0.140338 
3.085347 2.439393 1.944806 0.949884 0.117791 0.236651 0.202782 -0.125306 0.163374 0.460065 0.363429 0.054074 
2.645486 1.885879 1.780650 1.675063 1.064172 0.975088 0.996193 0.804988 0.409221 0.107509 0.022009 0.021365 
3.483599 1.820332 1.718761 1.195045 1.486356 1.400543 0.778406 1.067868 0.787527 0.061725 0.473504 0.079633 
3.366865 1.686837 1.440454 0.494977 2.124193 1.960178 1.210182 1.064389 0.449688 0.725028 0.064802 0.007956 
3.223441 1.100675 0.942512 0.167804 1.552564 1.550216 -0.006943 1.057467 0.310959 0.436909 0.144371 -0.023933 
3.609346 0.809599 0.894522 -0.563939 1.822695 1.333826 0.910439 1.409885 0.837027 0.234279 0.172079 -0.002437 
3.507908 0.809182 1.228162 0.111003 1.339621 0.758196 0.317517 0.392936 0.482249 0.203087 0.124797 0.045126 
-1.#IND00 -1.#IND00 -1.#IND00 -1.#IND00 -1.#IND00 -1.#IND00 -1.#IND00 -1.#IND00 -1.#IND00 -1.#IND00 -1.#IND00 -1.#IND00 
-1.#IND00 -1.#IND00 -1.#IND00 -1.#IND00 -1.#IND00 -1.#IND00 -1.#IND00 -1.#IND00 -1.#IND00 -1.#IND00 -1.#IND00 -1.#IND00 
