3.286501 0.655436 1.024096 -0.488266 1.642503 1.119848 1.798943 1.022715 0.639141 0.209178 -0.014096 0.016624 
3.499441 0.404423 1.117126 0.105053 1.000065 0.867775 0.952051 0.596728 0.439223 0.066458 0.202696 0.036568 
3.534428 0.581788 1.393057 -0.422398 1.947443 1.049044 0.456143 0.536379 0.203707 0.046098 0.326426 0.063814 
3.649680 0.674853 1.412337 0.109371 1.246662 1.007057 1.156357 0.821134 0.534129 0.413212 0.167632 0.012152 
3.127489 0.803870 1.241955 -0.546638 1.042234 0.778294 1.015221 0.982510 0.194661 0.320025 0.021160 -0.043030 
3.295113 0.806691 0.826124 -0.551184 0.320778 0.564110 0.000204 1.114470 0.317870 0.204483 0.021984 -0.038594 
3.011704 0.118787 0.719694 -0.264222 0.943273 0.243196 0.035003 0.561412 0.367555 0.249835 0.209094 -0.001345 
3.551896 0.041263 0.571403 -0.516513 0.875421 0.586161 0.487649 0.257332 0.253575 0.162664 0.001510 -0.013137 
3.259548 0.662520 1.233575 -0.098751 1.091369 0.364623 0.329783 0.769018 0.209265 0.440126 0.147190 -0.025020 
3.464597 0.841496 1.121903 -0.108701 1.401342 1.160349 0.898884 0.610988 0.113159 0.178528 0.262229 0.049432 
3.361057 1.289407 1.215232 -0.478923 1.086674 0.419152 0.522009 0.525517 0.396871 0.043886 0.152877 0.046819 
3.412077 1.094672 1.272584 -0.579363 1.075350 0.495875 0.063572 0.575614 -0.178943 0.010879 -0.103016 -0.007923 
3.065204 1.041632 0.857208 -1.345256 1.081473 -1.773603 1.697638 0.201708 -0.308492 0.356058 0.053205 0.131902 
0.399854 1.878578 1.715092 -1.198568 1.892804 -1.979623 -0.864712 -0.083700 -0.557123 1.062928 -0.045342 0.210536 
-0.195638 0.890685 1.778226 -2.495283 1.977407 -2.094513 -0.766976 0.789206 -0.284854 0.953772 0.228744 0.141087 
-0.362303 0.420169 2.545715 -2.396951 1.419705 -0.070416 -1.234837 0.413185 0.310771 -0.175143 0.073454 0.154853 
-0.585385 -0.170165 4.139782 -1.139722 0.257105 0.306310 -0.976341 -0.935926 0.397373 0.256242 0.258521 0.152937 
-0.225925 -0.005219 2.080838 -0.760948 0.142734 1.557333 -1.004757 -0.863118 1.438937 -0.534423 0.244487 0.069657 
-0.256622 -0.335233 1.297411 -1.149486 -0.257030 1.190945 -1.772584 0.816642 0.540585 -0.793134 0.097389 -0.028194 
-0.638229 0.252097 1.971053 -2.285761 0.960316 -0.724018 -0.340783 1.114760 -0.717139 0.257704 0.185681 0.021436 
0.898819 1.176237 2.904058 -0.304076 0.894343 -0.544067 -0.386443 0.209131 0.279461 0.356179 0.037194 0.008897 
0.859237 1.362817 1.526264 1.588652 1.848611 0.561598 0.323935 0.549753 -0.242461 0.096223 -0.181279 -0.001494 
1.018049 1.050034 2.053928 1.669789 0.889352 0.641457 0.156095 0.438383 0.055983 -0.128111 -0.194335 -0.015748 
1.105580 1.400120 1.447396 1.616690 0.834890 0.964181 0.769799 0.690995 -0.403228 -0.293241 -0.104924 0.004610 
0.958013 0.969612 1.861420 1.563939 1.608136 1.746703 -0.212379 0.375625 -0.262198 -0.077524 -0.118641 -0.015008 
0.791561 1.672050 2.198005 0.958490 0.489400 1.075086 0.552782 0.840020 -0.100575 0.339414 -0.158006 -0.081478 
0.895543 1.791833 1.336515 1.384387 0.212745 0.358726 1.630881 0.601436 0.309170 -0.122353 -0.178182 -0.064962 
0.912418 1.124752 1.212846 1.582407 1.871792 1.076009 0.100553 0.309171 -0.211869 0.180312 -0.052380 -0.094089 
0.993146 0.838480 1.860240 1.910485 1.903057 0.845948 0.675082 -0.628619 0.184983 -0.193946 -0.060447 -0.069998 
0.870649 1.269799 1.396441 1.612740 1.200489 1.007006 0.601401 0.986015 0.057254 -0.360815 -0.012245 -0.042213 
1.048970 1.283825 0.943244 2.172630 0.873807 0.890723 0.740661 1.173637 -0.048447 0.083965 -0.017763 -0.036338 
0.623696 1.268825 2.258315 0.327406 2.089714 1.234529 1.006720 0.649709 0.270451 -0.029707 0.014681 -0.023361 
0.847966 1.759082 1.345101 1.027686 1.841947 0.401241 -0.294586 -0.255121 0.274476 -0.062718 0.006796 -0.000418 
1.536327 1.728526 0.877841 0.965931 -0.422520 0.143552 -1.186675 -0.378306 0.843565 0.358065 0.521078 0.035767 
2.039472 1.024799 1.816403 0.443341 -0.463932 1.085434 -0.260839 -0.186562 1.334321 -0.111276 0.072369 0.098646 
3.575993 0.191705 1.138333 0.632939 0.615011 0.405341 0.358306 -0.064681 0.397096 0.659964 0.244448 0.033673 
4.248900 -0.034816 1.827180 0.068395 1.340187 2.027650 0.246239 0.116215 0.292011 0.050944 0.281845 0.082324 
3.242614 2.535509 1.915951 1.445324 0.660649 0.401022 0.019448 0.132820 0.337087 0.318467 0.165756 0.024355 
4.134740 2.310505 2.697564 1.306304 1.866189 1.055898 0.950521 1.116234 0.363283 0.736668 0.130394 0.006936 
3.662480 1.650495 2.098891 0.860716 2.445992 1.934163 2.177234 0.883465 0.313633 0.519347 0.148549 0.058288 
3.828423 1.567823 1.370550 0.359969 2.165128 1.456092 0.960788 1.592532 0.537335 0.263716 0.376322 0.049649 
3.458956 0.704564 1.561917 -0.077606 1.820572 1.413114 0.916419 1.310391 0.605410 0.482903 0.242524 -0.010640 
3.375397 0.574643 1.229024 -0.592300 1.260911 1.117377 0.799076 0.269420 0.225177 0.033665 -0.106322 0.022256 
3.105229 0.841689 0.723347 -0.999831 1.605722 1.304597 0.660683 1.176344 0.384880 0.217266 0.056065 -0.046632 
3.281920 0.571896 1.180079 0.105000 1.044832 1.140146 1.123423 0.687112 0.606697 0.022923 0.111286 0.040189 
3.259887 0.320214 1.167473 -0.365620 1.259712 0.188662 0.535866 1.152258 0.472999 0.421554 0.129497 -0.013189 
3.426199 0.735303 0.785029 -0.948215 1.567325 0.872603 0.049740 1.401187 0.151340 -0.169398 0.134771 -0.018386 
3.118287 0.435297 0.634587 0.230402 2.209382 1.160507 0.675286 1.000796 0.343538 -0.062815 0.272150 0.006175 
-1.#IND00 -1.#IND00 -1.#IND00 -1.#IND00 -1.#IND00 -1.#IND00 -1.#IND00 -1.#IND00 -1.#IND00 -1.#IND00 -1.#IND00 -1.#IND00 
-1.#IND00 -1.#IND00 -1.#IND00 -1.#IND00 -1.#IND00 -1.#IND00 -1.#IND00 -1.#IND00 -1.#IND00 -1.#IND00 -1.#IND00 -1.#IND00 
