3.156212 0.480255 0.688011 -0.330397 1.318076 1.095014 -0.149205 0.804237 0.358549 -0.056831 0.195929 -0.004988 
3.096887 0.414687 1.671990 -0.658025 1.338378 1.270045 1.170380 1.340492 0.394738 0.115060 0.015701 -0.030719 
2.994985 0.609774 1.109065 0.079122 1.488495 1.669964 1.096605 0.819785 0.533810 0.362587 0.006845 -0.031747 
3.280613 0.673495 1.601312 -0.570811 1.620776 0.227180 1.178787 1.306226 0.507817 0.503047 0.026263 -0.016955 
3.093424 0.859238 1.208097 -0.455480 1.180897 1.267919 0.318220 1.571560 0.613029 0.144565 0.166510 -0.041999 
3.111147 0.353838 0.742294 -0.807515 0.696503 1.105369 1.081142 0.761892 0.010110 -0.129073 0.344404 0.036724 
3.352069 0.680497 1.254238 -0.137459 1.479732 1.348895 0.618447 1.012060 0.464268 0.312421 0.218426 0.010000 
3.485615 0.409804 0.811421 -0.470762 1.139046 0.971962 0.766278 0.765576 0.309360 0.389732 -0.071956 -0.058260 
3.239072 1.015787 1.873548 -0.380959 1.821726 0.041120 1.017392 0.587197 -0.006943 0.112048 0.035835 0.061566 
2.944197 0.819824 2.032670 -1.932524 1.572705 -1.057713 -0.464336 0.902396 -0.670634 0.147428 -0.145996 -0.060065 
2.601577 0.866088 3.217123 -2.955650 2.406213 0.194918 -0.069789 1.304950 -0.406209 0.265698 0.110128 0.018359 
1.985046 0.719033 2.892987 -3.460487 1.066335 -0.136072 -0.498704 0.417240 0.255110 -0.002787 0.153034 0.123578 
-0.049508 0.056896 5.172198 -1.080914 0.088963 -1.571608 -0.732133 0.292876 1.145119 0.060918 0.400423 0.378978 
0.332612 0.046410 4.490852 -2.117941 -0.685528 0.734536 0.130632 0.993436 0.899274 0.052675 0.125446 0.146502 
-0.504384 -0.152526 4.403987 -0.886839 0.467032 -0.189936 -0.834308 0.039226 -0.184888 -0.379131 0.232765 0.137125 
-0.502961 -0.083862 2.525165 -1.565192 0.688455 -0.648824 -1.402002 0.062698 -0.007075 -0.665424 0.142798 0.052643 
0.348529 1.095595 1.966606 -1.480425 0.740613 0.381451 -1.423826 0.713545 -0.677386 -0.212988 0.314044 -0.014364 
1.205539 1.200489 2.882836 1.757220 1.173746 0.741663 1.767334 0.407511 -0.255883 -0.404286 0.325429 -0.043400 
0.764383 1.346558 1.714482 1.672155 1.082252 0.430670 0.746702 0.866459 -0.051093 -0.030638 0.150583 -0.070322 
1.076001 1.292444 1.009392 1.644671 1.618060 0.894027 0.245929 0.090821 0.062175 0.046443 -0.082539 -0.091826 
1.044261 0.931207 1.965380 0.966535 1.247420 1.381586 0.608093 -0.160849 -0.316279 -0.230349 -0.134729 -0.013279 
1.319641 1.378831 1.341163 1.358807 1.595268 0.896854 0.641933 -0.654426 0.442648 -0.032152 -0.188128 -0.013446 
1.055049 1.681604 1.976834 1.538240 0.828237 -0.179363 0.395641 0.539490 0.323402 -0.096176 0.027412 -0.066084 
0.947885 1.938043 1.022543 1.456067 0.763300 0.921496 0.885342 0.505408 -0.063514 0.136512 -0.115468 -0.070475 
1.099520 1.060570 0.933343 1.386817 1.371610 0.902604 0.705203 0.216882 0.403086 -0.282102 -0.160546 -0.082597 
1.076295 0.844746 1.321073 1.456753 0.904736 1.244339 0.766215 0.288991 0.031991 -0.119672 -0.090011 -0.086950 
0.954538 1.314635 2.023167 0.792113 0.915587 1.492464 1.390261 0.096183 0.510049 -0.023127 0.029476 -0.078280 
0.730271 1.226486 1.090300 1.400186 1.971503 1.176230 0.804374 0.511951 0.670267 0.359870 -0.147661 -0.077019 
1.176511 0.855246 1.486210 1.588240 1.193754 0.401813 0.917487 0.303582 0.469099 -0.339608 0.046273 0.032908 
1.534472 1.297078 1.263908 0.611995 0.197661 -0.438738 0.256242 -0.185699 0.490243 0.125929 0.248283 0.090433 
1.758900 1.408355 1.700889 1.080165 1.071814 0.123759 -0.720642 0.835410 0.605671 0.180177 0.157498 -0.018570 
5.171050 -0.422576 1.509893 1.154933 0.598786 0.446153 0.613991 0.603116 0.769273 0.443009 -0.024939 -0.051323 
4.297750 -0.165769 1.672455 0.164021 1.038148 2.315106 0.952368 0.222846 0.161166 0.385057 0.292440 0.035045 
5.635306 3.293151 3.131807 0.950432 0.376461 -0.132981 0.149255 0.978890 0.265053 -0.162747 0.276587 0.113586 
5.052253 3.117176 3.996260 2.252285 2.554494 1.995844 1.296379 1.645047 -0.112994 -0.445883 0.184755 0.022254 
3.944569 2.593106 3.085526 2.863257 3.402641 2.445270 1.224789 1.003662 0.357378 0.325472 0.148590 0.032431 
3.041772 2.007160 2.039953 1.373161 1.600293 1.089248 0.896985 0.956384 0.849416 0.647819 0.315895 0.050283 
3.255538 2.271901 1.643161 1.345663 1.810549 1.468688 0.432969 1.383898 1.039673 0.093410 0.244473 0.032880 
3.572869 0.991548 0.722705 -0.050868 1.806849 0.956411 1.074184 1.623887 0.432381 0.122803 0.148397 0.011889 
3.472891 0.721512 1.504157 0.584662 1.649476 1.758163 1.207732 0.639757 0.745137 0.137421 0.169318 0.048074 
2.960498 0.682358 0.814758 -0.272890 1.205455 0.824061 1.365934 1.130500 0.248076 -0.320837 0.161955 0.041900 
3.320308 1.120497 1.350441 -0.460141 1.377219 1.051505 0.456064 0.850324 -0.140813 0.184017 0.458421 0.046481 
3.217980 0.952505 1.043885 -0.131392 1.202104 1.080389 1.520671 0.897723 0.456223 0.773850 0.098552 -0.032169 
2.886481 0.452308 0.392350 -0.392119 0.729523 1.021311 0.510546 0.604717 0.337626 0.128909 0.278093 0.021909 
3.298061 0.548059 1.140339 -0.162138 0.581829 1.070767 0.787751 0.812118 0.378949 0.383150 0.223317 0.005984 
3.304966 0.436865 1.056106 -0.501911 0.299254 0.947831 0.853295 0.623703 0.313525 -0.132892 0.252026 0.045214 
3.349443 0.424639 1.284683 -0.956334 1.011224 1.233674 0.579364 1.057568 0.362836 0.095653 0.056323 -0.026726 
3.034530 0.079300 1.271842 -0.784830 0.773935 0.648488 0.666399 0.733185 0.311605 0.214464 0.359065 0.004033 
-1.#IND00 -1.#IND00 -1.#IND00 -1.#IND00 -1.#IND00 -1.#IND00 -1.#IND00 -1.#IND00 -1.#IND00 -1.#IND00 -1.#IND00 -1.#IND00 
-1.#IND00 -1.#IND00 -1.#IND00 -1.#IND00 -1.#IND00 -1.#IND00 -1.#IND00 -1.#IND00 -1.#IND00 -1.#IND00 -1.#IND00 -1.#IND00 
