3.262511 0.452203 0.842476 -0.933364 1.424116 1.697813 1.828920 1.487645 0.608108 0.196844 -0.035498 -0.067627 
3.148249 0.297794 0.710159 -0.642483 1.319928 0.471210 0.767378 0.857500 -0.024315 0.248743 0.337160 0.022489 
3.434703 0.362969 1.018985 -0.245094 1.901573 0.671532 0.587118 1.067449 0.253720 0.548890 0.112034 -0.045410 
3.041418 0.547054 0.878017 -0.423945 1.462548 1.004202 0.764498 0.942837 0.594353 0.214204 -0.023822 -0.054130 
2.946575 0.690298 0.921948 -0.323431 1.427778 1.763994 0.602962 0.484830 0.106344 0.288681 -0.030703 0.009785 
3.124799 0.417154 1.048885 -0.604395 1.572232 0.744622 0.892656 1.206213 0.485335 0.227144 -0.005982 -0.041565 
3.239371 0.618246 0.957225 -1.341384 1.180495 0.081117 0.467852 0.548900 0.361667 0.294397 -0.052368 0.002286 
3.303687 0.437546 0.389325 -1.069360 1.236197 1.401429 0.907045 0.640683 0.228292 -0.063931 0.270957 0.021366 
3.162846 0.353996 0.572393 -0.997650 1.123018 0.932898 0.486167 0.777598 0.519534 -0.200223 0.129877 0.046439 
3.076223 -0.024760 1.243316 -0.042572 0.886275 1.970938 0.550083 1.163236 0.281558 0.447850 0.224399 -0.018976 
3.189675 0.249328 0.892819 -0.987162 0.903040 0.660295 0.212944 0.867709 -0.055986 0.381601 0.187179 -0.047059 
3.052383 0.675345 1.569678 -0.530051 1.592120 -0.138692 0.936565 0.806882 0.172768 0.198263 0.084913 0.008109 
3.179497 0.378820 0.349664 -1.355331 1.687964 -0.457438 0.345114 0.102499 0.575306 0.275096 0.101050 0.058808 
2.497887 0.215806 1.263859 -1.263107 1.445433 -0.411612 0.989783 -0.283949 0.534198 -0.293650 -0.245149 0.098190 
1.862551 0.100563 0.377254 -2.047711 2.485423 -2.224637 1.058359 -0.289073 -0.533364 0.538074 -0.083903 0.091994 
0.111443 1.762557 0.801983 -0.847497 0.850152 -0.728058 -0.182151 -0.456886 -0.511318 1.039842 0.222364 0.245018 
-0.076830 1.686635 0.363967 -1.442746 2.340997 -2.168589 -0.410184 -0.372119 -0.578750 1.092622 0.008398 0.183436 
-0.332311 0.957638 0.694435 -0.981175 2.488197 -1.532737 -0.010926 -0.575268 -0.989134 0.764120 0.005030 0.189964 
1.183577 2.018308 1.313201 -1.095044 2.737382 -1.261136 -0.082739 -0.257741 -0.773758 0.148220 -0.350802 -0.009377 
1.446429 1.635986 0.973272 1.555617 0.239687 1.284298 0.863908 0.126990 0.429995 0.252959 -0.172431 -0.034965 
0.845155 1.127216 1.493828 1.887418 1.436509 0.905790 0.684345 -0.123257 -0.361498 0.137689 -0.255496 0.004727 
1.126445 1.802983 0.642294 1.757924 1.259944 0.781979 -0.140024 0.173935 -0.358023 -0.286856 0.083107 -0.107173 
0.962955 1.683859 1.337423 1.882205 1.333585 0.657832 0.270005 -0.560896 -0.404825 -0.064153 0.081487 -0.087401 
0.722566 1.315217 2.269609 1.916804 1.326303 0.825492 0.232885 0.170306 -0.213288 -0.131152 -0.095605 -0.011021 
0.943408 1.635653 1.039774 1.496017 1.054696 0.856212 1.149888 0.473476 -0.291852 -0.215891 0.094401 -0.068311 
1.035152 1.481650 1.835600 1.480472 0.967423 1.132719 0.122484 0.524476 0.292832 -0.306733 0.054102 -0.080727 
0.938818 1.137993 1.469243 1.008643 1.047929 1.056856 1.081784 0.278008 0.326877 -0.113648 -0.177213 -0.082078 
0.684037 1.631566 1.773846 1.939621 1.681349 1.397754 -0.004575 0.760603 -0.183293 0.019959 -0.140567 -0.013763 
0.976126 1.338440 1.332505 1.364227 1.718983 1.830985 0.353207 0.211701 -0.149888 -0.007444 -0.256519 0.078944 
1.097225 1.614902 1.417007 1.765743 0.887294 1.316003 -0.050899 -0.352490 -0.206155 -0.504533 -0.186102 0.082050 
1.446301 1.097093 1.206220 0.602491 0.930060 -0.176644 0.212942 -0.173265 -0.329085 0.127121 -0.058676 0.048963 
3.248043 -0.027139 1.528846 1.084858 1.154356 0.262228 0.924369 0.723386 0.331928 -0.003782 -0.133757 0.009070 
4.114031 0.392230 0.803084 1.122315 0.951591 0.955407 0.712119 0.289495 0.233210 0.139619 0.213850 0.052211 
5.302477 1.519387 -0.046458 0.960096 1.146895 0.356378 0.090024 0.756237 0.950490 -0.069265 -0.177760 -0.047661 
3.635164 2.851385 2.132073 1.394884 0.730069 0.380832 0.445014 0.474949 0.299244 0.279951 0.244242 0.043457 
3.076869 2.706227 2.279119 1.943177 1.627000 1.187118 0.832459 0.745790 0.540473 0.403856 0.253971 0.048088 
3.990339 1.488591 1.935073 0.911597 2.432169 1.183277 1.488835 1.341001 -0.041945 0.150561 0.117160 0.025878 
4.212622 2.073360 1.989631 1.184691 1.861699 1.465298 0.552922 1.077446 0.829074 0.838843 0.180005 0.008171 
3.596018 1.385275 1.410027 0.428370 1.392863 2.510973 1.495386 0.913382 0.784411 0.548586 -0.060821 -0.009222 
3.833062 1.691627 2.041165 0.125929 1.547151 0.867434 0.274456 0.495195 0.353311 0.002818 0.187487 0.052522 
3.183266 0.761523 1.069127 -0.752695 1.704872 0.560669 -0.202525 1.218450 0.341111 0.400916 0.123458 -0.013537 
3.264973 0.429515 0.613202 -0.463923 1.774981 0.929439 0.928350 1.293339 0.335804 0.502274 0.338315 -0.012325 
3.502077 0.462221 0.991945 0.129325 1.726860 0.850551 1.527480 1.797043 0.274053 0.290820 0.192707 -0.000614 
3.013893 0.173554 0.908640 -0.700884 0.835037 0.486106 0.392346 0.868247 0.349947 0.027271 0.209427 0.031682 
3.274702 0.569569 0.933527 -0.683411 1.631535 0.984587 0.801279 0.466650 0.501178 0.281296 0.188554 0.031281 
3.403302 0.258858 1.514436 -0.744620 0.685627 0.328385 0.644895 1.248681 0.627395 -0.262071 0.017707 0.017596 
3.141209 0.321781 0.888239 -0.754936 0.755568 1.264727 1.267612 1.017698 -0.022719 -0.165758 0.188696 0.016280 
3.429159 0.415800 0.889559 -0.354223 0.587454 1.500322 1.498690 1.314672 0.146394 0.137717 0.227875 0.016639 
-1.#IND00 -1.#IND00 -1.#IND00 -1.#IND00 -1.#IND00 -1.#IND00 -1.#IND00 -1.#IND00 -1.#IND00 -1.#IND00 -1.#IND00 -1.#IND00 
-1.#IND00 -1.#IND00 -1.#IND00 -1.#IND00 -1.#IND00 -1.#IND00 -1.#IND00 -1.#IND00 -1.#IND00 -1.#IND00 -1.#IND00 -1.#IND00 
