3.193833 0.384594 1.156168 0.056217 0.342793 -0.068045 0.262934 0.888974 0.147636 0.138908 0.094142 0.033169 
3.063924 0.608868 0.683773 -0.411967 1.393887 0.883672 0.502422 1.276611 0.697048 0.365778 0.295724 -0.014926 
2.990972 0.580465 0.810289 -0.191283 1.589585 1.244951 0.503998 1.038799 0.224822 0.444630 0.174992 -0.043332 
3.283947 -0.083963 0.799452 -0.247430 0.842836 0.619055 0.914988 1.024671 0.165220 0.040035 0.198658 0.038861 
3.231231 1.013096 1.256918 -0.419516 0.923023 0.953407 0.862723 0.471618 -0.292378 0.483701 0.197167 0.012897 
3.267786 0.299596 0.881291 -1.080811 0.749051 1.190486 0.492302 1.069455 0.261067 0.180065 -0.053889 -0.050451 
3.257293 0.215656 1.191811 -0.877930 1.316441 0.016763 0.358712 0.542919 -0.167678 -0.033648 0.126515 0.036544 
2.931425 -0.242714 0.566702 -1.232136 0.511648 0.005351 0.252383 0.692046 -0.049788 0.294450 0.010193 -0.080036 
3.118185 0.523269 0.799811 -0.884687 0.922250 0.821760 0.910834 0.428854 -0.102214 0.288833 0.358799 0.063652 
3.435618 1.188717 1.085560 -0.838531 1.456038 -0.167011 0.290872 0.251138 -0.218098 0.929103 0.128676 0.009211 
1.913426 0.786947 3.276647 -3.377971 2.000907 -0.132532 -0.272048 1.285536 -0.219192 0.469815 0.262900 0.012494 
-0.909442 -0.384417 4.830877 -2.516130 -0.456979 0.393566 0.131681 1.853731 1.446272 0.445049 0.166123 0.113547 
-0.247815 -0.444499 3.298241 -1.340079 -1.752188 -0.179237 0.154310 0.328030 0.023733 0.627488 0.311127 0.286069 
-0.015851 -0.506720 4.138013 -1.698445 -0.921822 -0.607702 -0.187731 -0.383246 -0.101143 -0.264238 -0.131686 0.148418 
-0.227510 -0.045688 1.656042 -1.736863 0.430086 0.070187 -1.274667 0.074397 0.638406 -0.525843 0.023910 0.149553 
-0.637041 0.655464 1.492149 -2.324398 1.758361 -1.777048 -0.904868 0.593930 -0.738300 0.032399 -0.106249 0.034583 
0.887546 1.782138 1.535601 0.277884 2.238371 -0.484748 -0.330949 0.554616 -0.334417 0.046420 -0.402626 0.029573 
0.908032 1.594744 1.650269 1.347129 1.695340 1.454491 -0.063174 0.316370 0.461871 -0.494244 -0.171036 0.050507 
1.329012 1.445160 1.412145 1.364335 0.680953 0.631073 -0.078804 0.239472 0.535223 -0.157294 -0.244590 -0.019335 
1.187358 1.108114 1.610366 0.808926 0.951019 0.875539 -0.156785 0.022602 0.019242 0.272555 -0.173460 -0.085150 
1.190084 1.172436 1.730631 1.530101 0.883009 0.159872 0.946817 0.638976 -0.202709 -0.368857 -0.297113 0.031302 
0.940252 1.118024 1.841804 1.503210 1.883267 1.808254 0.545939 0.378122 -0.262764 -0.146712 -0.178875 0.037725 
0.895111 1.667575 1.318903 0.889307 1.314807 0.977612 0.893421 0.443093 0.063735 -0.190749 -0.149254 -0.049972 
1.260084 0.980505 1.180842 2.400368 0.865823 1.001313 0.889555 -0.039635 0.034730 -0.085606 -0.018183 -0.072676 
1.109578 1.641338 1.346898 0.452634 1.691512 1.008748 0.681918 0.550880 0.445028 0.293548 -0.234572 -0.046018 
0.969622 0.426689 2.210274 0.775457 1.869456 0.852644 1.107471 0.723710 0.732490 0.206586 -0.186300 -0.058455 
1.041317 0.855112 0.965443 0.884485 2.346490 1.366950 1.186723 0.976541 0.575356 0.222315 -0.228152 -0.062362 
1.213648 1.359100 1.463094 1.304705 0.320574 0.244559 0.545292 -0.540220 -0.132468 -0.134706 0.041374 0.069581 
1.354291 1.541872 1.738120 0.239232 0.498168 0.303330 -0.050908 -0.246370 -0.038158 0.288135 0.396326 0.007755 
2.175300 0.547682 0.793873 1.436889 1.367279 0.536414 0.361981 0.806842 0.174877 -0.003644 0.245916 -0.019679 
2.807151 0.224600 1.953571 0.394555 -0.012894 1.105824 1.001644 0.629161 0.447188 0.116058 0.090610 -0.016492 
4.406290 0.470816 2.038100 0.825702 1.261729 0.200027 -0.489732 0.324504 0.594063 0.319297 0.210746 0.044163 
6.745673 3.719743 2.662874 0.963473 0.896311 0.498680 0.224519 0.620030 0.178961 -0.178106 0.026946 0.049238 
3.985630 3.568485 2.936967 2.106528 1.368162 0.821256 0.285331 0.169315 0.186675 0.150298 0.278847 0.064913 
2.777016 2.279136 1.908734 1.720728 1.942015 1.719368 1.250024 0.867143 0.716242 0.276756 0.031592 0.039741 
3.663826 2.848387 2.475732 2.185064 2.179418 2.008208 1.343633 0.835030 0.639247 0.397001 -0.072077 0.016392 
3.536068 1.845191 1.756723 1.146866 2.473559 1.854080 1.371200 1.549776 0.666479 0.098776 0.324503 0.076741 
3.297633 1.259065 1.164132 0.304710 1.891352 2.374797 1.198915 0.809422 0.453697 0.126932 0.273247 0.047737 
3.148373 1.292030 1.069944 1.023543 1.683159 1.644970 1.663919 0.875897 0.759324 0.544400 0.072186 0.003504 
3.242042 0.513353 0.835135 0.240803 1.112386 1.439958 1.178010 0.917833 0.366892 -0.300840 0.057326 0.043409 
3.133043 0.706691 1.110300 -0.333724 0.699945 0.846047 0.326580 1.125775 0.292079 0.144756 0.053397 -0.042042 
3.357553 0.612915 1.195850 -0.833013 1.186429 0.393431 1.106853 0.337798 -0.195453 0.479683 0.137420 0.029556 
3.353319 0.096368 0.875679 -0.847378 0.088788 0.922380 0.646689 0.845269 0.501084 0.286596 0.177527 -0.005426 
3.566990 0.324005 0.913873 -0.052650 1.082707 1.090015 0.994131 0.954054 0.498940 0.164444 0.037462 -0.005800 
3.361843 0.523808 1.404599 -0.607833 0.225028 1.461699 1.123165 0.549834 0.253968 0.469358 0.187625 0.006429 
3.495363 0.446303 1.194808 -0.733078 0.877360 0.159399 0.503213 1.018717 0.135399 -0.016402 0.091188 0.011570 
3.441129 0.275478 0.813646 -0.406717 0.679381 1.627175 0.853089 0.139436 0.261030 -0.078151 0.089726 0.010614 
3.214905 0.519592 0.617813 -0.738118 0.498769 0.452178 0.970369 0.288033 -0.004149 0.328612 0.140245 0.012260 
-1.#IND00 -1.#IND00 -1.#IND00 -1.#IND00 -1.#IND00 -1.#IND00 -1.#IND00 -1.#IND00 -1.#IND00 -1.#IND00 -1.#IND00 -1.#IND00 
-1.#IND00 -1.#IND00 -1.#IND00 -1.#IND00 -1.#IND00 -1.#IND00 -1.#IND00 -1.#IND00 -1.#IND00 -1.#IND00 -1.#IND00 -1.#IND00 
