3.396909 0.740472 1.365202 -0.720549 1.450472 1.686479 1.528898 0.244300 0.609367 -0.028477 -0.002764 0.071691 
3.372769 0.541930 0.935593 -1.031647 2.141902 1.292675 0.480326 0.640200 0.453075 -0.065366 0.145767 0.048249 
3.176851 0.604989 1.276871 -1.103357 0.682342 1.000580 0.509831 1.010607 0.193792 0.166203 0.170399 -0.003308 
3.138423 0.414652 1.196709 -0.902412 1.115592 1.281112 0.640442 0.505575 0.299555 0.095601 0.153414 0.005873 
3.840579 -0.511405 0.877211 -0.593770 1.955061 -0.393437 0.733870 1.224960 0.052438 -0.164182 0.004298 0.054592 
3.306494 0.302865 0.995872 -0.707279 1.094369 1.096054 1.212955 0.817951 -0.110234 0.163764 0.133133 0.026677 
3.198903 0.313773 0.991057 -0.448844 1.680724 -0.089067 0.532703 1.198904 0.221251 0.597503 0.087421 -0.029070 
3.424125 0.899218 1.354663 0.042006 2.006248 1.392834 0.387557 1.164988 0.662228 0.061717 0.200941 0.019542 
3.557816 0.547408 0.386872 -0.736943 0.612966 0.750294 0.491001 0.885973 0.634460 0.119947 -0.002400 0.006779 
2.753747 0.386782 0.973012 -0.747769 1.199039 0.591276 -0.102013 0.304401 -0.190846 0.242671 0.224254 -0.006544 
3.045029 0.568211 0.652332 -0.610614 0.739766 0.401065 1.024469 1.278516 0.443287 0.231020 0.108835 -0.020896 
3.182048 0.575592 0.936535 -0.966848 1.115700 1.196432 0.537381 0.966174 0.726919 -0.122349 0.054392 0.029074 
3.360996 0.509606 1.235187 -0.565282 1.048054 -0.016110 0.726339 0.739175 -0.095263 0.301376 0.065556 0.018037 
3.686383 0.782986 0.397935 -0.263991 0.465416 -0.002301 -0.052974 0.020272 0.260308 0.251706 -0.028462 0.037506 
3.675964 0.968887 1.085271 -0.678305 1.341883 0.101657 0.290232 -0.275358 -0.018183 -0.141835 0.224667 0.113241 
1.541299 2.134498 0.213836 -0.131826 0.913281 -0.235077 -0.005174 -1.538619 0.231891 0.260912 -0.017513 0.158445 
1.044407 1.598468 -0.097976 -1.327838 1.244514 -2.520476 0.462726 0.272670 0.543607 0.675098 -0.183377 0.185733 
0.439472 1.114458 0.105030 -1.438132 1.458534 -2.790313 0.194386 -0.235498 -0.376842 0.959369 0.132153 0.179664 
-0.207138 0.817234 -0.234178 -2.141622 0.630539 -2.587124 0.189537 -0.517626 -0.740447 0.439554 -0.031998 0.115671 
0.435156 0.736208 0.504923 -1.169220 1.181255 -2.110991 0.497428 -0.482768 -0.594480 0.648871 -0.160090 0.104335 
1.519519 1.839541 0.349567 0.471967 0.518786 2.139865 0.698115 0.452274 -0.111159 0.213321 0.083879 -0.092591 
1.164826 1.412166 1.560535 1.168869 1.287613 1.424538 -0.150822 0.411228 -0.510389 0.321886 -0.298706 -0.021277 
1.034535 1.293663 1.336621 1.475048 1.253262 1.341867 -0.092021 -0.014174 -0.176711 -0.486570 -0.071026 -0.013830 
0.855050 1.535188 2.240423 0.370667 1.516772 0.702073 -0.225369 0.051511 -0.255748 -0.077646 -0.173267 -0.052303 
1.206971 1.719417 1.224973 1.642799 1.569810 1.110723 0.548737 -0.552755 0.078884 -0.223226 -0.124367 -0.009613 
1.263541 1.372286 1.972447 1.081681 0.829619 1.310919 0.712133 -0.141133 0.374695 -0.149736 0.005980 -0.062072 
0.635092 1.182298 1.708779 1.675355 1.702895 0.945948 0.787054 0.070927 0.503801 -0.457479 -0.160191 -0.004928 
0.742379 1.487076 1.387852 1.644279 0.903635 1.182547 0.806803 0.038550 -0.053963 0.351241 -0.176149 -0.070598 
1.085349 0.719542 1.362259 1.593512 1.604529 0.807363 0.936863 1.097602 0.208232 0.264993 -0.160203 -0.083966 
1.119671 1.364412 1.130649 1.538706 1.060659 1.285580 0.617994 0.414783 0.457192 0.265441 0.035754 -0.097748 
1.186149 1.250615 1.341930 1.147185 1.176709 1.200831 0.659520 0.475109 0.044593 0.054385 -0.114839 -0.024299 
1.516454 1.355329 0.943944 0.438581 1.116399 1.065900 0.531695 0.084594 0.167693 -0.231423 0.149113 0.008825 
1.451324 1.103496 1.598524 0.576887 0.645736 0.730250 0.565461 0.552986 0.585190 0.207957 -0.044321 0.036106 
2.059768 1.587120 1.425480 0.165193 0.677717 0.661989 0.144829 0.554112 0.756430 0.319403 0.039319 -0.004932 
1.709128 1.096133 1.448373 1.205683 0.280405 -0.301141 0.553650 -0.072284 0.197731 0.564773 0.013405 0.062347 
3.736961 1.290956 0.187108 0.396914 0.439792 0.267570 0.183971 0.305598 0.387035 0.247358 -0.020278 -0.000518 
4.361112 3.890525 3.240965 2.245869 1.772646 0.362839 -0.027328 0.220339 0.000254 0.076132 0.153771 0.048784 
5.126402 3.563524 2.959884 2.087497 1.578130 1.436706 1.827984 1.559158 0.341107 -0.212701 0.030873 0.002634 
3.255030 2.491898 2.332713 2.044860 1.715565 1.921460 1.444753 1.222992 0.738896 0.202480 0.090778 0.049052 
2.884020 2.188006 2.052068 1.754864 1.670504 1.178971 1.181804 1.257329 0.335167 0.267922 0.114726 0.030014 
4.135239 1.707145 2.260407 0.737275 3.554094 3.008848 2.203516 0.777628 0.267228 0.141654 0.121378 0.116756 
3.338942 1.176009 1.278419 -0.090091 1.809825 1.194641 0.338725 1.143910 0.371536 0.190355 0.208557 -0.010408 
3.673681 0.604566 1.074437 -0.014321 1.580043 1.444948 1.244010 1.552488 0.594225 -0.231579 0.267276 0.065496 
3.564736 0.603445 0.823041 -0.023640 1.682267 0.652637 1.647013 1.421889 0.440459 0.219534 0.167711 0.021804 
3.364936 0.941576 1.003731 -0.417101 1.308517 1.448646 1.536340 1.294853 0.724149 0.241398 0.060751 -0.008793 
3.210894 0.662783 0.652460 -0.312863 1.816313 1.151269 0.452806 1.093825 0.138742 0.198859 -0.033480 -0.006132 
3.292978 0.229827 0.908549 -0.324283 0.595555 0.432378 0.568087 1.380618 0.878538 -0.011703 0.067429 -0.003962 
3.284149 0.350942 1.282664 -0.271165 1.444324 0.677158 0.497896 1.229807 -0.062261 0.070390 0.131496 -0.018220 
-1.#IND00 -1.#IND00 -1.#IND00 -1.#IND00 -1.#IND00 -1.#IND00 -1.#IND00 -1.#IND00 -1.#IND00 -1.#IND00 -1.#IND00 -1.#IND00 
-1.#IND00 -1.#IND00 -1.#IND00 -1.#IND00 -1.#IND00 -1.#IND00 -1.#IND00 -1.#IND00 -1.#IND00 -1.#IND00 -1.#IND00 -1.#IND00 
