3.312226 0.362325 1.544164 -0.580548 1.418360 0.596190 1.055533 0.870144 -0.101032 0.370372 0.209534 -0.004741 
3.478693 0.280416 0.535110 -0.335534 0.433999 0.719799 0.971097 0.410173 0.366368 0.196739 0.005048 0.033026 
3.144850 0.293096 0.321039 -0.896020 0.054647 0.324398 0.486623 0.945614 0.093603 0.242320 -0.067273 -0.029639 
2.989878 0.233242 0.751261 -0.928490 0.969528 0.713415 1.090179 0.674991 0.581435 -0.092043 0.189327 0.026282 
3.161994 0.551098 0.649245 -0.911140 1.029695 1.615486 0.639821 0.680342 0.279982 0.251623 0.167598 0.010831 
3.070732 -0.021561 0.879568 -0.233435 1.335014 0.445758 1.353439 0.444260 0.655944 0.248266 0.106887 0.012989 
3.116118 0.122471 0.854732 -0.368605 0.400131 1.106593 0.409008 0.548320 -0.028660 0.264871 0.197310 0.049005 
3.017122 0.503616 1.155366 -0.372418 1.636121 1.156800 1.140377 0.904547 0.037070 0.196035 -0.061089 -0.015208 
3.110528 0.433220 1.182176 -0.460251 1.030913 0.644928 0.455004 0.931953 0.213883 0.322662 0.102631 -0.033735 
3.441132 0.035943 0.081019 -1.205810 1.294197 -0.056111 1.131617 1.021003 -0.262400 0.003929 -0.175330 -0.024501 
3.507091 0.223585 1.091901 -0.373678 1.392601 1.139285 1.095279 0.750041 0.299066 0.326665 0.139915 -0.004323 
3.234699 0.832908 0.974651 -0.867881 1.154203 0.777871 0.768121 0.526266 -0.242225 0.175865 0.061019 0.002211 
3.481476 0.260765 0.283416 -0.447616 0.795640 0.266429 0.803044 0.623430 -0.248216 0.211650 0.120346 0.043772 
3.204851 0.726511 1.007456 -0.411950 1.138922 0.443803 -0.019540 0.750739 0.677857 0.551259 0.118411 -0.047845 
3.509069 0.550861 0.997286 -0.719638 1.508308 1.172941 0.596669 0.751822 -0.337917 0.039433 0.064796 -0.006745 
3.511888 0.870681 1.112779 -0.809553 0.709620 -0.040653 0.454170 -0.157683 0.121676 0.671941 0.173469 0.040237 
3.335697 1.129965 0.611068 -1.065358 0.994716 -1.057182 0.823317 0.105031 0.221433 -0.022622 0.019219 0.096957 
3.080189 1.091851 0.847597 -1.027377 1.572041 -1.187201 2.186614 0.030346 0.336704 0.342081 0.041241 0.107077 
2.080008 1.454821 0.992069 -0.951408 1.976710 -1.885286 1.322028 -0.626452 0.639692 0.553498 0.056952 0.154408 
0.119166 1.953357 0.122554 -2.116011 1.772278 -0.929837 3.088042 -0.069632 0.753163 0.634495 -0.254685 0.045779 
0.177320 2.913119 0.205256 -1.505942 2.199869 -0.605731 -0.546422 -0.768485 -0.415381 0.107327 -0.050262 0.262878 
0.031247 1.599653 0.137714 -0.503765 2.188068 -0.944697 1.737919 -0.358823 0.124569 -0.129461 0.114806 0.323889 
0.224736 2.093462 0.575009 -0.353313 0.679251 -1.535418 0.569667 -0.210224 -0.216238 0.099075 -0.019592 0.295729 
2.841727 0.524214 0.170403 1.266358 -0.873112 0.605012 -1.049500 -0.718169 0.077500 -0.261836 -0.352204 -0.002405 
1.041555 0.804430 1.844393 1.312772 0.785911 -0.948002 -0.638784 -1.306137 -0.252871 -0.541156 -0.403791 -0.050439 
1.133282 1.225095 1.137517 0.258148 1.026808 -1.952082 -0.968931 -1.560241 -0.956237 -0.123508 -0.038722 -0.116560 
1.421698 1.178259 0.576679 0.193190 -0.523345 -0.056314 -1.301589 -0.804989 -0.670627 -0.274854 -0.175174 -0.062540 
1.338869 1.433449 1.035418 0.412645 0.879968 0.196289 -0.342239 -0.427064 -0.643661 -0.380313 -0.123960 -0.061652 
1.540490 1.131160 1.028014 0.766774 0.632406 0.021559 0.648177 1.205444 0.450384 -0.068488 -0.288838 -0.076267 
1.488105 0.690886 0.433225 1.157527 1.045999 1.072620 1.020815 0.999533 0.349343 -0.274709 -0.078548 -0.059865 
0.948329 0.741286 1.026234 1.560208 1.968312 1.158701 0.696063 1.067117 0.675303 0.075265 -0.182821 -0.019030 
1.275427 0.613916 1.145045 1.391321 1.327526 1.188607 0.915476 0.759517 0.515834 0.554392 -0.067689 -0.060289 
0.994829 1.119420 0.611859 1.109326 2.331901 0.993767 0.662400 0.877584 0.982114 0.173721 0.187788 -0.091388 
1.257334 0.541755 1.225988 1.087257 1.190852 1.770032 0.609998 1.382690 0.345209 0.004182 0.097930 -0.012488 
2.529833 -0.042571 1.457832 1.458402 0.746391 0.384797 2.277745 0.402764 0.456667 -0.102650 0.377858 0.025567 
3.916449 1.096885 0.264564 0.631263 1.155930 0.752494 0.898630 0.759280 0.033540 0.202379 0.053615 0.017640 
5.299644 2.302400 0.717522 0.716981 1.106082 1.714653 0.932698 0.543314 0.904285 0.044412 -0.146024 -0.068295 
4.393458 3.569879 3.009726 2.202199 0.692602 -0.073713 0.020941 0.166459 0.165839 0.254700 0.306057 0.103800 
6.260652 4.091830 4.004813 3.465307 -0.010825 -0.678014 0.112810 1.523622 0.349064 -0.132998 0.296287 0.157488 
3.197216 2.821265 2.688979 2.350055 1.842114 1.445706 0.978072 0.581382 0.287861 0.147557 0.115669 0.022168 
2.760517 2.257434 2.024197 1.796842 1.539138 1.193499 0.959939 0.733306 0.511978 0.352474 0.174841 0.039953 
4.510193 2.134028 3.258240 3.971025 3.434172 1.608762 1.963763 1.468836 0.410633 0.412541 0.238551 0.073423 
3.133724 2.539164 2.314669 1.840484 1.853878 1.357594 1.594700 1.179416 0.680050 0.388681 0.269347 0.064752 
2.997460 1.898841 1.699844 1.075924 1.451749 1.608849 1.319245 0.971546 0.566265 0.360466 0.268811 0.046441 
3.516843 0.592216 1.370606 0.002711 2.201363 1.454726 1.277215 0.930392 0.591426 0.142862 0.169000 0.048977 
3.470126 0.517271 0.731462 -0.162308 1.008349 1.600162 0.245290 0.485911 0.370036 0.382427 0.043825 -0.030027 
3.337236 0.710275 1.289784 -0.141657 1.231681 1.300708 0.793539 1.060774 0.439115 0.237595 0.234813 0.007850 
3.274542 0.124234 0.663120 -0.937241 1.290439 0.252632 0.303751 1.119242 0.336684 -0.146010 0.089582 0.014244 
-1.#IND00 -1.#IND00 -1.#IND00 -1.#IND00 -1.#IND00 -1.#IND00 -1.#IND00 -1.#IND00 -1.#IND00 -1.#IND00 -1.#IND00 -1.#IND00 
-1.#IND00 -1.#IND00 -1.#IND00 -1.#IND00 -1.#IND00 -1.#IND00 -1.#IND00 -1.#IND00 -1.#IND00 -1.#IND00 -1.#IND00 -1.#IND00 
