3.319068 0.559919 1.015959 0.280581 1.668191 0.679192 0.728224 0.704089 0.727131 0.475182 0.244817 0.002524 
3.446439 0.379146 0.593072 -0.298123 1.608880 1.759507 1.159811 0.885799 0.240757 0.386516 0.254889 -0.003884 
3.402628 0.482287 1.159010 -0.359008 0.682076 0.563452 0.304711 -0.035961 0.374619 0.156383 -0.179641 -0.057740 
3.299033 0.341848 0.958478 -0.611263 0.486710 0.315566 0.541727 0.129764 0.210493 -0.139225 -0.085693 -0.043220 
3.100604 0.515039 0.597423 -0.723863 0.598340 0.379433 0.423201 0.785504 -0.002508 0.214859 0.075489 0.003347 
3.480199 0.809338 1.642158 -0.228318 0.814905 0.862420 0.485895 0.963930 0.305082 0.015668 0.134554 -0.007636 
3.296482 0.228414 0.976144 -1.055419 0.545172 0.959008 0.183820 0.680324 -0.000491 -0.284120 0.024471 0.007113 
3.278748 0.534841 0.957291 -0.309997 1.666124 1.567529 0.408754 0.381548 0.312908 0.293086 0.020192 -0.018565 
3.116514 0.102706 0.510099 -0.768789 1.044579 0.749692 0.493710 0.682872 0.119396 -0.224061 0.083537 0.010109 
3.453701 0.754353 1.035362 -0.497228 0.906181 0.615195 0.932747 0.864497 0.036758 0.308300 0.020007 -0.042101 
2.921924 0.294234 0.796970 -0.944885 1.129403 -0.722709 0.488002 0.614825 0.258816 0.169185 -0.020089 -0.005511 
2.911206 0.290779 1.256843 -1.168517 0.009340 0.548802 0.466318 0.482723 0.359389 0.125215 -0.160880 -0.038884 
3.071213 0.545457 0.758635 -1.328357 0.422226 0.623742 0.536097 0.578679 0.292168 0.252200 0.086923 0.015635 
3.043888 0.518258 1.229144 -0.326879 0.867727 1.414035 1.281286 0.963063 0.182759 0.190603 0.198791 -0.004479 
3.142830 0.375474 0.785468 -0.335714 1.305588 0.636797 0.313721 0.476098 0.295403 0.105719 0.211075 0.023834 
3.051325 0.310589 0.447162 -0.887602 0.963673 1.205441 0.420555 0.280793 0.365417 0.066384 0.038721 0.028060 
3.421475 0.619953 1.129409 -0.472735 0.744666 1.089275 0.373875 0.669970 0.389577 -0.105190 -0.161381 -0.005913 
3.612047 -0.273992 0.637697 0.420342 0.074896 -1.552944 -0.261637 0.001547 -0.739599 0.578288 0.375206 0.016544 
2.563177 -0.834677 -0.636137 -1.409137 0.126099 -1.836678 0.247962 0.514893 -1.057647 0.422272 0.412085 0.090195 
2.152969 -0.555736 -0.222415 -0.760371 -0.013437 0.079686 0.981224 0.642658 -0.384910 0.089061 0.041280 0.102966 
2.144950 0.106286 -0.385632 -1.063271 0.531861 0.117608 -0.195605 -0.581181 -0.210162 -0.043772 0.175077 0.095966 
2.656188 0.411758 -0.322705 0.326006 -0.405354 -1.436801 -0.166579 -1.153973 0.098447 0.257095 -0.022292 0.004172 
1.873747 0.979377 -0.318211 0.109095 -1.107437 -1.224043 -0.708723 -0.444931 -0.130851 -0.023965 0.099984 0.062824 
1.058405 1.900689 1.750271 0.439919 0.828182 0.448025 -0.838216 -1.090379 -0.966365 -0.154215 -0.164706 -0.024042 
0.881788 1.604259 1.334513 0.461474 0.267764 -0.893018 -0.052138 -1.023327 -0.732790 -0.522988 -0.423139 -0.031875 
1.124565 1.429628 1.822652 0.181764 0.012125 -1.548385 -0.874268 -0.791413 -0.547809 -0.398121 -0.162934 -0.038731 
1.446273 1.989738 0.943132 0.315258 0.161493 -0.427466 -0.963767 -1.627771 -0.290153 0.238300 -0.165033 -0.035871 
1.788812 1.289261 0.732106 0.435280 0.154183 -0.929104 -0.383586 0.004472 -0.532158 0.016050 0.090392 -0.015804 
1.293104 1.656402 0.774412 0.107526 0.417993 0.592559 0.420257 -0.587027 -0.078906 0.182248 -0.233638 -0.065392 
1.166689 0.841282 0.117111 0.190305 0.744262 1.096270 1.060237 1.624339 0.442362 0.077095 -0.370775 -0.096910 
0.874528 0.767086 0.360138 0.497998 0.930854 1.591005 1.479816 1.704741 0.872278 0.047847 -0.231066 -0.164869 
0.795842 0.968003 0.308042 0.751406 1.500354 1.709359 1.689135 1.997953 0.564749 -0.207530 -0.256335 -0.058930 
1.195271 0.618051 0.320756 0.946743 2.230603 0.606748 1.122400 1.599864 0.406744 -0.182490 0.050279 -0.074517 
1.077861 0.791785 0.667484 0.955803 1.349288 1.923124 0.675345 1.224762 0.680480 0.107552 -0.095870 -0.055997 
1.265894 0.849452 0.788080 0.975333 1.796662 1.187180 1.416060 1.677121 0.116589 0.011400 -0.038184 -0.025759 
0.846101 0.969903 0.561719 1.194261 0.685377 2.524868 1.254625 1.142163 0.682450 0.281292 0.022555 -0.127489 
0.917244 1.627372 0.547768 1.197647 0.919657 1.219303 2.471987 0.437857 0.234329 0.283573 -0.042525 -0.051227 
4.164025 1.052768 0.931477 1.490650 0.945984 0.618035 0.737833 1.001138 0.759009 0.355318 -0.002642 -0.025987 
4.131631 1.366848 0.887831 1.094380 0.807289 0.603648 0.587204 0.348625 0.135133 0.014631 0.153408 0.037386 
5.628105 2.720662 0.177320 0.276009 1.118505 1.232215 0.697030 0.312888 0.257078 0.068588 0.071314 0.006464 
5.718893 4.178720 2.525268 1.627371 1.532659 0.548340 0.292673 0.689601 0.423669 0.408391 0.286995 0.103005 
4.656710 2.964241 3.022785 2.589937 2.758413 2.008539 2.417386 1.555225 0.379970 -0.205247 0.107443 0.056050 
3.666917 2.507689 2.105621 1.987962 2.518209 2.266660 1.653186 1.196344 0.395528 -0.080789 0.035954 0.040137 
3.158613 2.233987 1.941714 1.627339 1.368491 1.677217 1.641923 0.380264 0.179996 0.092239 0.078934 0.026252 
3.947036 0.459581 1.216229 -0.759390 1.567190 2.254310 1.458877 1.799614 0.299007 0.362945 0.026609 -0.113706 
3.622445 0.986752 1.129524 -0.217920 1.715293 1.694671 1.256765 0.975884 0.408289 0.557482 0.157417 -0.025649 
3.706556 0.923479 1.370176 0.140494 1.986977 1.812493 1.812725 1.578112 0.606521 0.503811 0.302938 0.027670 
3.603378 0.565709 1.353509 0.106791 0.461971 1.082505 1.176009 0.920170 0.409529 0.257664 0.220149 0.009551 
-1.#IND00 -1.#IND00 -1.#IND00 -1.#IND00 -1.#IND00 -1.#IND00 -1.#IND00 -1.#IND00 -1.#IND00 -1.#IND00 -1.#IND00 -1.#IND00 
-1.#IND00 -1.#IND00 -1.#IND00 -1.#IND00 -1.#IND00 -1.#IND00 -1.#IND00 -1.#IND00 -1.#IND00 -1.#IND00 -1.#IND00 -1.#IND00 
