3.229456 0.367794 1.018526 0.096560 1.526866 1.485022 1.155253 1.115954 -0.016243 0.490735 0.362461 -0.003542 
3.125265 0.325674 1.269599 -0.483743 0.906212 0.171441 0.768316 0.787317 0.175127 0.391423 -0.117910 -0.042754 
3.341789 0.724811 0.944801 0.089569 1.210333 0.779194 0.686829 1.317356 0.074497 0.211241 0.235196 0.011274 
3.158336 0.087969 1.610176 -0.360215 1.219572 0.841540 1.031092 1.041051 -0.018780 0.215305 0.166574 -0.007973 
3.032007 0.282592 1.139959 -0.302624 0.965039 0.557335 1.079782 0.905086 0.034175 0.066405 -0.290445 -0.013581 
3.144400 0.666610 1.377767 0.601280 2.416222 0.148136 0.368964 1.525386 0.511342 0.503076 0.263239 0.002284 
3.425674 0.306702 0.364836 -0.763873 0.752788 0.674558 0.501038 1.213405 0.537451 0.134867 0.264398 0.035175 
3.216033 0.444766 1.111153 -0.570082 1.017585 0.630177 0.184478 0.463659 0.149747 0.207481 0.261000 0.010804 
3.383827 0.542879 0.927543 -0.736726 0.979592 0.974590 1.271111 0.940077 0.418209 0.184811 0.081041 -0.003164 
2.949966 0.258508 0.295401 -0.474230 0.459589 0.120892 0.737558 0.636579 0.072252 0.393394 0.049565 0.003846 
3.239945 0.738862 0.717076 -0.386591 1.471944 0.664402 0.962261 1.035244 0.129460 0.509551 0.232181 -0.001600 
3.124652 0.305672 0.805889 -0.701946 1.639784 1.233861 0.534115 0.186167 0.850045 0.402634 0.165589 0.017445 
3.287666 0.337725 1.110436 -0.105139 0.306452 0.671713 0.462732 1.046056 0.715761 0.323337 0.169893 -0.004612 
3.512356 0.013659 1.119842 -0.523263 1.659271 0.497874 1.712910 0.959602 0.296544 0.299217 0.082256 0.034921 
3.446691 0.940354 1.366932 -0.802048 1.309070 0.314440 0.510027 1.355012 0.134973 0.298490 0.207946 0.002124 
3.257674 0.463860 0.863158 -0.991363 1.676599 0.779563 0.654643 0.491275 0.351909 -0.086250 -0.089068 0.006686 
3.668509 -0.820672 0.105568 -1.249543 -0.086450 -0.258558 0.047626 0.155089 -0.020012 -0.042859 0.059016 0.040284 
3.147290 -0.687886 0.988108 -1.231937 0.313832 -2.153416 0.139888 -1.262213 -0.327179 0.396518 -0.013800 0.103704 
2.737414 -1.083472 -0.041233 -1.143590 -0.257389 -0.574289 -0.033177 0.676272 -0.108293 -0.040895 0.063949 0.070300 
2.821470 0.424507 0.608975 -0.608197 0.272760 -1.427617 -0.265063 -0.503203 0.492752 -0.030769 -0.064625 0.108784 
2.756607 0.392524 0.225174 0.321154 -0.330882 -0.954193 -0.462842 -0.051901 -0.122990 0.114997 -0.341047 -0.017449 
1.752078 0.508855 0.309029 -0.254382 -0.811016 -1.730319 -1.196102 -0.262499 -0.207797 0.104798 -0.317143 -0.052217 
2.234342 0.874688 0.705197 -0.829703 0.025801 -0.148649 -0.701347 0.122691 -0.545661 -0.227732 -0.149855 -0.026967 
0.814250 2.250568 1.408369 0.554372 0.564589 -0.188705 -0.300085 -1.196227 -0.715990 -0.297812 -0.346083 0.035318 
1.372611 1.586918 0.443923 0.909174 0.341486 -0.622945 -0.207509 -1.084840 -1.031182 -0.357095 -0.220005 -0.036907 
0.956429 1.480182 1.430886 0.982693 0.003460 -0.719126 -1.042617 -0.688719 -0.667278 -0.502257 -0.203674 -0.125782 
1.423436 1.124638 1.362365 0.329693 -0.243525 -1.335175 -0.915123 -0.973020 -0.190906 0.334612 -0.091932 -0.041702 
1.536981 1.107568 1.353167 0.928066 -0.083362 -0.021601 0.476406 0.454382 0.322481 -0.113029 -0.145838 -0.017828 
0.954611 0.737017 1.385390 0.638299 1.211145 0.119535 1.709958 1.619941 0.343036 0.030167 -0.076158 -0.070947 
0.857212 1.469921 0.683410 0.574409 1.855888 1.317417 1.645367 0.601201 0.420506 0.237801 -0.027799 -0.050836 
1.068635 0.690478 0.033715 1.566167 2.562736 1.179419 1.558838 1.429883 0.551109 0.078769 0.109433 -0.098015 
0.990765 1.242568 0.787924 1.576302 1.383418 1.343431 0.943963 0.176794 0.931810 0.113331 -0.042360 -0.026514 
0.640454 0.945145 1.436884 0.563723 2.311244 1.926633 1.620111 0.379772 0.601203 0.283785 -0.013941 -0.034480 
0.426755 0.902241 1.564064 1.130820 2.250780 1.351405 1.206297 1.024900 0.370723 0.414939 -0.087940 -0.037827 
2.017116 1.046294 1.351015 0.883716 1.009631 1.387741 1.016719 -0.021516 0.458645 0.293605 0.019288 0.006165 
5.118698 0.578126 1.364587 0.466326 0.625860 1.102100 0.038896 0.285190 1.022543 0.512650 0.003941 -0.042837 
6.297487 3.353406 1.106560 1.071445 1.034988 -0.142866 -0.182119 0.683855 0.651162 0.379996 0.132096 0.029680 
4.394026 3.543770 2.048450 0.707988 0.183145 0.297206 0.593712 0.639173 0.281268 0.065153 0.082009 0.004686 
3.592035 3.095790 2.564966 1.799858 1.095644 0.701759 0.594801 0.577588 0.419544 0.306369 0.190244 0.046315 
3.004122 2.550624 2.389589 2.251026 1.837051 1.427287 1.204856 0.999876 0.660264 0.356841 0.175007 0.056006 
2.822590 2.347993 2.087039 1.766730 1.515216 1.336290 0.892025 0.597300 0.446179 0.286684 0.154759 0.033164 
4.001874 2.952958 2.597260 2.388900 2.286929 1.763301 1.694725 1.432686 0.910966 0.406496 0.102524 0.054387 
3.492250 2.052876 2.411571 2.005166 2.288229 1.255470 1.044404 1.575539 0.645358 0.206044 0.267734 0.066713 
3.498469 1.120897 0.834186 0.208257 2.437079 1.736202 1.236784 0.791205 0.806500 0.533560 0.224037 0.025448 
3.305719 0.851356 0.749519 0.182223 1.091979 0.891749 0.892075 1.335135 0.672453 0.008640 0.191904 0.013557 
2.979281 0.573694 0.912864 0.072111 0.901291 0.977035 0.780544 0.576515 0.055323 -0.268459 0.214515 0.062309 
3.205716 0.494320 1.191916 -0.586767 0.836839 1.359340 1.452333 1.255952 0.648633 0.401941 0.138351 -0.032989 
3.436703 0.321004 1.138868 -0.479535 1.786179 1.307701 1.359276 1.314500 0.359017 -0.028954 0.311289 0.063825 
-1.#IND00 -1.#IND00 -1.#IND00 -1.#IND00 -1.#IND00 -1.#IND00 -1.#IND00 -1.#IND00 -1.#IND00 -1.#IND00 -1.#IND00 -1.#IND00 
-1.#IND00 -1.#IND00 -1.#IND00 -1.#IND00 -1.#IND00 -1.#IND00 -1.#IND00 -1.#IND00 -1.#IND00 -1.#IND00 -1.#IND00 -1.#IND00 
