2.993870 0.617696 0.702423 -0.340137 0.237222 1.060632 0.331261 0.507056 0.447916 0.229479 0.087494 -0.008250 
3.242980 0.603618 1.293679 -0.330756 1.710887 1.220058 0.608035 0.978291 1.050710 0.091525 0.357548 0.041192 
3.323192 0.743567 0.760483 -0.902762 1.083457 1.267408 1.132681 0.678445 0.283115 0.295917 0.284247 0.029206 
3.024730 0.224826 0.966972 -0.838614 0.968557 1.157841 0.521799 0.555990 0.143173 0.371162 0.252040 -0.021015 
3.372580 0.299503 1.049831 -0.799402 0.873493 0.291887 1.204753 1.123943 0.321499 0.539496 0.091554 -0.015584 
3.551213 0.261211 0.934547 -0.242641 1.421409 1.432949 0.178702 1.104274 0.313278 -0.119131 0.268842 0.041802 
3.157016 1.073435 1.050839 -0.652342 1.097206 0.798270 0.909013 -0.134682 -0.108873 0.174817 -0.118751 0.034060 
3.227403 0.675278 0.853853 -0.598713 0.971935 1.884660 0.655200 0.876835 0.954477 0.038255 0.228073 0.023598 
3.205838 0.499258 0.908594 -0.709120 0.483119 1.019806 0.825341 0.898306 0.032927 0.276919 0.120135 0.017621 
2.975875 0.548175 1.065290 -0.191010 0.834213 1.569155 1.737879 1.347610 0.260742 0.189189 0.122159 -0.033200 
3.021110 0.080602 0.996697 -1.329397 0.567830 0.346056 0.757273 0.749041 -0.253508 -0.381453 -0.056493 0.002547 
3.292352 0.379184 1.434369 -0.497603 0.944725 0.681948 0.685632 0.985319 0.803687 0.190961 0.126968 0.008321 
3.269734 0.772047 0.730855 0.003297 1.531318 1.544081 1.160535 0.848897 0.642498 0.468760 0.179237 -0.015933 
3.117439 0.115874 0.145941 -1.037462 0.764139 0.454784 -0.134864 0.797865 0.145820 0.104336 0.167498 0.037902 
3.201111 0.206532 1.412626 -0.581483 1.212816 0.344263 0.500468 0.465097 0.196267 0.191978 0.208282 0.039633 
3.515290 0.628952 0.870157 -1.237840 0.589407 0.206321 -0.218255 0.845054 -0.021191 0.051591 0.043646 0.000047 
3.713083 0.050703 0.075451 -1.210170 0.167611 0.178023 0.516420 -0.119550 -0.475770 0.113800 0.059162 0.043380 
3.544331 -0.772981 0.573996 -0.231012 0.313345 -0.904830 -1.008946 -0.145012 -1.084561 0.154838 0.138833 -0.021546 
2.547137 -0.019229 -0.075702 -0.706190 -0.226590 -0.130930 0.315109 -0.156542 -0.005223 0.257979 -0.077054 0.062550 
2.578616 0.557624 0.017837 -0.079547 -1.273445 -1.400475 -0.028428 -0.268220 -0.612853 0.076964 -0.152734 0.018411 
1.901299 0.206783 0.241526 0.140349 -1.232649 -1.068728 -0.707997 -0.571742 -0.497065 -0.278791 -0.112572 0.048904 
1.939046 -0.112978 0.026315 -0.016438 -0.355064 -1.312296 0.080226 -0.807595 -0.176982 -0.329300 -0.082280 -0.020617 
1.934622 0.545178 0.036393 0.432697 -0.513236 -1.549038 0.247371 -0.002048 -0.193554 -0.007605 -0.085552 -0.000569 
2.872084 0.390114 0.711117 0.371846 1.430322 -1.468030 -0.518059 -1.419445 -0.531401 0.155413 -0.202463 0.032945 
1.306724 0.979833 0.810541 1.045883 0.593433 -1.385586 -0.920406 -0.474074 -0.627701 -0.382939 -0.408674 -0.094040 
1.056501 1.743644 1.039975 0.724753 1.167961 -1.248745 -1.023988 -0.794948 -0.602403 -0.589984 -0.111278 -0.088750 
1.226594 1.493167 0.898535 0.429729 -0.015793 -0.548877 -0.928904 -0.504307 -1.047163 -0.075908 -0.146158 -0.004721 
1.664387 1.053311 1.191879 0.686971 -0.404322 -1.261397 -0.897118 -0.871433 -0.026795 0.249048 0.027118 -0.038205 
1.706506 1.734334 0.801315 0.281706 1.022515 -0.005688 0.113920 -0.481345 -0.159942 -0.092124 -0.031494 -0.059020 
1.053493 1.421640 0.456399 -0.244300 0.870688 1.140711 1.703435 0.475995 0.210597 0.059737 -0.050145 -0.137683 
1.231064 0.614839 0.801246 0.583394 1.227141 0.727497 2.515134 0.895520 0.579773 0.205494 -0.180957 -0.096525 
1.186232 1.432521 0.064852 0.566029 2.320430 0.564814 1.378116 0.748269 0.471924 0.097313 -0.051690 -0.054552 
0.584171 0.712554 0.457300 1.901958 1.934386 1.920115 1.378732 1.193147 0.239012 0.238463 0.146086 -0.120985 
0.847503 0.989600 1.342885 2.061452 1.207378 0.515118 1.499174 0.546542 0.714790 0.121052 -0.129342 0.017147 
0.803863 1.109792 0.602471 1.738555 2.007302 1.253445 2.201462 0.181754 0.864680 0.499322 -0.263988 0.021740 
1.153607 1.309152 1.508210 2.136096 0.615876 0.459849 1.485999 0.988895 0.530394 0.539142 -0.043340 -0.001799 
4.331097 0.304672 1.126531 0.361294 0.447215 0.231192 1.381282 0.993860 0.512221 0.302484 0.202988 0.030857 
4.338605 1.514593 0.956251 0.791869 0.509912 0.718548 0.577421 0.377887 0.216480 0.210165 0.266661 0.049806 
4.780960 3.202372 1.184247 0.109469 0.239586 0.849237 0.943407 0.576878 0.322103 0.287262 0.347295 0.103480 
4.258836 3.424110 2.177872 1.293500 0.756867 0.839200 0.739097 0.568547 0.604827 0.313920 0.093798 0.017145 
3.287916 2.777463 2.162822 2.164685 1.896788 1.644618 1.120828 0.570584 0.375868 0.095580 0.068024 0.019199 
2.745306 2.290294 2.262313 1.903313 1.862677 1.362928 0.878086 0.640367 0.438724 0.189506 0.156363 0.025736 
5.038496 2.833750 3.637139 3.518248 2.981651 1.719052 1.431521 1.221356 0.293205 -0.299193 0.257917 0.107219 
3.513055 1.958001 1.546386 0.725089 2.498276 2.299383 0.947871 1.548136 0.830908 0.300165 0.098786 0.010685 
3.155706 0.344361 0.550972 -0.458669 1.504612 1.049073 0.699664 0.971142 0.500053 0.202711 -0.037785 -0.020808 
3.327223 0.507749 1.329267 -0.330930 1.878209 0.963795 0.130624 1.020991 0.617426 0.153350 0.009074 -0.010042 
3.487599 1.008503 0.873411 -0.292053 1.344719 1.474342 0.653136 1.084075 0.498561 0.210106 0.327828 0.049639 
3.354044 0.862526 1.317618 -0.108667 1.004107 1.712737 0.819914 1.228390 0.559052 0.506387 0.251026 -0.006582 
-1.#IND00 -1.#IND00 -1.#IND00 -1.#IND00 -1.#IND00 -1.#IND00 -1.#IND00 -1.#IND00 -1.#IND00 -1.#IND00 -1.#IND00 -1.#IND00 
-1.#IND00 -1.#IND00 -1.#IND00 -1.#IND00 -1.#IND00 -1.#IND00 -1.#IND00 -1.#IND00 -1.#IND00 -1.#IND00 -1.#IND00 -1.#IND00 
