2.009469 -0.169039 1.487258 -0.305603 1.943894 -0.849045 2.421995 0.957457 0.169138 0.180460 0.118249 0.035423 
2.665731 0.674007 0.908441 -1.060979 1.618252 0.116935 1.699864 0.666673 0.291443 0.074642 -0.037093 0.022918 
3.139091 0.920382 0.614385 -0.378689 1.852051 1.490306 1.368464 1.123213 0.363966 0.162985 0.146610 -0.018735 
3.137636 0.451747 1.193790 -0.463119 1.288678 1.611185 1.081828 0.590310 0.808007 0.238065 0.237713 0.035442 
3.267615 0.354976 0.952279 -0.378554 1.953208 0.657946 0.819473 0.530403 0.137691 0.297277 0.309492 0.062465 
3.177104 0.501114 1.254472 0.168801 0.850864 0.097734 0.247203 0.969312 0.412534 0.314364 -0.045069 -0.018418 
3.241922 0.332509 1.265824 -0.582719 0.985068 0.567091 0.901603 1.032837 0.467774 0.464689 -0.068782 -0.058039 
3.425249 0.479228 0.669262 -1.182623 1.294696 1.523600 0.578861 0.431173 0.069234 0.256302 0.060702 -0.022303 
3.236129 0.393026 1.142787 -0.783524 1.670985 1.049703 0.186782 0.937644 0.171009 0.120915 0.335668 0.007964 
3.215173 0.456911 0.756849 0.022425 1.587346 1.244492 1.841719 0.921467 0.503551 0.214832 -0.000213 -0.006813 
3.132483 0.324578 0.652734 -0.172295 0.865711 1.552725 0.826469 0.863744 0.628517 0.414934 0.169239 -0.028443 
3.110114 0.533996 1.551005 -0.478038 0.730997 0.952045 0.377388 0.728439 0.008129 0.422838 0.437800 0.025789 
2.888240 0.182958 0.426516 -1.258616 1.051963 0.879728 0.004788 0.896562 0.366888 0.394147 0.251305 -0.022618 
3.089453 0.311514 0.476320 -0.707308 0.284073 1.071866 0.719854 0.669791 0.219990 -0.214109 0.027962 -0.014989 
3.113189 0.468059 0.629665 -0.424881 0.025382 1.024620 0.254914 0.930392 0.477921 0.271194 -0.103165 -0.028069 
3.018195 0.391136 0.246801 -0.287265 -0.322197 0.268452 0.737735 0.313356 0.423204 0.159841 -0.031318 0.016983 
3.959435 0.300794 0.757544 -0.504925 0.875537 0.434734 0.035255 1.021716 0.143279 -0.060829 -0.053634 0.004462 
3.492025 -0.971107 -0.306020 -1.501343 -0.272071 -0.186280 0.430028 -0.278538 -0.542219 -0.335290 -0.077635 0.038974 
2.444159 -0.663656 -0.182535 -0.510488 0.179182 0.441136 -0.502048 -0.161032 0.234113 0.380189 0.192426 0.106557 
2.258161 -0.005190 0.435505 -1.030445 -0.466561 0.044491 0.152843 0.322193 -0.223535 -0.515850 0.167108 0.116572 
1.906840 0.822176 -0.605651 -0.100227 -0.468321 -1.440206 -0.489882 -1.095833 -0.413583 0.233857 -0.045057 0.004977 
2.163287 0.416179 -0.041893 -0.552601 -1.376291 -0.633672 -0.370223 -0.521918 -0.418895 -0.076917 0.067736 0.083727 
2.144133 0.401416 0.397959 -0.287078 -0.390600 -1.298439 -0.278105 -0.584771 -0.566660 -0.036358 0.245315 -0.066794 
1.172933 0.946438 1.934737 0.402158 1.653879 -0.154877 -0.663733 -1.310787 -0.684479 -0.697858 -0.144421 0.045121 
1.198064 0.828129 1.651718 0.638403 0.643565 -0.271328 -0.587388 -0.935033 -0.947573 -0.239831 -0.236091 -0.066313 
0.968770 1.551385 1.055265 0.586842 0.182637 0.160357 -0.985701 -0.724963 -1.016344 -0.150124 -0.421923 0.001490 
1.187552 1.619997 1.270882 0.276505 0.423477 -0.945972 -0.925056 -0.146238 -0.571646 -0.043727 -0.034002 -0.042788 
1.433917 1.683797 1.012237 0.164675 0.361313 -0.637195 0.658113 -0.694328 -0.339674 -0.133558 0.117940 -0.056090 
1.759727 0.974421 0.203455 1.170828 0.405398 1.157050 0.111672 0.199468 0.387355 -0.262855 -0.010234 -0.068067 
1.089912 0.775625 0.246691 0.979857 1.698316 0.535216 1.684040 0.802534 1.028497 0.206342 -0.238133 -0.105834 
0.770143 1.394318 1.144318 0.202702 1.269783 2.209941 0.333011 0.438445 1.257451 0.057646 0.117534 -0.070111 
1.061345 0.737272 1.175760 0.673697 2.104681 1.157345 0.908210 0.930493 0.903168 0.240624 -0.041608 -0.063905 
0.831916 1.265066 1.347144 0.979944 1.360285 1.568818 1.265585 0.772647 0.718313 0.059543 0.032440 -0.034649 
0.917060 0.315312 1.347543 1.973706 1.248213 1.710457 1.108166 1.135383 0.629827 -0.302958 -0.031098 0.030216 
1.102046 1.039525 0.345548 1.378568 1.974480 1.120808 1.033754 1.826519 0.476585 0.119573 -0.032060 -0.074769 
0.722850 1.551827 1.794768 1.478098 0.707461 1.220834 1.025167 0.658367 0.736780 0.112337 0.203318 -0.074284 
1.836890 0.906689 0.683277 1.273082 1.022866 0.580639 0.625190 0.752517 0.748367 0.302199 0.126654 -0.027239 
4.649880 -1.430055 1.869168 -0.148124 1.726047 1.093189 0.765329 1.471298 0.520309 -0.148693 -0.056929 0.026309 
7.322551 3.163285 -0.256535 -0.083483 0.940117 1.187417 0.601980 0.152078 0.472725 0.322263 0.283802 0.099862 
5.775733 4.284873 1.749338 0.201183 0.358331 0.865559 1.254509 1.005214 0.384419 0.198361 0.075859 0.031255 
4.095972 3.606795 2.588396 1.327348 0.452332 0.219664 0.226273 0.220279 0.383243 0.249218 0.068139 0.030657 
3.236726 2.797483 2.526655 2.100600 1.541230 1.093676 0.765756 0.615333 0.539877 0.459333 0.321061 0.067661 
2.812966 2.355366 2.155281 1.782367 1.606031 1.440169 0.994186 0.663367 0.402915 0.275800 0.164253 0.041338 
3.102250 2.612559 2.526429 2.389180 1.999422 1.592493 1.237327 0.873750 0.431661 0.212597 0.195681 0.049357 
4.132906 2.006037 2.035215 2.535377 2.947687 2.345718 2.276695 1.266360 0.269720 0.325677 0.216381 0.098865 
3.617199 1.975621 1.745906 1.136085 2.610600 1.513614 1.697613 1.436351 0.519686 0.441209 0.344318 0.086831 
3.101579 0.866020 1.460297 0.069763 1.826095 1.375972 0.679671 0.265533 0.012114 0.250150 0.375698 0.064973 
3.169189 0.534040 1.461531 -0.416785 1.275156 1.051789 0.028424 0.559440 0.047511 0.349822 0.245691 0.010660 
-1.#IND00 -1.#IND00 -1.#IND00 -1.#IND00 -1.#IND00 -1.#IND00 -1.#IND00 -1.#IND00 -1.#IND00 -1.#IND00 -1.#IND00 -1.#IND00 
-1.#IND00 -1.#IND00 -1.#IND00 -1.#IND00 -1.#IND00 -1.#IND00 -1.#IND00 -1.#IND00 -1.#IND00 -1.#IND00 -1.#IND00 -1.#IND00 
