3.024648 0.139313 0.405938 -0.785876 0.714846 0.136244 0.492321 0.902506 0.327114 0.387253 0.001044 -0.068410 
3.239167 0.124611 0.715608 -0.371640 1.133457 0.663458 0.502140 0.633394 0.314370 0.536173 0.158689 -0.010293 
3.598803 0.286551 0.915396 -0.963099 1.374109 1.181151 0.235128 0.717886 0.505237 0.374020 0.191842 0.004370 
3.433174 0.638466 1.370545 -0.615944 2.428932 1.670049 1.012842 1.038849 0.158214 0.204145 0.223084 -0.001750 
3.306990 0.233988 0.890036 -0.099616 0.988991 1.777848 0.627619 0.950496 0.394680 0.161012 0.140074 -0.041785 
3.115470 0.730767 0.808445 -0.263440 1.350759 1.281245 0.549679 1.032843 0.598326 0.303828 0.090443 -0.087923 
3.124780 0.971249 1.254631 0.309089 0.964533 1.155054 0.838055 1.188770 0.400704 0.215688 -0.041302 -0.041903 
3.414125 0.990694 1.026264 0.205950 0.973394 1.685399 1.073874 1.078093 0.696810 0.235403 0.232437 0.002928 
3.413932 0.236082 0.594982 -0.224736 1.225725 0.953878 1.708765 1.307489 0.218990 0.198884 0.193322 -0.009151 
3.395347 0.630234 0.983973 -1.002533 1.993109 0.648065 0.816954 0.823138 0.365633 0.361873 0.075038 -0.013760 
3.589830 0.669676 0.824509 -0.512202 2.047321 1.323331 1.048903 0.843844 0.419200 -0.043764 0.064575 -0.010209 
3.084070 0.609228 1.227766 -0.447455 1.369108 1.984202 1.077536 1.128276 -0.145442 0.286310 0.197379 -0.043563 
3.281101 0.379958 0.660862 -0.295891 1.589913 1.972353 1.116992 0.986503 0.487944 0.055114 -0.134946 -0.033792 
3.776315 0.808694 1.298808 -0.923774 1.223681 0.872918 1.383348 0.576905 0.607227 0.389822 0.052004 -0.002404 
3.426758 0.360566 0.659645 -1.150438 0.811686 0.871738 0.666128 0.942911 0.384512 0.131329 0.018167 -0.028741 
3.713383 0.438453 0.521634 -0.926468 0.744382 0.149898 0.236554 0.133460 0.337543 0.101410 0.041333 0.043687 
3.254185 1.176646 0.904501 -0.890452 0.012708 -1.094068 -0.950237 -0.472465 1.255265 -0.637416 -0.311707 0.053206 
3.288339 0.439228 -0.172283 -0.073344 0.277638 -1.161156 0.150150 -0.347419 -0.730718 -0.116820 -0.172141 0.048690 
2.311849 1.437437 -0.399825 -0.222923 0.413434 -1.537533 1.256300 -0.122917 0.435107 0.416458 -0.241372 0.160877 
1.419989 1.448017 -0.007767 -0.452564 0.258506 -1.178796 0.509963 -0.755109 -0.136891 0.352700 -0.181299 0.149636 
1.241988 1.353301 0.182805 -1.357135 1.061928 -2.231042 -0.037807 -0.994748 -0.108715 0.312852 -0.156439 0.045525 
1.169794 1.070487 0.505098 -0.324659 0.028346 -1.610626 0.841402 -0.444109 -0.149246 0.124264 -0.054986 0.097908 
2.286092 0.995197 0.121619 -0.690405 0.156462 -0.784129 0.148828 -0.735062 0.086502 -0.145446 -0.078973 0.049120 
0.773785 1.297366 1.804951 1.139920 0.041946 0.269301 -0.942982 -0.824899 -0.830404 0.257156 -0.325221 -0.054188 
1.332609 1.376341 1.007076 0.773721 0.141888 -0.327355 -0.321962 -1.049349 -0.436743 -0.325846 -0.378681 -0.007232 
1.156098 1.555753 1.531815 0.418980 -0.023360 -0.993429 -0.751435 -0.660102 -1.136954 0.143709 -0.297481 -0.091891 
1.314323 1.515151 1.070662 0.562489 -0.545850 -0.446064 -0.688434 -0.598204 -0.831128 0.142189 -0.144205 -0.084700 
1.718623 1.048869 1.349331 0.010886 1.177577 -0.517130 -0.014258 -0.055475 -0.526421 0.146022 -0.440767 -0.039438 
1.290921 0.584888 0.674928 1.173970 0.009757 1.169453 1.375944 0.494103 0.830351 -0.124732 -0.194613 -0.094859 
1.424013 0.679124 0.449830 0.824668 1.634542 1.703392 0.862847 1.036096 0.451977 0.406507 -0.067776 -0.115684 
0.812694 1.083290 0.622141 1.714687 2.421123 1.341675 1.012231 0.430939 0.401758 0.177811 -0.181288 0.041059 
0.589611 0.861573 1.322980 1.939525 1.813147 1.560656 1.395376 0.151364 0.430131 0.558199 -0.095597 -0.017386 
0.864737 0.960186 1.253876 1.285710 1.833602 0.669716 1.276560 0.829865 0.278256 0.578486 -0.114007 -0.029232 
0.881774 0.721305 1.062701 2.246287 0.774998 1.387475 2.022824 1.336276 0.750107 -0.010471 -0.035357 -0.022408 
0.660124 1.245149 0.596631 1.676355 1.347363 2.155331 1.439641 0.683739 0.890816 0.409621 -0.174997 0.001026 
1.013552 1.235133 1.667490 1.173153 2.468463 0.442997 0.269227 0.740114 0.188830 0.350066 0.134138 -0.036418 
4.254841 -0.281405 0.945134 0.860753 2.268138 1.036484 0.844979 0.354199 0.552309 0.317022 -0.087723 -0.034046 
5.043259 1.947147 -0.267519 0.513237 1.475278 0.828961 -0.006908 0.288116 0.528974 0.349731 0.249847 0.026886 
3.072735 1.812383 1.570197 2.382894 1.880861 -0.115643 -0.823200 -0.038316 0.505983 0.351095 0.186893 -0.011772 
3.569063 3.194375 2.983173 2.777180 2.060282 1.060073 0.425980 0.316480 0.269778 0.166167 0.245416 0.036934 
4.171528 3.816393 3.420624 2.797581 1.933053 0.883114 0.558095 0.104775 0.055072 0.119946 0.193482 0.045178 
3.921444 3.570792 3.533862 3.093608 2.526332 1.433308 1.241311 1.057619 0.176821 0.137924 0.304835 0.056866 
4.511203 3.725602 3.455966 2.644759 2.845384 2.423783 1.515797 1.503165 0.298436 0.053831 0.223430 0.046668 
3.825177 2.735270 2.680608 2.462828 2.852973 2.134002 1.062959 1.560804 1.067422 0.708698 0.025540 0.045651 
3.028992 1.497747 1.268702 0.980437 2.214127 2.177848 1.844175 1.243256 0.574848 0.055620 0.033361 0.040399 
3.548475 0.191912 0.922329 -0.038085 1.844871 1.350279 1.155245 1.281286 0.430407 0.340554 0.316748 0.009033 
3.387030 0.845241 1.170250 -0.068866 0.642425 0.744404 1.074138 1.554141 0.698568 0.033285 0.090515 -0.023129 
3.234931 -0.111552 0.659658 -0.599718 1.075056 0.412469 0.780097 1.340735 -0.253295 -0.210820 0.182042 0.013722 
-1.#IND00 -1.#IND00 -1.#IND00 -1.#IND00 -1.#IND00 -1.#IND00 -1.#IND00 -1.#IND00 -1.#IND00 -1.#IND00 -1.#IND00 -1.#IND00 
-1.#IND00 -1.#IND00 -1.#IND00 -1.#IND00 -1.#IND00 -1.#IND00 -1.#IND00 -1.#IND00 -1.#IND00 -1.#IND00 -1.#IND00 -1.#IND00 
