3.349508 0.426263 0.969271 -0.988085 0.740910 0.956633 0.425255 0.622807 0.397610 0.334928 -0.010490 -0.030616 
3.442578 0.798150 1.152942 -0.737000 0.976580 0.827555 -0.080800 1.033782 -0.179663 0.099538 0.023676 -0.045936 
3.564862 1.065359 0.691227 -0.215262 1.066506 0.848999 0.295871 0.566592 0.314357 0.394169 0.228195 0.025447 
3.702795 0.425903 1.329147 -0.555568 1.578516 1.527530 0.755483 0.859305 0.496582 -0.008549 0.181438 0.030281 
3.551147 0.699706 1.416597 -0.046275 1.872030 0.381172 0.434589 0.475249 -0.130188 0.387616 0.008961 -0.048277 
3.468127 0.869784 1.464552 -0.285208 1.218403 0.663918 0.132203 0.511211 0.277008 -0.025824 0.029872 -0.031939 
3.335359 0.566907 0.812653 -0.069469 1.109460 0.273477 0.471375 1.171415 -0.283370 -0.163400 0.055751 -0.050673 
3.745084 0.560161 0.743216 -0.284359 0.861713 1.153578 1.144349 0.975469 -0.174432 0.120646 -0.034977 -0.076459 
3.442745 0.546169 1.617646 -1.263846 1.928899 1.047610 0.754724 0.442217 0.340049 0.493996 0.142290 -0.005316 
3.755948 0.468463 1.256418 -0.416768 0.765978 0.902153 0.961098 1.530197 0.225634 0.105376 -0.013710 -0.060778 
3.659776 0.692641 1.103669 -0.311807 2.326090 1.109638 0.760201 0.432016 -0.253159 -0.128879 -0.004075 0.008817 
3.758402 0.823894 0.785035 -0.369901 1.386863 1.110521 0.811710 0.898279 0.081518 0.688377 0.288828 -0.024377 
3.539352 0.650893 0.899969 -0.151451 1.061419 0.648298 0.815078 0.702304 0.021945 0.171225 0.028660 -0.004343 
3.628742 1.209277 0.698469 -0.285542 1.056638 0.600701 0.509788 1.090140 0.675864 0.467999 0.123686 -0.006971 
3.903022 0.377579 0.614824 -0.424788 1.139210 0.267932 0.196126 0.254488 0.421140 0.444202 0.183187 0.025896 
2.494587 -0.059230 0.720950 0.347223 -0.176498 -0.327216 -0.898337 0.211671 -0.458958 0.260883 0.106011 0.096240 
2.600911 -0.038433 0.244022 0.232435 -0.084599 -0.410742 -0.393059 -0.488466 0.061453 -0.209130 -0.009316 0.068863 
1.871870 -0.005426 -0.025049 -0.011620 0.855005 -1.410070 0.762373 -0.059375 -0.161459 0.229689 0.088267 0.105349 
1.812197 -0.022429 0.418850 -0.886873 -0.069653 -1.325031 1.472174 0.566792 -0.026979 0.091196 0.207125 0.080632 
1.658483 0.375795 -0.156971 0.076705 -0.773708 -1.009803 -0.457208 -0.288888 -0.290822 0.543344 0.240159 0.066551 
1.573260 0.164662 -0.679301 -1.565999 -0.773617 -1.392850 -0.483119 -0.631732 -0.261534 0.199767 -0.220885 0.006898 
1.759839 0.119125 -0.044840 -0.374477 -0.379765 -1.354841 -0.121783 -0.007351 -0.495500 0.074617 -0.169902 -0.003526 
1.797564 -0.168641 2.635005 2.198968 0.702540 0.096668 -0.551244 -0.440547 -0.220889 0.122382 -0.362476 -0.123298 
1.209689 0.969544 1.569179 0.797279 1.269664 0.255642 -0.055348 -0.622382 -1.211498 -0.111398 -0.268409 -0.027857 
1.561086 1.005572 1.229551 1.195471 0.004400 0.029372 -0.231885 -1.298958 -1.016180 -0.359012 -0.149844 -0.064494 
0.911899 1.683464 0.714985 0.745551 0.662992 -0.667254 -1.309518 -1.312032 -0.599128 0.049807 -0.239775 -0.173385 
0.929862 1.897159 1.871008 1.249685 -0.489704 -0.253711 -1.399008 -0.707927 -0.189698 0.018027 0.086641 -0.122448 
1.203144 1.648916 1.123204 0.221820 1.324911 0.062073 0.175746 0.097591 0.007273 -0.290685 -0.254569 -0.041628 
1.104834 1.533517 -0.040022 0.450705 1.739504 1.258197 0.907498 0.451718 0.553427 0.568801 -0.142623 -0.151639 
0.948917 0.816107 1.255504 0.991981 1.754747 0.763357 1.826864 0.955532 0.869885 -0.401771 -0.176742 -0.027178 
0.972669 0.921464 1.558235 0.712879 1.120247 1.549583 1.362160 0.389587 1.123378 0.038530 0.081869 -0.077894 
0.850271 0.480876 1.402802 1.762479 1.641490 2.121740 1.279340 0.251044 0.544732 0.321760 0.159245 -0.054968 
1.190631 0.997767 1.933152 0.315899 0.952477 1.980586 0.606624 0.672015 0.745300 0.212619 0.138032 -0.058410 
0.800539 1.697631 1.272438 1.114726 1.717876 1.010060 0.809736 0.693178 0.853270 -0.355675 0.034322 0.001037 
1.108207 0.570426 1.483798 1.036195 1.154531 1.317147 0.913463 1.006214 0.759262 0.700401 0.070383 -0.099992 
2.774690 -0.703519 1.943903 -0.218326 2.409271 1.451060 1.956128 1.150153 0.302874 0.249484 -0.025505 -0.031258 
6.003463 1.636983 0.485436 0.924024 1.423935 0.622242 -0.075860 0.371637 0.208631 -0.079021 0.149725 0.104624 
4.795597 3.406168 1.517874 0.321770 0.095711 0.592851 0.882555 0.767159 0.278034 -0.063865 0.021880 0.001697 
3.830217 3.252691 2.868407 2.092621 0.895921 0.279074 0.118984 0.336952 0.616792 0.563405 0.426488 0.124048 
5.278876 3.564417 4.287864 3.408102 1.564967 -0.037600 0.042590 1.254216 0.395190 -0.109668 0.251570 0.134651 
4.402541 3.567754 3.468470 2.451819 2.392518 2.131790 1.720928 1.038259 0.412118 0.066412 0.218430 0.053724 
3.247843 2.475662 2.521226 2.458712 2.238803 1.883947 1.825190 1.315452 0.397355 0.181056 0.071641 0.052767 
2.793548 2.324196 2.119728 1.728299 1.558381 1.478916 1.223865 1.271041 0.703073 0.310808 0.247057 0.050331 
3.547518 1.281031 1.350831 0.742400 2.092380 1.675032 1.147768 1.902927 0.851361 0.376149 0.212404 0.021848 
3.360397 0.760378 1.302981 0.060362 1.505692 1.188440 0.585755 0.946985 0.353865 0.531817 0.174406 -0.012954 
3.438107 0.756191 0.941351 -0.575912 1.027540 1.169785 0.535459 0.492720 0.373533 0.248926 -0.050970 0.000838 
3.384047 0.339909 1.079271 -0.453220 1.445753 0.608068 0.481310 0.794110 0.237332 0.263388 0.175547 0.017611 
3.405387 0.565047 1.121399 -0.388172 1.397555 1.415910 0.654051 0.734933 0.549066 0.467637 -0.018898 -0.035952 
-1.#IND00 -1.#IND00 -1.#IND00 -1.#IND00 -1.#IND00 -1.#IND00 -1.#IND00 -1.#IND00 -1.#IND00 -1.#IND00 -1.#IND00 -1.#IND00 
-1.#IND00 -1.#IND00 -1.#IND00 -1.#IND00 -1.#IND00 -1.#IND00 -1.#IND00 -1.#IND00 -1.#IND00 -1.#IND00 -1.#IND00 -1.#IND00 
