3.333302 0.251672 0.636199 -0.496936 0.938567 0.502427 1.313538 0.180169 0.508496 0.169252 0.063508 0.027914 
3.381612 0.695316 1.402114 0.364970 2.026962 0.126909 -0.046852 0.545147 0.400487 0.094951 0.400835 0.055721 
3.377787 0.573809 1.179808 -0.913087 0.863203 0.616059 0.369372 0.910556 0.381557 0.158657 0.189585 -0.006154 
3.410778 0.477592 1.258016 -0.825477 1.323535 0.649836 0.737075 1.251492 0.649694 -0.116307 -0.001419 0.008322 
3.279386 0.605066 1.095723 -1.422779 1.313220 0.592246 0.215801 0.260935 0.031348 0.535137 0.103790 0.037209 
3.315439 0.550809 1.416642 -0.272975 1.547657 -0.117912 0.369231 0.651608 0.397671 0.257870 0.041397 0.014438 
3.163358 0.266989 1.075083 -1.362224 1.006231 0.506215 0.576696 1.175383 0.626390 0.021701 0.211757 0.030734 
3.334695 0.047945 0.932673 -0.479096 1.419440 0.471851 0.226719 0.152652 0.373008 0.172805 0.161207 0.019208 
3.712392 0.618727 0.976231 -0.395528 0.927123 1.574585 0.919469 0.166370 0.290825 -0.107771 0.028486 0.033100 
3.565975 0.238102 0.932154 -0.789009 0.919006 1.541030 0.858968 0.536597 0.256850 0.232315 0.111601 -0.005874 
3.365868 0.866493 1.413102 -0.050162 1.390294 1.619964 1.002433 1.263194 1.203305 -0.071382 0.144382 0.026569 
3.436949 0.599801 1.422968 -0.298170 0.759149 0.853998 0.768897 0.330725 0.675135 0.118586 0.174034 0.022961 
3.197761 0.731560 0.851765 -0.444857 0.710046 0.596572 0.196786 0.229200 0.434762 0.132387 -0.004947 -0.019374 
3.264820 0.733587 1.033248 -0.605462 0.527733 0.408110 0.227194 0.358312 -0.033772 0.077259 0.210338 -0.007566 
3.348811 0.764733 0.834631 -0.682251 1.287080 0.915676 0.513557 0.521265 -0.200086 0.197989 -0.055118 -0.030997 
3.294429 0.326246 1.047463 -0.136364 1.487678 0.813898 0.424837 0.328044 0.249588 0.377266 0.186802 0.014902 
3.633058 -0.269917 1.175583 0.105204 1.518239 0.295888 1.545220 0.158680 0.328687 0.547467 0.263054 0.074535 
3.430400 -0.865513 1.565837 -0.166520 0.836208 -0.622749 0.929182 -0.273741 -0.636230 0.439812 0.278554 0.039257 
2.680576 -0.068741 0.335347 -0.239126 -0.988585 -0.815088 0.229526 -0.139905 -0.172603 -0.238884 0.384856 0.062577 
2.473707 0.280840 -0.089728 0.455062 -0.767743 -1.666695 0.441797 -0.009682 0.176353 0.080997 -0.039757 0.037045 
1.578488 0.562416 0.141226 -0.234689 0.187668 -0.899005 0.512117 -0.320971 0.727860 0.265933 0.160061 -0.012573 
2.297556 0.579154 -0.238285 0.204735 0.075351 -0.882559 -0.012875 -0.010093 0.057354 0.157170 0.063487 0.025759 
2.622118 0.034155 0.251864 0.446250 0.937830 -1.648910 0.319834 -0.765610 0.006698 0.305798 0.036820 0.114362 
1.196276 1.452625 0.998714 1.173748 0.551811 0.222364 -1.342027 -0.921058 -0.571917 -0.216354 -0.306435 -0.037970 
1.386286 0.881889 1.645124 0.903073 0.514315 0.194332 -1.599480 -0.571734 -0.652300 -0.381777 -0.218292 -0.016018 
1.160607 1.264181 1.066269 1.091255 -0.156255 -0.460100 -1.132226 -0.687795 -0.241233 -0.740454 -0.120864 -0.079904 
1.940729 1.419646 1.001137 -0.045130 0.045956 -0.003947 -0.700557 -0.018092 -0.355141 -0.342380 -0.176021 -0.049538 
1.153456 0.852736 1.435275 1.149302 1.314642 0.995093 0.300061 -0.232436 -0.467065 -0.170696 -0.191595 -0.015575 
1.274928 1.348910 0.440903 0.648888 0.573851 0.772676 1.199946 1.126202 0.852724 -0.383205 0.209657 -0.141671 
1.139759 0.850014 0.109270 1.112826 1.913805 1.193695 1.273381 0.691938 0.454121 -0.140279 0.197631 -0.127595 
0.588704 1.044856 0.549324 2.119610 1.738761 2.150092 0.917917 0.341724 0.731227 0.438216 -0.022865 -0.042919 
0.717187 0.725668 1.361314 1.132187 1.750766 1.593092 1.297122 0.303206 1.128544 0.170864 -0.125852 -0.012599 
0.657109 1.072479 1.411334 1.486302 1.050749 1.197684 0.962630 0.906789 1.323690 0.250038 -0.019995 -0.067334 
0.645240 0.521926 1.544470 1.368253 2.791318 0.932317 1.498991 1.124543 0.422751 0.268561 -0.014426 -0.029926 
0.482798 0.798660 1.784300 2.455188 1.802696 0.902907 1.804322 0.443379 -0.063708 0.447560 0.037036 0.012201 
3.462437 1.110756 1.235048 1.514211 1.380696 0.467065 0.154822 1.166939 0.680637 -0.170751 -0.105612 0.001894 
3.769074 1.449634 0.485167 0.597372 0.758775 0.933689 0.531828 0.239340 0.290264 0.595169 0.379349 0.040498 
3.448606 2.383154 0.949757 0.546828 1.940256 1.367798 0.275181 0.416948 0.476163 0.163440 0.095667 -0.009168 
6.463039 3.591518 0.654070 0.014374 0.917814 1.020218 0.436026 0.051206 0.268026 0.087105 0.200069 0.085965 
6.800367 3.682871 3.597367 2.035542 -1.025033 -1.199757 0.866187 1.061009 0.652335 0.095989 0.263099 0.080526 
3.867989 3.520022 3.327475 3.001617 2.089907 1.171944 0.728221 0.139922 0.028671 0.162755 0.232999 0.039903 
3.645948 2.693275 2.530902 2.469211 2.081419 1.642018 1.773453 1.495182 0.329692 0.025259 0.035164 0.033428 
4.070410 2.275778 1.982106 1.555706 2.157332 1.561922 1.764945 1.511642 0.612413 0.146460 0.230058 0.081008 
4.270879 1.504761 2.637633 1.634976 2.034188 1.342943 1.643224 2.730528 0.730059 0.048975 0.177332 0.061889 
3.602004 0.683046 0.580979 0.374845 1.385030 0.971783 -0.302438 1.071470 0.027979 -0.051698 0.258413 0.036893 
3.587003 0.487780 1.246969 -0.688661 1.660665 1.384543 0.290132 1.379072 0.392395 -0.103962 0.031818 -0.024296 
3.227168 0.504309 0.756524 0.290104 1.657155 0.347578 1.082536 0.633676 0.057134 0.428191 0.109056 0.027991 
3.234886 0.527992 0.654449 -0.358534 0.872215 0.517960 0.478038 0.171281 0.213341 0.612468 0.147162 0.001667 
-1.#IND00 -1.#IND00 -1.#IND00 -1.#IND00 -1.#IND00 -1.#IND00 -1.#IND00 -1.#IND00 -1.#IND00 -1.#IND00 -1.#IND00 -1.#IND00 
-1.#IND00 -1.#IND00 -1.#IND00 -1.#IND00 -1.#IND00 -1.#IND00 -1.#IND00 -1.#IND00 -1.#IND00 -1.#IND00 -1.#IND00 -1.#IND00 
