3.053923 0.704803 -0.045491 -0.603102 0.570272 0.421358 0.619119 0.849432 -0.233038 -0.031296 -0.000246 -0.006980 
3.624118 0.829616 0.503309 -0.178207 1.468499 0.286694 0.859229 1.009498 0.298116 0.149227 0.123795 0.027556 
3.630686 0.605297 2.153219 -0.375754 0.155354 -0.612260 0.424966 0.817963 -0.399722 -0.794496 0.273083 0.138927 
3.393605 1.232157 1.516480 0.393216 0.666410 0.321521 0.421031 0.582253 0.010308 0.004942 0.327960 0.062839 
3.509183 0.616215 1.121934 -0.265966 1.051852 1.057695 0.275582 1.384221 0.575445 -0.096739 0.054423 -0.010255 
3.451369 0.525753 1.083049 -0.240699 1.195052 0.639982 0.398142 0.858846 0.293871 0.036161 0.038240 -0.017614 
3.750981 0.701815 0.646429 -0.236832 1.157593 1.102437 0.913551 1.055256 0.032283 0.070272 0.249729 0.053131 
3.368305 0.500289 1.112713 -0.819131 1.995659 0.851084 0.692872 1.365118 0.052527 -0.030350 0.265129 0.002847 
3.587005 0.400516 0.561659 -0.434658 1.316171 1.205913 0.298336 1.181580 0.581535 0.362311 0.330292 0.006704 
3.139910 0.863704 1.295075 -0.248057 1.359046 0.831341 0.922972 1.578688 0.114118 -0.056735 0.114655 0.008219 
3.298239 0.866681 1.354267 0.191246 1.466084 0.991491 1.010873 1.044079 0.186342 0.136776 0.123852 0.004844 
3.181966 0.698491 0.710981 -0.796695 0.967196 0.966844 1.023828 0.672817 0.204177 0.162034 0.067568 0.009812 
3.247638 0.589320 0.635866 -0.906327 0.984435 0.743307 0.456667 0.290086 0.235280 0.214372 -0.081203 -0.020842 
3.237002 0.708319 0.582718 -0.341143 1.395835 0.679126 1.078786 1.236714 0.426430 -0.079139 -0.073623 -0.023098 
3.610794 0.513613 0.576382 -0.727603 1.292903 0.832117 0.025819 0.061939 -0.058845 0.338759 0.240530 0.056252 
3.581646 0.336344 1.238397 -1.279058 0.895497 0.768666 0.329760 0.593224 -0.000057 0.016579 0.135322 0.009165 
3.578831 -0.258007 1.147024 -0.757735 0.618169 -0.285873 0.314055 0.773244 -0.012190 0.177031 0.092319 0.027565 
3.044457 -0.090027 1.244506 -0.560992 1.297731 -0.723568 0.205033 -0.439307 -0.039502 0.453873 -0.294345 0.059531 
2.734896 -0.744030 0.660281 -0.178121 0.359234 -0.958780 -0.204052 -0.489270 -0.168404 0.268260 0.008299 -0.032666 
3.011237 0.130752 0.909186 0.014496 0.552906 0.064385 -1.960656 -0.499682 -0.108139 0.025087 -0.012823 -0.009348 
2.260139 0.288111 -0.305067 -1.135087 -0.315147 -0.482332 -0.987124 -1.026389 -0.318617 -0.552174 0.038985 0.066841 
2.126603 0.377100 -0.274209 -0.687164 -0.697988 -1.170585 -0.920699 -0.007232 0.177945 0.455210 -0.028020 -0.044916 
2.702084 0.029358 0.493749 -0.595355 -0.258181 -1.132913 -0.865168 -0.345466 -0.685990 0.233743 0.041066 0.006189 
1.817803 0.600855 2.225816 2.065959 -0.828810 -0.145897 -0.383148 -0.179204 -0.820630 -0.355225 0.251093 -0.095314 
0.990058 2.266084 1.655571 0.388003 -0.085568 0.204116 0.277567 -0.947264 -0.835671 -0.515004 -0.043189 -0.081544 
1.350542 1.505353 0.261539 0.984706 0.383202 -0.805420 -1.447202 -0.769623 -0.740431 -0.465986 -0.089232 -0.130254 
1.570325 1.691671 1.003123 0.026583 -0.353755 -0.308697 -0.937496 -1.052275 -0.812315 -0.100025 -0.210938 -0.020509 
1.245377 1.667775 0.799450 0.576642 -0.752525 -0.212494 -1.167928 -0.323831 -0.772960 -0.502269 0.066204 -0.032368 
1.322815 1.861874 1.047048 -0.025419 0.101837 -0.371052 -1.409791 -0.110000 -0.270887 -0.074189 -0.142113 -0.063002 
1.413943 1.439464 0.257961 0.697120 0.867521 0.467556 0.903398 0.524568 0.078807 -0.247670 -0.170962 -0.052386 
1.177317 0.744390 0.278405 0.857651 1.362523 1.742914 1.788387 0.908383 0.693252 -0.016032 -0.110894 -0.132429 
1.042880 0.760964 0.723343 1.110975 1.253780 1.637290 1.304398 0.876983 0.614568 0.433009 -0.119903 -0.097573 
1.004072 0.639572 1.178167 1.495241 1.927033 0.515287 0.840345 0.826549 0.694414 0.305593 -0.051925 -0.060408 
0.684915 1.534964 1.697734 1.853736 1.330988 1.584145 1.450442 0.547352 0.232572 0.168099 -0.149734 0.055397 
1.126563 0.586803 0.632636 1.660447 2.914484 0.447947 1.635752 1.251540 0.540431 -0.057828 0.191259 -0.024722 
1.120815 1.737000 0.451124 1.579202 0.968005 1.504664 0.469247 0.590995 0.971631 -0.028346 -0.077333 0.022984 
3.270368 -0.280017 1.643082 0.395539 0.775377 1.271033 0.397231 0.350459 0.512655 0.760314 0.121760 -0.058835 
5.167509 0.688472 0.413506 1.118096 0.926829 0.818146 0.340661 1.117349 0.966108 0.439025 0.138622 0.006625 
4.126593 2.884117 1.553354 0.695702 0.739121 1.158529 0.856746 0.218945 -0.108133 -0.066712 0.065688 0.021947 
6.260128 3.883491 2.456377 1.719689 0.221584 -0.293905 0.719264 1.288975 0.632314 -0.061707 0.179563 0.097777 
4.055516 3.455240 3.301111 3.154750 1.924608 0.988941 0.936365 0.540063 -0.133979 -0.129273 0.255599 0.035767 
3.758394 3.515108 3.392132 2.990231 2.379168 1.592351 0.885301 0.439057 0.136002 0.170211 0.333557 0.051943 
3.612343 3.157385 2.824636 2.501467 2.353809 1.892659 1.487098 1.430300 0.671802 0.351051 0.167108 0.063727 
3.266530 2.559986 2.657048 2.233573 1.766922 1.567223 1.512200 1.136456 0.710899 0.507754 0.262471 0.077630 
3.116363 1.638590 1.788948 1.526031 1.775070 2.203205 2.048371 1.497733 0.664494 0.303821 0.187129 0.063629 
3.170046 1.182790 1.291948 1.040240 1.512870 1.884489 1.201471 0.587376 0.821389 0.492305 0.286543 0.032504 
3.100769 0.751178 0.762966 -0.633886 1.274671 1.257529 1.095321 0.686816 0.029117 0.394862 0.083280 -0.003191 
3.016913 0.256787 0.818048 -0.544442 0.777391 1.252583 -0.077017 0.361895 0.104373 0.272990 0.414446 0.044285 
-1.#IND00 -1.#IND00 -1.#IND00 -1.#IND00 -1.#IND00 -1.#IND00 -1.#IND00 -1.#IND00 -1.#IND00 -1.#IND00 -1.#IND00 -1.#IND00 
-1.#IND00 -1.#IND00 -1.#IND00 -1.#IND00 -1.#IND00 -1.#IND00 -1.#IND00 -1.#IND00 -1.#IND00 -1.#IND00 -1.#IND00 -1.#IND00 
