3.584464 0.572841 0.706517 -1.111334 1.133822 0.945167 0.556606 0.276251 0.415887 -0.128832 -0.180488 -0.036797 
3.449750 0.457290 0.571683 -0.430268 1.368196 0.592222 0.781138 0.226686 -0.198111 0.320336 -0.102592 -0.007903 
3.134024 0.751360 0.781584 -1.199067 0.946420 0.133597 0.051362 0.508100 0.128983 -0.085906 0.179146 -0.007128 
3.428844 0.619109 0.628747 -0.005153 1.708302 1.068451 0.637255 1.184822 0.677580 0.349859 0.090967 -0.059496 
2.966518 0.528561 1.103086 -0.364253 1.209864 0.384556 0.541595 0.994651 0.999478 0.122459 0.051807 0.030842 
3.549740 0.994216 1.309674 -0.389027 1.004619 0.945498 0.170194 1.385100 0.516963 0.110084 0.043223 -0.015129 
3.429217 0.706534 0.867091 -0.322520 1.435986 0.797666 0.975189 1.609603 0.391094 0.634634 0.207799 -0.041903 
3.238686 0.405024 1.423747 -0.624631 0.710820 1.345845 0.729603 1.141961 0.235562 0.138688 0.008932 -0.018921 
3.405626 0.516237 0.839995 0.013760 0.961184 0.847637 0.997876 0.705506 0.087783 0.471953 0.192940 -0.002332 
3.244428 0.317920 0.987956 -1.027660 0.342990 0.774276 0.329070 1.411131 0.112097 0.564070 0.274356 -0.065677 
3.420608 0.447114 1.013090 -0.697036 1.061238 1.333319 0.688692 0.748393 -0.046704 0.311778 0.063190 -0.026647 
3.592382 0.288733 0.820105 -0.694827 1.602511 0.150274 -0.002228 0.576967 -0.291885 0.383667 0.136230 -0.011319 
3.380788 0.364081 0.221190 -0.235103 0.483369 0.674649 0.692198 0.286147 0.222425 -0.019517 0.053373 0.072842 
3.351499 0.440658 1.488176 -0.070386 1.145241 0.746861 0.661794 0.167064 0.738091 0.478913 -0.002850 0.011671 
3.154878 0.277642 1.240588 -1.300998 0.944827 1.118540 -0.033825 0.606220 0.087769 0.417662 0.107063 -0.033760 
3.132213 0.423238 0.827515 -0.098306 1.713828 1.200028 0.647499 0.605286 0.154880 0.081034 0.016806 0.004332 
2.639803 -1.376973 1.941447 1.961753 -0.409409 -1.056691 2.501174 1.078948 -0.018114 -0.086281 0.186844 0.025861 
-0.319614 -1.019042 3.250128 3.440236 -0.607932 -0.298184 2.096800 0.463561 0.774115 -0.018369 0.152005 0.004819 
-0.473311 -2.037104 1.419173 3.143118 0.697285 0.167590 1.584510 0.285709 -0.249682 0.357578 0.333305 0.011708 
-0.234087 -1.676112 1.651824 1.536755 -0.841530 -0.350949 0.487401 -0.088357 -0.022147 0.419980 0.118297 -0.156433 
-0.768291 -1.561866 1.681978 1.527745 -0.625678 -0.772136 1.049792 -0.459843 -0.416727 0.134268 0.254925 -0.034221 
-0.558570 -1.578261 1.424464 0.922580 -1.521499 -0.150991 0.552742 -0.647503 -0.635933 0.121951 0.046153 -0.062412 
-0.451794 -1.569804 1.795348 0.877839 -1.119714 0.059485 0.418386 -0.059228 0.652401 0.780180 -0.048980 -0.114437 
-0.408639 -2.218132 1.859800 -0.103949 -0.433366 -0.824763 0.267716 0.264617 0.563196 0.424888 -0.024605 -0.037033 
1.265319 0.846508 0.751905 0.789882 2.027962 0.774577 1.276439 0.949181 0.701165 0.133247 -0.080758 -0.131381 
0.633387 1.442799 1.209105 1.007603 1.317016 0.743446 1.224962 0.654336 0.219955 0.145406 0.105487 -0.137973 
0.876201 0.990518 1.181473 1.257733 0.016748 0.930335 1.212120 0.772204 1.552525 -0.032298 -0.397821 -0.100414 
0.991157 0.751487 0.614946 0.805914 1.948811 1.174005 0.687036 1.775821 0.624392 0.091246 -0.346217 -0.129250 
0.838974 0.691145 1.009908 0.901513 1.578389 1.603670 1.470249 1.425413 0.442634 0.005863 -0.066130 -0.091455 
2.193291 -0.331787 1.500772 1.061644 1.508428 1.833241 0.693010 0.438769 0.373631 0.306170 0.141799 -0.082107 
2.433243 0.320506 1.492693 1.221737 1.175073 0.970642 0.278345 0.797410 0.585704 0.600665 0.099631 -0.092847 
3.586878 0.714374 1.149534 0.541231 1.177684 1.127169 0.113576 1.067650 0.508416 0.480122 -0.032293 -0.103269 
4.834958 0.198148 1.222495 0.633744 0.830242 1.633509 0.960680 0.846618 0.123532 0.632943 -0.104769 -0.174894 
6.107205 1.477836 0.377710 0.496802 1.896901 2.820258 2.477389 1.544157 0.028044 0.269921 -0.023853 -0.071564 
3.982712 3.705712 0.997597 1.701993 1.765684 -2.485374 1.178246 0.782417 -0.776252 0.527728 -0.011867 0.289097 
4.258212 2.884172 1.106827 -0.831184 -0.016469 0.635842 -0.394860 -0.079214 -0.215944 -0.275830 0.146892 0.086705 
0.199374 -0.523703 2.160611 -0.338141 -0.494118 0.079436 1.068056 -0.075833 0.343067 0.234396 0.244811 0.129617 
-0.325771 -0.880763 2.453456 -0.345557 -0.390403 0.422922 0.572183 -0.135298 0.593981 0.251381 0.291321 0.135195 
-0.493704 -1.413742 2.418740 -0.109449 0.043077 0.318244 0.186330 0.951414 0.841707 0.062983 0.149732 -0.011592 
-0.237389 -1.534232 2.426096 -0.622845 -0.328988 0.347756 0.691161 0.210844 -0.034111 0.175305 0.140260 -0.007801 
-0.582890 -1.400682 1.610040 -0.320835 -0.215341 0.146655 0.687544 -0.529368 0.547692 0.420783 -0.219926 0.013947 
-0.451374 -1.623753 2.002021 -0.711805 -0.984454 0.752400 0.566623 -0.243200 -0.316124 0.160588 0.049614 0.050650 
-0.346587 -1.950068 2.187708 -0.493864 -0.077958 -0.796956 1.010648 -0.280958 0.427827 0.428339 0.118564 0.036278 
-0.346090 -1.591425 3.332702 0.312772 -1.399681 -0.960840 1.429489 0.571165 -0.065041 0.589626 0.128112 -0.003794 
0.226767 -1.598813 1.911249 0.031273 -1.569164 -0.506461 2.623241 0.676393 0.804782 0.632749 0.548348 0.049254 
0.745793 -0.816987 0.554880 0.976654 -0.712687 -1.140215 0.025080 1.005718 0.067187 0.927502 0.446573 -0.063529 
2.471095 -1.517306 1.263096 0.890839 -0.878909 0.410837 -1.350669 0.008991 -0.136287 0.239252 0.009575 -0.047458 
3.168342 0.240745 2.186131 -0.883623 0.678031 0.766886 1.517024 1.070357 0.491050 0.157357 0.182323 0.000975 
-1.#IND00 -1.#IND00 -1.#IND00 -1.#IND00 -1.#IND00 -1.#IND00 -1.#IND00 -1.#IND00 -1.#IND00 -1.#IND00 -1.#IND00 -1.#IND00 
-1.#IND00 -1.#IND00 -1.#IND00 -1.#IND00 -1.#IND00 -1.#IND00 -1.#IND00 -1.#IND00 -1.#IND00 -1.#IND00 -1.#IND00 -1.#IND00 
