3.219393 0.940650 1.246264 0.027884 1.098705 1.142884 0.788759 0.595898 0.461666 0.370276 0.313223 -0.003259 
3.498846 1.001416 0.822555 -0.341588 0.908228 1.041204 0.410598 0.598003 0.373453 0.157735 0.029643 -0.015481 
3.778075 0.859539 1.192911 -0.162746 1.817186 0.566251 0.625367 1.337440 0.021492 0.305130 0.072809 -0.039484 
4.172140 1.234228 1.838948 -0.641754 0.687798 -0.023775 0.126947 0.139640 -0.173087 0.089726 0.567637 0.144314 
3.313672 0.848222 1.241214 -0.380132 1.473658 0.905884 0.318005 1.118756 0.444080 0.342403 0.325867 -0.017967 
3.613134 0.889092 0.920612 -0.009693 1.389501 0.765608 1.476477 0.258041 0.594341 0.213130 0.087143 0.023873 
3.574121 0.684864 1.713382 -0.126879 1.631132 1.278540 0.717733 1.225993 0.523379 0.447999 0.316046 -0.017286 
3.488120 0.661914 1.162970 -0.405067 0.888328 1.387055 0.302134 0.232665 0.334024 0.416691 0.311145 0.034087 
3.314797 0.550287 1.094651 -0.048605 1.243375 0.844415 0.889939 0.406222 0.149963 0.541591 0.108327 -0.039290 
3.389105 0.954993 1.025437 -0.343033 1.019401 0.780279 1.337459 1.461844 -0.016573 0.317337 0.237887 -0.022981 
3.585754 0.530967 1.102672 -0.384011 1.635502 1.521498 1.005502 1.952100 0.328399 -0.079501 0.050711 -0.043003 
3.287818 0.870388 0.921163 0.425184 1.363497 1.191206 1.741793 0.692515 0.151907 0.143012 0.137541 0.008946 
3.270079 0.461474 0.799087 -0.029776 0.943846 0.345285 0.369803 1.068815 -0.295729 0.221994 0.402695 0.029204 
3.303260 0.644886 0.968864 -0.359826 1.406299 1.636738 0.609033 0.631456 0.174712 0.224600 0.272073 -0.014407 
3.253304 0.373602 0.997907 -0.342744 1.395801 0.546568 0.428037 0.905917 -0.011782 0.056174 0.010862 -0.029072 
2.734484 -1.148857 1.744425 1.025238 0.510574 0.276623 2.125488 0.892739 0.456729 0.410830 0.268705 -0.065806 
0.671264 -2.409467 2.032561 -0.139708 1.460337 -0.456474 0.525613 0.023019 0.702424 0.484924 0.134482 0.027572 
-0.318091 -2.489577 2.140742 -0.255657 1.287429 1.508626 1.937459 -0.439163 -0.680728 0.515161 0.478778 0.204497 
-0.559788 -1.507810 2.178741 0.525326 -0.918876 0.806790 1.043351 -0.863088 -0.082815 0.442844 0.013147 0.167320 
-0.853742 -1.875133 1.764803 -0.337910 -0.870785 0.242074 -0.504107 -0.378890 0.243072 0.126420 0.319230 -0.020072 
-0.763862 -1.741676 1.583979 -0.659017 -0.338987 -0.310583 0.114935 -0.602192 0.460406 -0.253981 -0.253272 0.019074 
-0.675204 -1.003140 1.825638 -0.729841 -1.234941 0.275953 -0.392354 -0.023796 0.661477 -0.173258 0.264057 0.120339 
-0.641556 -1.226056 1.369329 -0.773176 -0.734850 2.027205 -0.075337 0.311084 0.773192 0.435121 0.072911 0.083863 
0.926337 0.928009 1.842957 0.338843 2.601282 1.629692 0.577266 0.811315 0.586466 0.636496 -0.349982 -0.014135 
0.855460 1.167203 1.427462 0.683864 1.019130 0.335088 1.244888 1.678779 0.595221 0.175387 -0.120767 -0.102251 
1.434911 0.593916 0.285376 1.648235 0.516546 1.383489 1.630999 0.857673 0.424951 -0.160170 -0.099184 -0.116069 
0.490230 1.175667 1.028704 0.477255 1.396478 1.934670 0.652591 1.428773 0.949456 -0.215657 -0.179085 -0.156948 
1.119022 1.371592 0.609307 0.568820 2.485013 1.345241 0.825432 1.216401 0.006639 0.569230 -0.135933 -0.022649 
2.570982 0.053541 0.617564 0.983201 2.049607 0.046197 1.472696 0.939565 0.262413 0.572800 -0.076888 -0.061828 
2.633184 0.645740 1.964610 0.929392 0.877567 0.701152 0.399858 0.699421 0.846658 0.228152 -0.007382 -0.029803 
4.113438 1.450322 0.649440 0.377878 0.715842 0.810043 1.419452 0.709815 0.232882 0.077721 -0.102094 -0.033897 
2.982531 2.141504 1.555307 1.257694 1.076650 0.790433 0.414806 0.195332 0.147916 0.192654 0.246429 0.037263 
6.186520 2.988837 1.227502 0.598970 1.237189 1.998811 2.585256 2.110116 0.074763 -0.001862 -0.191126 -0.062428 
1.630473 1.504819 1.162575 0.836854 -0.091927 -1.525614 -0.921383 0.652565 -0.743169 1.051956 0.304116 0.098214 
1.512364 0.982118 1.004825 -0.326976 -1.075804 -0.740130 -0.857384 -0.234385 0.532827 0.347775 0.277339 0.190892 
-0.108322 -0.962784 1.358116 -0.777326 0.734886 -0.587618 0.089974 -0.421469 0.542249 0.530860 -0.000355 0.125473 
-0.740402 -0.670729 2.351256 -0.428004 -0.576536 -0.465297 0.380577 -0.143947 -0.017378 0.211295 0.063147 0.161962 
-0.667057 -1.221012 2.968448 0.049659 0.152780 -0.923403 -0.030938 0.716248 -0.207804 -0.059608 0.398822 0.087968 
-0.566319 -0.710778 2.222559 -0.153621 0.773569 -0.311727 0.032515 -0.048872 0.940631 -0.556811 0.179214 0.181276 
-0.776932 -1.298182 1.700957 -0.918951 1.335430 -1.211764 -0.249530 -0.204666 0.730301 -0.605113 0.045911 0.210863 
-0.884212 -0.564575 2.400417 -1.059747 0.265533 -0.143060 0.206276 0.553829 0.911776 -0.089563 0.066771 0.219871 
-0.865856 -1.182574 3.032236 -0.201194 0.191440 -0.059981 0.330876 0.106839 1.401131 0.467156 -0.028625 0.097909 
-0.962959 -0.775143 3.124870 -0.221365 1.234811 -0.266168 0.252561 0.838492 0.178283 0.290511 0.088744 0.059473 
-1.006548 -0.849276 3.776111 -0.130574 0.436448 0.707933 0.256149 0.067869 0.059711 0.358163 0.291454 0.059828 
-0.538338 -0.293421 3.700902 -1.330551 0.806620 -0.054461 -0.407301 -0.045300 1.239670 0.276977 0.371209 0.192197 
-0.569767 -0.504380 4.487132 -0.825081 0.847453 -0.356618 0.802885 0.518101 0.846119 0.296931 0.270016 0.077117 
-0.202543 -0.179145 4.471249 -1.359401 -0.238709 0.853809 0.689392 0.936946 1.336521 0.200621 0.131973 -0.034243 
0.999495 -0.618689 4.200456 -2.463916 0.484650 0.938892 0.971315 -0.242610 -0.388397 0.013140 0.092374 0.099761 
-1.#IND00 -1.#IND00 -1.#IND00 -1.#IND00 -1.#IND00 -1.#IND00 -1.#IND00 -1.#IND00 -1.#IND00 -1.#IND00 -1.#IND00 -1.#IND00 
-1.#IND00 -1.#IND00 -1.#IND00 -1.#IND00 -1.#IND00 -1.#IND00 -1.#IND00 -1.#IND00 -1.#IND00 -1.#IND00 -1.#IND00 -1.#IND00 
