2.982517 0.099908 1.048039 -1.131784 0.429230 -0.003260 0.159744 0.576018 -0.204968 0.205237 0.001010 -0.055642 
3.238094 0.622071 0.603342 -0.946840 1.312617 0.201467 0.196229 0.617311 0.345889 0.175719 -0.122312 -0.019440 
3.247666 0.107965 1.181620 -0.437856 0.533293 0.069238 0.158021 0.320270 0.221257 0.341775 -0.083747 -0.102529 
3.313098 0.028749 1.045154 -0.631300 0.621379 0.377771 -0.097256 1.316066 0.673467 0.293477 0.159922 -0.041712 
3.544665 -0.295332 1.561097 0.733618 0.922537 0.220953 -0.075440 1.304382 1.327000 -0.208838 0.088971 0.093534 
3.572876 0.136627 1.287660 -0.184145 1.182037 0.433353 0.918321 0.872832 0.905476 0.211458 0.146669 0.040976 
3.683513 0.278493 1.366477 0.153064 1.321387 0.991817 0.395522 0.902060 0.888166 0.034091 0.398590 0.089572 
3.874650 0.078699 0.993380 0.623618 1.001936 0.606784 0.376389 1.130638 0.601135 -0.083562 0.007618 0.053441 
3.647826 0.296570 0.803274 -0.153203 0.769834 0.275322 0.538745 0.082994 0.095543 0.196210 0.036001 0.009281 
3.758445 -0.039890 0.942791 -0.519972 0.821188 0.448211 -0.144327 0.384786 0.443378 0.066568 0.204520 0.044162 
3.410071 0.129073 0.551043 -0.027477 0.964117 0.709948 -0.027427 1.229678 0.392347 -0.296839 0.153454 0.028448 
3.501337 0.518746 0.600914 -0.848885 1.306416 -0.246365 0.451495 1.015233 -0.006909 0.017465 0.239173 0.043350 
3.453369 0.662574 1.514892 -0.214007 0.851160 0.559128 0.428640 0.871613 0.841628 0.410644 0.094637 0.003891 
3.512627 -0.065248 0.952353 -0.563510 1.685666 0.570636 0.277984 0.562769 0.536862 0.313084 0.212439 0.043856 
3.428172 0.469572 1.042195 -0.938643 0.996357 0.021020 0.839839 0.437381 0.018515 0.134789 0.108302 0.062802 
3.473214 0.231304 1.070329 -0.579995 1.216170 0.312548 0.973929 0.691294 0.589102 -0.000154 -0.086663 0.017500 
3.208611 0.211306 1.480150 -0.292526 0.317466 0.395842 0.746439 1.143214 0.141400 0.160275 0.248487 0.028090 
-0.064772 -1.177222 3.712328 0.454785 -2.525512 0.603619 2.152953 -0.267934 0.134623 0.540010 0.275847 0.170238 
-0.422888 -1.201897 4.051351 0.831632 0.016628 -1.246245 0.697848 -0.621195 0.852307 0.378128 0.358819 0.175219 
-0.609697 -1.495050 2.963849 0.836865 -0.114106 -0.903525 -0.767818 0.429738 0.112917 0.320410 0.154562 0.099341 
-0.620479 -1.200465 1.897457 -0.168974 -0.864637 -1.091019 -0.301567 0.537377 0.153490 -0.283974 -0.163769 0.123678 
-0.604762 -1.499551 1.775422 -0.961760 -0.443506 -0.350338 1.310492 -0.093738 0.000816 0.116287 -0.127600 0.175442 
-0.940906 -1.946384 2.076019 -0.040393 0.298864 -0.551638 0.311997 -0.457880 0.352779 0.106691 0.079915 0.098727 
-0.442383 -1.394191 2.538402 0.087919 -0.089290 -0.965557 -0.390454 -0.320394 0.411761 0.014375 0.092519 0.114421 
0.861711 2.016657 0.535772 1.015100 0.832510 1.360053 0.611488 0.673772 1.188523 0.216571 -0.405908 -0.050997 
0.790178 1.138227 0.685237 1.395787 1.608783 2.005780 0.902122 0.998474 0.169551 -0.219826 -0.209817 -0.004657 
1.044255 0.593456 0.895862 0.964567 1.266888 1.498798 1.130137 0.794089 1.312560 -0.259220 -0.264636 -0.115133 
0.582184 1.514817 1.099235 -0.189967 1.161755 0.813755 1.914831 2.081445 0.408864 -0.201807 -0.328278 -0.167143 
0.746709 1.227149 0.520284 0.919999 1.356618 1.266249 2.132202 2.015414 0.269104 0.269085 -0.088378 -0.178980 
1.700820 0.341918 1.576741 1.132718 1.330629 1.818624 1.327232 0.329475 0.419902 0.228846 0.027213 -0.058149 
1.594430 0.479186 1.778990 1.301820 0.505312 1.816284 1.017047 0.762705 0.453788 0.295736 0.017977 -0.056945 
3.653295 0.618346 1.492495 0.973181 0.431896 0.527872 0.390031 0.780783 1.105806 -0.630631 0.041593 0.079777 
4.716558 1.434336 0.468986 1.317701 1.727389 0.731609 0.595574 1.105413 0.681481 0.076046 -0.204226 -0.055134 
3.351934 2.032722 1.087937 1.203723 1.470817 1.969393 1.912793 0.898611 0.107712 -0.093377 -0.076513 0.014253 
1.910010 1.140433 0.749200 -0.590596 0.264659 -1.006541 -0.203795 -0.204677 0.015295 1.035162 0.492738 0.127829 
0.866925 0.555632 1.195526 -0.443071 -0.853098 -0.056534 -0.952179 -0.236964 0.982861 0.525769 0.413324 0.125950 
-0.149499 -0.952099 1.476157 -0.867544 -0.459618 -0.109971 -1.310627 -0.152632 0.693105 0.231926 0.143100 0.108225 
-0.439403 -0.339670 2.830759 -1.005027 -0.203039 0.709310 0.403971 0.034680 0.372662 0.148565 0.124164 0.087185 
-0.734470 -1.130926 2.712946 -0.748729 0.296068 -0.063491 -0.140892 -0.290909 0.659337 -0.006039 0.148120 0.044364 
-0.837948 -1.278082 2.843503 -0.333546 -0.641417 0.553502 -0.134150 0.529902 0.632765 -0.408114 0.206500 -0.044840 
-0.543555 -1.166048 2.252791 -1.002765 -0.091449 -0.248605 -1.095785 -0.240429 0.628779 -0.063256 0.050896 0.064848 
-0.581686 -0.610033 2.676215 -0.727868 -0.479706 0.754835 0.330893 -0.112070 0.737396 0.114993 -0.122909 0.075440 
-0.545600 -1.726053 2.975823 -0.436050 -0.006359 1.113068 0.414383 -0.709166 0.321541 0.068123 0.081346 0.062020 
-0.539921 -1.858289 3.355685 0.775409 -0.653825 0.288657 0.314489 0.094480 0.544834 -0.054906 0.258073 0.090645 
-0.495059 -1.697067 3.902583 1.264587 -0.519428 0.262896 0.176924 0.293739 1.243469 0.424636 -0.089679 0.113044 
0.352007 -1.849683 3.127951 -0.525690 0.790219 0.958440 1.403100 -0.310419 -0.424700 0.509375 0.024030 0.185558 
2.214620 -1.896216 4.198223 -0.073871 -0.997685 0.398068 1.141849 0.185178 0.341518 0.426747 0.065076 0.045716 
2.829531 -0.427418 2.137348 -1.434570 -0.302471 -0.364426 0.612447 -0.619096 -0.784924 0.156085 1.020385 0.273733 
-1.#IND00 -1.#IND00 -1.#IND00 -1.#IND00 -1.#IND00 -1.#IND00 -1.#IND00 -1.#IND00 -1.#IND00 -1.#IND00 -1.#IND00 -1.#IND00 
-1.#IND00 -1.#IND00 -1.#IND00 -1.#IND00 -1.#IND00 -1.#IND00 -1.#IND00 -1.#IND00 -1.#IND00 -1.#IND00 -1.#IND00 -1.#IND00 
