3.472195 0.330878 0.963706 -0.748150 0.738560 0.697134 0.791631 0.449689 0.284341 0.188183 0.016024 0.011938 
3.048373 0.423511 1.052752 -0.498608 1.777336 1.235273 1.287566 1.590565 0.685945 -0.046204 0.216386 0.003177 
3.062683 0.615973 1.333769 0.001918 1.062930 1.180965 1.058054 1.104842 0.395692 0.092859 0.216714 0.033706 
3.095351 0.113228 1.228918 -0.848675 0.865122 0.230340 0.824355 0.187325 0.290338 0.276230 0.311486 0.087344 
2.889511 0.142434 1.451467 0.032683 0.993794 0.503912 0.068660 1.497470 1.012353 0.133063 0.114165 -0.043624 
3.134829 0.552025 1.534741 -0.476939 1.218032 1.457071 1.028108 1.085368 0.570230 0.556534 0.324927 -0.012382 
3.116640 0.227305 1.063526 0.247115 1.511184 1.054482 0.950530 1.060718 0.889817 0.306666 0.428990 0.004240 
3.021097 0.440848 0.970196 -0.523781 1.008623 0.514836 1.324587 0.942741 0.346168 0.127022 0.252869 0.007201 
3.160832 0.557190 1.338879 -0.195060 1.329516 1.519875 0.997506 1.064056 0.473878 0.219855 0.365846 0.023934 
2.886602 0.494120 1.460363 0.182465 1.576556 1.150933 0.508156 1.057024 0.118026 0.251812 0.392139 0.007688 
3.370684 0.006373 0.973350 -0.710956 1.263230 1.092022 1.114948 0.775221 0.078980 0.170907 0.328611 0.026714 
3.170954 -0.134415 0.562125 -0.693074 0.744742 0.348032 0.024112 0.882147 -0.232336 -0.038754 0.074203 0.061801 
3.081521 0.253518 0.566401 -0.941388 -0.061267 0.884158 0.904014 0.251935 0.295275 -0.067687 0.119177 0.059233 
3.040530 0.262266 0.996059 -0.083847 1.547343 1.181405 1.435128 0.866494 0.419487 0.334492 0.172270 0.002793 
3.119081 0.162178 1.469129 -0.329761 1.691756 0.714384 0.590700 0.642100 0.294028 0.150473 0.182200 0.050436 
3.140522 0.592992 0.421033 -1.076201 0.349670 0.856778 0.230695 0.474211 0.456786 -0.010223 0.009108 -0.005452 
2.283729 -0.951050 2.509457 -0.373209 0.899233 -0.009659 1.410011 0.233948 0.570279 0.000006 0.114907 0.099648 
-0.843783 -1.461155 2.053506 1.063153 -0.652873 0.427133 1.624690 0.951504 -0.192684 0.429333 0.745434 0.093945 
-0.718574 -2.183565 1.642074 0.134125 1.430035 1.293703 1.928586 -0.263195 0.513409 -0.004819 0.393153 0.052304 
-0.840043 -1.316700 1.605153 -0.464140 -0.095271 0.092880 0.051829 -0.979602 0.343535 0.212978 -0.012903 0.143577 
-1.084269 -1.482144 0.907336 -0.428718 1.084113 -1.021613 -0.422787 -0.310465 0.075989 0.356335 0.321062 0.108509 
-0.822369 -1.446524 1.421164 -1.006456 0.956735 -0.194642 -0.381022 -1.008200 -0.243727 0.515515 0.345523 -0.056625 
-0.412008 -1.584829 0.827296 -1.618344 1.568447 -0.144709 -0.058970 -0.596394 -0.407576 0.165482 0.142707 0.054055 
-0.111503 -1.384355 0.445886 -1.791688 0.091604 -0.155657 -0.004821 0.253820 0.781746 1.206724 0.085063 0.076174 
0.793100 1.082575 1.170273 1.047529 0.985429 2.368806 0.773438 0.302492 0.824001 0.236266 -0.206500 -0.068875 
1.260291 1.131994 1.139852 0.014345 0.485358 1.134604 2.237113 1.107472 0.060564 0.181850 -0.045445 -0.138949 
0.567108 1.061700 0.582690 0.680917 0.884503 1.019396 2.096688 1.481521 0.612718 -0.166967 -0.176144 -0.229289 
1.135904 0.498759 0.015590 1.089616 1.107999 2.243915 1.175430 1.798452 0.517182 -0.277433 -0.439904 -0.124384 
1.262774 0.782000 0.968811 1.657165 1.234899 1.372161 1.108959 0.614610 1.041496 -0.251652 0.119083 -0.035189 
2.072848 0.621460 1.134735 1.185173 1.805307 0.649827 0.382644 0.315453 0.430690 0.338431 0.019287 -0.060634 
3.068421 0.378940 0.918974 0.288632 0.414763 1.523324 1.452858 0.841527 0.322134 0.006001 0.079198 -0.012576 
4.615411 0.384113 1.838776 0.467068 0.475054 1.318838 1.335693 1.053117 0.488506 -0.094331 0.272767 0.111260 
5.399823 1.259065 0.655898 1.201140 0.959838 1.599050 2.285634 1.374164 0.378073 0.033608 -0.164178 -0.062788 
6.641811 3.791795 2.938196 2.122621 1.110046 0.780148 0.414903 1.504734 0.089300 0.008620 0.096330 0.046911 
2.336579 0.288317 2.093028 1.075502 -1.109245 0.831974 -0.738206 0.025934 -0.805847 0.193953 0.013391 0.148404 
1.341098 1.151195 1.648478 0.483829 0.040006 -0.851236 -0.307981 -0.782478 -0.155242 -0.015986 0.291831 0.109923 
-0.016615 0.722794 1.187222 -0.820866 0.219974 -0.711087 0.435263 -0.881898 0.590717 0.414622 0.205144 0.272595 
-0.239619 0.710263 1.612994 -1.049328 0.182616 -1.418259 0.693476 -0.131191 0.529546 0.265344 0.232250 0.258282 
-0.614302 -0.019112 1.468575 -1.050036 1.264693 -1.608433 0.655081 -0.761769 0.281710 0.515161 0.220761 0.210882 
-0.817073 -0.037296 1.482927 -0.935503 0.833790 -1.167205 1.269457 -0.059716 -0.070019 0.491303 0.395653 0.103326 
-0.907514 -0.379256 1.511968 -0.892862 1.011637 -0.633159 0.464889 -0.569508 0.640747 -0.144526 0.341916 0.123825 
-0.948534 -0.532836 2.091998 -0.978277 1.013293 -0.917819 0.772033 -1.041033 -0.383563 -0.096061 0.040818 0.073560 
-1.158159 -0.780949 1.756893 -0.262967 0.523948 -0.746805 1.015509 -0.712541 -0.130256 -0.020200 -0.073700 0.057297 
-0.690719 -0.877573 0.667113 -0.988249 0.739530 -1.366808 0.421785 -0.457104 -0.361182 0.546900 0.399241 0.065349 
-0.706323 -0.865193 1.087351 -0.607254 2.135209 -0.100123 1.253821 -0.821365 0.344995 0.432618 0.202309 0.169341 
-0.625479 -1.481887 2.084643 -0.634972 1.753726 -0.370459 0.748552 0.027022 0.717413 0.733023 0.389925 0.092959 
-0.437690 -1.191425 2.331619 -0.653044 1.108504 1.134114 0.992265 -0.611634 -0.213944 0.522968 0.492977 0.224272 
-0.161721 -0.432748 0.727460 -1.887578 1.741523 -0.097917 1.438931 0.596444 0.876274 0.333072 0.230341 0.157664 
-1.#IND00 -1.#IND00 -1.#IND00 -1.#IND00 -1.#IND00 -1.#IND00 -1.#IND00 -1.#IND00 -1.#IND00 -1.#IND00 -1.#IND00 -1.#IND00 
-1.#IND00 -1.#IND00 -1.#IND00 -1.#IND00 -1.#IND00 -1.#IND00 -1.#IND00 -1.#IND00 -1.#IND00 -1.#IND00 -1.#IND00 -1.#IND00 
