0.024704 0.105649 0.006108 -0.439398 0.173166 -0.010578 -0.270080 0.071522 -0.027989 0.289104 -0.155793 0.013514 
3.302495 0.623278 1.287364 0.115602 1.134539 1.050934 1.631111 1.477557 1.395827 0.317423 -0.034748 -0.035371 
3.066250 0.387213 0.823121 -0.916934 0.943866 1.314373 -0.012662 0.566340 0.082627 0.624517 0.168868 -0.037177 
3.174660 0.283388 0.981931 -0.937560 1.038014 0.714058 0.866234 1.158401 0.324910 0.236639 0.054330 -0.053769 
3.481654 0.704522 0.997187 -1.002954 1.530483 0.684228 1.196724 0.838375 0.057856 -0.075947 0.128114 0.058184 
3.297181 0.181938 0.503458 -0.970659 1.308714 0.950049 0.228414 0.787266 0.644994 0.277387 0.203247 0.028611 
3.185809 0.139833 0.626462 -0.956546 1.249143 0.516023 0.308300 1.420126 0.484731 0.231689 0.227848 -0.029075 
3.258558 0.541084 0.883847 -0.326464 0.761755 0.888179 0.612631 0.575038 0.377676 -0.009009 0.122538 0.020914 
3.476961 0.310980 0.790666 0.063279 1.235446 1.140384 0.004771 0.857131 0.718852 0.229924 0.196406 0.024478 
3.165199 0.526290 0.895235 -0.063787 1.140898 0.614114 -0.109343 1.171336 0.506293 0.103973 0.150630 0.006252 
3.122323 0.261895 1.243372 -0.256254 1.613504 1.519802 1.022878 0.886235 0.447334 0.580875 0.217794 -0.024324 
3.178594 0.443879 1.167647 -0.568925 1.343315 1.209880 1.355060 1.312125 0.725224 0.396842 0.160214 -0.033419 
3.332287 0.575990 1.129458 -0.552175 1.971626 1.379350 0.846284 1.135126 0.436611 -0.020713 0.197551 0.021224 
3.313657 0.817139 0.731005 -0.396572 1.149645 1.101999 0.766811 0.804483 0.326896 0.228416 0.061562 -0.065366 
3.327821 0.682359 0.949542 -0.392187 1.092590 1.256550 0.833871 0.801695 0.273632 0.287874 -0.015765 -0.055472 
2.951374 0.578321 2.075877 -0.557305 0.360484 1.378154 0.928971 0.653104 0.358898 0.582375 0.101186 -0.063934 
-0.101708 -0.903521 2.635239 0.302483 1.681959 -0.462136 -0.685882 0.842775 0.964336 0.810905 -0.278469 -0.047239 
-0.486047 -2.592343 2.175670 0.842426 2.291357 -0.111056 -0.169291 -0.106467 1.553202 0.593162 0.054404 0.061644 
-0.511798 -2.073586 1.232966 0.252078 1.849398 0.685894 -0.483427 0.115581 0.883470 -0.519020 -0.149939 0.092848 
-0.940414 -1.831381 2.593126 -0.255427 0.055891 -0.032762 -0.059189 -0.153983 0.084995 0.651025 0.323203 0.011937 
-1.023702 -1.218936 1.963944 -0.372165 -0.452746 -0.445523 0.436131 -0.742707 0.456800 0.127456 -0.602495 0.073774 
-0.771318 -1.502991 1.113505 -0.282807 0.784515 -0.287150 -0.000466 -0.944742 1.325466 0.259733 -0.251984 0.211838 
-0.197600 -1.564044 0.940028 -0.625362 -0.012772 -1.388192 0.696032 -0.063111 0.725258 0.545465 -0.149908 -0.080644 
1.162192 -0.229319 0.105549 -0.742734 -0.872844 0.078143 0.791667 0.904189 1.178986 0.752698 -0.034634 -0.095708 
1.032363 0.854601 0.488704 0.943118 1.166696 1.583499 1.486465 0.651994 0.454932 0.135328 0.052910 -0.183472 
1.036995 1.051702 1.294141 0.196038 0.499988 1.133950 2.111876 1.132607 0.706649 -0.117052 -0.238854 -0.146825 
0.890522 0.880336 0.731683 -0.063355 1.388640 1.616849 1.409821 1.495190 0.270271 0.512664 -0.527129 -0.152027 
0.832690 0.803533 1.077086 1.046330 2.181279 0.587533 1.479151 1.109430 0.929653 -0.023478 -0.326547 -0.072777 
2.205181 0.181161 1.195454 0.916970 0.570444 1.492514 0.942467 1.761988 0.419627 -0.122950 0.066487 -0.019323 
2.160588 0.631002 0.704719 1.045634 1.149089 0.416008 1.133357 0.494128 0.097682 0.329706 0.142271 -0.052220 
3.825596 -0.546967 1.195810 0.776525 0.847675 0.777155 1.583504 0.549149 0.836837 0.321233 -0.003952 -0.007138 
4.401565 2.323169 0.918258 0.658935 1.271752 1.737717 1.657209 1.112265 0.339620 -0.123614 -0.307358 -0.061864 
6.427002 2.128895 1.154704 -0.074086 0.611580 2.333745 2.674564 -0.064778 0.513499 0.076916 -0.213721 -0.023506 
3.192420 2.385011 1.729268 1.173857 1.324686 1.469980 1.435506 1.102890 0.579494 0.227130 0.039835 0.015642 
3.251785 2.691678 1.987813 1.587149 1.457238 1.634965 1.338743 0.724095 0.161523 -0.103221 -0.254662 -0.020296 
2.514832 0.350634 1.445489 2.239379 -2.023926 0.217928 -0.208080 -1.046859 -0.815885 0.336423 0.495853 0.111154 
1.115964 1.542267 2.510236 -0.071923 0.496193 -1.529637 -2.040548 -1.058194 0.565000 0.019280 -0.026337 0.141608 
-0.092975 -0.951707 1.276549 -1.774204 -0.586090 -0.894543 -0.307368 0.057825 0.533819 -0.100397 0.057327 0.148748 
-0.848903 -0.958976 1.921039 -0.854854 0.049947 -0.628254 -0.152651 -0.368651 0.296009 -0.731940 -0.040937 0.048671 
-0.765020 -0.608921 1.445627 -1.372348 0.967327 -0.086154 -0.043962 -0.336121 1.077322 0.133444 -0.045557 0.146201 
-0.744732 -0.479727 1.363789 -1.059444 0.937896 -0.672650 -0.330044 -0.634396 1.261567 -0.499882 0.001303 0.104212 
-0.503321 -1.115772 1.654049 -0.934163 -0.297489 -0.043713 0.251094 -1.208127 0.542543 0.518105 -0.534067 -0.056852 
-0.864596 -1.097311 1.593560 -0.495431 0.355858 0.433146 0.252737 0.048819 -0.191122 0.762985 -0.051081 -0.245224 
-0.838515 -1.625156 1.445047 -0.763710 0.269986 0.566716 0.055352 -0.349195 -0.050313 -0.401886 0.569609 -0.083645 
-0.853682 -1.521561 1.868603 -0.200957 -0.254038 0.422627 -0.119131 0.134509 0.443493 -0.053908 0.217601 0.150187 
-1.109637 -2.253227 2.124580 -0.431007 1.456860 0.964679 0.437129 0.828712 0.731464 0.358267 0.369563 0.057670 
-0.641839 -1.467530 2.730436 -0.603306 0.762708 1.008366 1.163218 0.821558 1.156451 0.224057 -0.038396 0.034052 
-0.196664 -0.889893 4.610019 -0.444666 -0.528945 -1.006975 -0.267859 0.199010 0.859366 0.288137 0.169027 0.247186 
-1.#IND00 -1.#IND00 -1.#IND00 -1.#IND00 -1.#IND00 -1.#IND00 -1.#IND00 -1.#IND00 -1.#IND00 -1.#IND00 -1.#IND00 -1.#IND00 
-1.#IND00 -1.#IND00 -1.#IND00 -1.#IND00 -1.#IND00 -1.#IND00 -1.#IND00 -1.#IND00 -1.#IND00 -1.#IND00 -1.#IND00 -1.#IND00 
