3.008307 0.183621 0.769519 -1.223504 0.111343 0.354439 0.062390 0.371716 0.041293 0.575179 0.137249 -0.002151 
3.040233 0.332833 1.276691 -0.420485 0.813454 0.657634 0.610803 0.533464 0.333962 0.483001 0.007060 -0.020704 
3.364725 -0.151142 0.620882 -1.048058 0.470433 -0.118788 0.776810 0.044963 0.170438 0.513705 0.255302 0.087318 
3.049605 0.386793 1.316659 -0.994089 0.812312 -0.252729 0.135698 0.014799 0.380915 0.225516 0.024642 0.023115 
3.083085 0.339148 1.104096 -0.607861 0.844978 0.184607 0.205165 0.232326 0.396219 0.283503 0.036784 0.003402 
3.052390 0.119056 0.749328 -0.314558 0.504557 0.598480 0.125759 0.280449 0.088096 0.362285 0.427885 0.041758 
3.035125 0.101287 1.247213 -0.621865 1.025367 1.122522 0.445059 0.992350 0.022913 0.105349 -0.016411 -0.006317 
3.238723 0.766172 1.486242 -1.037065 0.667265 1.210536 0.930924 0.431154 0.152200 0.362573 0.314215 0.044581 
3.078803 0.058059 0.199867 -0.906268 1.326345 0.673890 -0.019427 0.309361 0.022667 0.315559 0.419119 0.062739 
3.414026 0.545660 1.439096 -0.535411 0.578432 0.944874 0.693138 0.673718 0.124076 -0.238472 -0.021928 -0.001190 
3.377762 0.953453 0.283602 -0.225014 1.104969 0.578364 1.679336 0.906948 -0.202109 0.519999 0.348516 0.023508 
3.218832 0.552949 0.982146 -0.353502 1.649574 1.702781 0.933411 1.313859 0.382380 0.071200 0.265043 0.010980 
3.229473 0.246528 0.483343 0.108897 0.730803 1.078804 0.602829 0.184601 0.152753 0.261186 0.286081 0.039204 
3.506333 0.315503 0.807581 -0.670145 0.473882 0.843196 0.327261 1.102636 0.434502 0.121796 -0.046163 -0.068758 
3.226813 0.266201 1.310527 -0.910978 1.385327 0.843675 0.406703 1.059569 0.165923 -0.145820 -0.141096 -0.055890 
3.326810 0.020989 1.202933 0.051185 0.173525 0.425256 0.890915 0.685175 0.078694 0.309570 0.102744 -0.033261 
-0.282360 -1.428740 6.605295 0.842430 -1.482883 0.107178 1.786090 0.363803 -0.000006 0.869402 0.149780 0.043779 
-0.636980 -2.145431 3.408377 1.801979 0.262146 -0.097092 0.583265 -0.485155 0.741257 0.581595 0.278712 0.097875 
-0.645369 -1.640467 3.182963 0.452543 -0.812160 -0.677771 1.507959 0.118646 -0.298777 0.492708 0.165006 0.018932 
-0.665066 -1.833351 2.201502 0.342438 -0.842545 -0.507171 0.782518 -0.423754 -0.478671 -0.106844 -0.045746 0.077206 
-0.563217 -1.265553 1.907163 -0.009301 -0.671789 0.072590 0.593674 -0.197276 0.138079 -0.139780 0.076067 0.014283 
-0.671469 -1.234430 1.472646 -0.055995 -1.095482 0.217778 1.257286 -0.610572 -0.505457 0.590685 0.103752 -0.154679 
-0.713291 -0.800707 1.931840 -0.194543 -1.161140 0.559423 0.117905 -1.525365 -0.239642 0.729448 -0.121890 -0.006255 
-0.517890 -1.191835 1.704294 -0.395751 -0.304005 -0.212511 0.838213 0.350108 -0.128720 0.343594 0.189656 0.057275 
1.133146 0.477607 1.485101 0.904462 0.657688 1.184503 1.735372 0.487582 0.491321 0.395352 -0.076779 -0.067253 
1.149277 0.400353 1.221610 1.646221 1.647954 0.568489 0.910219 1.057447 0.619540 0.063298 -0.201169 -0.062781 
1.149047 0.877883 1.506365 0.163581 1.472486 0.813778 0.745369 1.217851 1.543695 0.284658 -0.154548 -0.143974 
0.884922 0.624315 0.486152 -0.216365 1.676480 1.205545 2.147282 0.269397 1.212616 0.405397 -0.467473 -0.195260 
1.067830 1.033598 0.728919 0.421672 0.783004 1.391124 2.321230 1.332439 0.915767 -0.223253 -0.310661 -0.078775 
1.565420 0.801717 1.098066 0.407599 1.769903 1.255106 1.329721 0.782997 0.896285 0.237651 -0.108480 -0.079675 
1.624016 0.901884 0.479092 1.574990 1.868372 0.966008 1.261720 0.629991 0.795865 0.148531 0.064605 -0.065522 
3.359823 0.076866 0.935656 1.453088 0.902243 1.005246 0.236595 1.221487 0.745720 -0.125359 -0.142937 -0.005905 
4.442141 0.832922 0.853588 1.312240 0.780259 0.467234 0.519228 0.370770 0.357362 0.556326 0.217724 0.000848 
5.259193 0.482688 0.870325 0.927116 0.888925 2.225834 1.899070 1.187052 0.852881 0.253495 -0.256208 -0.102652 
4.140927 2.139637 -0.215230 0.610074 3.008733 -0.714936 2.105937 1.260816 0.943691 -0.182361 -0.236301 0.086240 
3.943283 2.334534 1.202574 -0.126732 -0.087318 0.312204 0.401800 0.520784 -0.248258 -0.088270 0.269921 0.094103 
0.240438 0.276890 2.010383 -0.490021 -0.144198 0.128501 -0.444255 0.251914 0.910732 0.215972 0.321790 0.203782 
0.076556 -0.277817 2.780383 -0.588328 -0.049317 0.203740 0.958640 0.171421 0.453337 0.332831 -0.031926 0.112577 
-0.407111 -0.186511 2.584171 -0.948814 -0.315284 -0.487690 0.105389 0.119578 0.387218 0.361463 0.192426 0.133824 
-0.311172 -0.630629 2.977992 -1.236339 -0.075069 -0.462002 -0.554254 0.258699 1.297142 0.107092 -0.100923 0.033901 
-0.386403 -1.073576 2.472142 -1.424297 -0.481872 -0.089332 0.913694 -0.379374 0.332192 0.109908 0.174651 0.080431 
-0.751493 -1.131077 2.920267 -0.493939 -0.052984 -0.063184 0.081695 -1.069104 0.100270 0.759700 -0.074531 0.065572 
-0.778319 -1.511232 2.727558 -0.150290 -0.369963 -1.291397 0.164035 -0.183349 -0.175520 0.131693 0.085620 0.084610 
-0.402095 -1.366447 2.900280 0.128397 0.888790 0.427578 1.145936 -0.208260 0.717186 0.258229 -0.157808 0.158710 
-0.726880 -1.338976 2.834439 0.239301 -0.643746 0.126600 2.096928 0.155987 0.598752 0.464543 -0.059683 0.053033 
0.282892 -1.284445 2.757545 -0.087044 -1.193895 -0.179725 1.552818 0.123751 0.018872 0.532667 -0.196147 0.025363 
1.447952 -0.446868 1.765995 0.079936 -1.168310 -0.657621 1.133313 0.098537 -0.368509 0.019713 0.096064 0.014498 
2.155371 -0.054272 1.018329 0.914146 -0.162393 -0.862883 -0.522355 0.226667 -0.329514 0.330422 0.857573 0.067532 
-1.#IND00 -1.#IND00 -1.#IND00 -1.#IND00 -1.#IND00 -1.#IND00 -1.#IND00 -1.#IND00 -1.#IND00 -1.#IND00 -1.#IND00 -1.#IND00 
-1.#IND00 -1.#IND00 -1.#IND00 -1.#IND00 -1.#IND00 -1.#IND00 -1.#IND00 -1.#IND00 -1.#IND00 -1.#IND00 -1.#IND00 -1.#IND00 
