3.507489 0.229712 1.271897 -0.602594 1.449282 1.053307 0.686985 0.733150 -0.228054 0.158140 0.222304 0.013114 
3.466321 0.511942 1.329467 -1.012176 0.820760 0.844292 0.530303 0.737663 -0.031281 0.190090 0.383590 0.057295 
3.328233 0.520909 0.971081 -0.113541 1.185462 0.751930 0.235296 0.928608 0.197880 0.279537 0.083488 -0.009655 
3.172775 0.384750 0.779260 -0.356851 1.799980 0.731479 0.567639 1.250686 -0.045952 0.589029 0.422522 -0.009001 
2.821298 0.510281 0.687511 -0.228676 1.006654 0.962108 0.991276 0.466971 0.169337 0.313264 0.094785 0.008715 
3.528080 0.688594 0.841983 -0.134935 0.728230 1.149069 0.599429 0.601923 0.488476 0.571638 0.220858 -0.018464 
3.419656 0.375660 1.123778 -0.569595 1.297310 1.483069 0.864954 0.994740 0.440141 0.448016 0.282488 -0.009922 
3.396535 0.454912 1.387473 -0.094662 1.121815 1.545188 1.420387 1.287780 0.242608 0.407722 0.328588 -0.018071 
3.042994 0.826140 0.324840 -0.029269 1.635435 1.523216 1.369803 0.613066 0.192615 0.020664 -0.070155 -0.026915 
3.134944 0.717613 0.668074 -0.406645 1.487650 1.396857 0.601241 0.851574 -0.009273 0.230834 0.070115 -0.055796 
3.218720 0.709961 0.783729 -1.368008 1.322250 1.330134 0.747486 0.761348 0.211808 0.425625 0.082242 -0.073154 
3.217078 0.834562 1.277034 -0.462532 0.940198 0.629010 1.266758 1.259568 -0.161144 0.081167 0.121353 -0.041460 
3.100653 0.312191 0.723114 -0.424476 1.112425 1.732114 1.244730 0.291271 0.234496 0.006762 0.119403 -0.032013 
3.363071 0.471897 0.679403 -1.060485 1.062570 0.675861 1.129317 0.777297 0.037975 0.062857 0.290718 0.027307 
3.140301 0.648549 1.640262 0.144788 0.854346 1.173471 0.727742 0.938765 0.438713 0.259622 0.037024 -0.001580 
2.391925 -0.328643 2.851631 0.029087 -0.188537 1.455503 1.335609 0.533140 0.276136 0.173170 0.531056 -0.016142 
-0.366839 -1.327846 2.814755 1.062412 0.901541 -0.076250 -0.388235 -0.261392 0.954636 -0.488225 0.288752 0.280383 
-0.524760 -2.033965 2.942498 0.515953 0.972567 0.468666 0.396138 -0.271950 1.448113 0.212018 0.244539 0.102101 
-0.748781 -1.646534 2.225524 -0.241325 0.148235 0.824873 0.553129 -0.041439 0.206396 -0.406787 -0.241071 0.127924 
-0.740370 -1.304515 2.125161 0.028391 -0.259573 0.125337 -0.233064 -0.461530 0.033512 -0.219961 0.505304 0.119310 
-0.836545 -1.650739 1.701666 -0.359623 0.159836 -0.740594 -0.135356 -0.538684 0.228142 0.342104 0.132123 -0.030878 
-0.718199 -1.339667 1.507727 -0.548187 0.187517 -1.022872 -0.374800 -0.808960 0.079148 0.219004 0.040466 0.027007 
0.139247 -1.720256 0.739406 -1.622863 -0.191575 0.554136 0.810526 0.618021 0.669016 0.040990 0.284130 0.096132 
1.166870 0.651666 1.027057 0.927299 1.378286 2.185079 1.825421 0.721864 0.844340 -0.027896 -0.090987 -0.048622 
0.854570 1.411134 1.249421 0.788468 1.487845 1.167223 1.433771 0.394278 0.421036 0.171649 -0.215335 -0.055683 
0.840072 1.161978 1.373007 0.925861 1.222145 0.697452 1.482555 1.148139 0.151024 -0.025963 -0.153083 -0.058014 
1.199139 1.582037 1.751419 1.080664 0.342933 0.781267 1.150527 0.949459 0.265406 0.265173 -0.179928 -0.043371 
2.217619 0.636703 0.599046 1.500169 -0.096284 2.386862 0.842498 -0.478915 0.853032 0.138673 0.167087 -0.012775 
1.524031 0.710573 1.276040 1.298297 1.521687 1.152303 0.785383 1.596308 0.148887 0.028843 0.108226 -0.058043 
6.438306 -0.928691 0.850045 0.922194 1.183098 0.673539 1.106966 1.023309 0.572816 0.379707 0.118724 -0.027311 
4.317098 2.976628 1.515665 0.850704 0.847253 0.738615 0.567006 0.433964 0.290331 0.235929 0.134129 0.039423 
3.670047 2.580114 1.552370 0.916236 0.820585 0.925021 0.901488 0.729101 0.403834 0.239598 0.336835 0.056991 
3.278769 2.799420 2.510552 1.882652 1.429599 0.789065 0.675187 0.617930 0.541793 0.428056 0.270359 0.057127 
2.637582 1.041975 2.392456 -0.279590 -0.571097 0.738205 -0.995370 -0.870625 -0.168703 0.337304 0.096402 0.123781 
1.693788 1.266440 1.107367 0.347927 -0.315430 -0.569043 -0.537862 -0.730467 0.558922 0.101827 0.275192 0.105193 
0.041635 0.136509 1.135000 -0.385922 0.404641 -0.759582 1.837620 -0.390421 0.703269 0.236500 0.181625 0.191062 
-0.771656 0.199341 1.544663 0.278837 1.115268 -0.109582 2.243427 0.064783 1.115742 -0.007170 -0.140752 0.120627 
-0.947664 -0.204549 1.331453 -0.967461 0.357916 -0.458230 0.767172 -0.219360 0.305002 -0.048739 -0.047726 0.172122 
-0.853483 -1.200769 1.575529 -0.465311 0.287652 -0.649907 -0.216076 -0.137722 0.313557 0.430120 -0.128308 0.033698 
-0.976628 -0.864242 1.767565 -0.551021 1.159403 -0.473538 -0.012464 -0.276769 0.521767 0.660162 -0.026793 -0.017891 
-0.615257 -1.021710 2.148625 -1.204638 1.314726 -0.262383 0.147957 -0.105287 1.318332 0.458808 0.119309 0.017636 
-0.896872 -0.897112 2.385556 -0.421512 0.393779 0.098542 0.164670 -0.039460 0.292100 0.132460 0.005741 0.275517 
-0.971482 -0.974331 3.183715 0.094096 1.741126 -0.709072 -0.052250 -0.105077 0.796920 0.349108 0.297385 0.095130 
-0.407494 -0.958199 3.398374 -0.729091 0.053413 1.762924 -0.068321 0.629498 1.627862 0.104161 0.226904 0.010883 
-0.025841 -0.396089 3.543993 -1.464040 0.013685 1.693573 0.959267 0.361254 0.173163 -0.072593 0.397084 0.091362 
2.447583 0.290441 2.349121 -1.470353 0.474747 -0.192333 -0.071052 0.225468 0.136480 0.077855 0.213510 0.037792 
3.137861 1.204417 1.600122 -1.120265 1.917004 0.715937 0.452358 0.659193 -0.111681 0.369156 0.335735 0.008760 
3.114565 0.444670 0.962265 -1.031857 1.287840 1.455597 0.684767 1.383588 0.397012 -0.149168 0.240777 0.023382 
-1.#IND00 -1.#IND00 -1.#IND00 -1.#IND00 -1.#IND00 -1.#IND00 -1.#IND00 -1.#IND00 -1.#IND00 -1.#IND00 -1.#IND00 -1.#IND00 
-1.#IND00 -1.#IND00 -1.#IND00 -1.#IND00 -1.#IND00 -1.#IND00 -1.#IND00 -1.#IND00 -1.#IND00 -1.#IND00 -1.#IND00 -1.#IND00 
