3.160397 0.439394 0.723337 -0.351219 1.270938 0.774190 1.021488 0.774488 0.261815 -0.029969 0.154726 0.021264 
3.228873 0.548044 0.776052 -0.442027 0.349623 0.974119 0.127946 0.585320 0.365056 0.343785 0.232608 -0.002408 
3.128908 0.884612 -0.121443 -0.026855 1.227919 0.736144 0.372560 0.472198 0.116854 0.123791 0.328879 0.042860 
3.030978 0.453442 0.846963 -0.630608 1.758456 2.173762 1.133219 1.360038 0.203081 0.370686 0.192585 -0.064314 
3.330755 0.331381 1.410337 -0.496236 0.987870 0.388293 0.210537 0.993432 0.381000 0.059328 0.210952 0.065194 
3.046029 -0.158142 0.328324 -0.793115 1.135535 0.860591 0.653722 1.679324 -0.037325 0.093479 -0.041664 -0.071526 
3.145539 -0.207023 0.230604 -0.975117 0.359206 1.377804 0.027075 0.298189 0.404841 0.162118 -0.023583 -0.012686 
3.371138 0.217626 1.397914 -0.731312 0.700453 1.143683 0.317710 1.102964 0.764432 0.179949 -0.033901 -0.023100 
3.146163 0.548235 1.174118 -1.241483 1.432170 0.853810 0.216468 0.521059 0.192341 0.666455 0.267036 -0.000238 
3.172942 0.377467 0.991568 -0.779912 1.393203 1.305777 0.944276 1.314489 -0.013268 0.091083 0.069153 -0.062054 
3.046888 0.236880 0.755623 -1.251641 1.178392 0.616263 0.106440 0.674315 -0.021666 0.369149 0.168688 -0.045575 
3.331477 0.218888 0.658225 -0.964154 0.537478 0.964819 0.056004 0.521557 -0.402254 0.251078 0.058204 -0.040934 
3.080233 0.677025 1.954401 -0.533057 1.061753 0.908820 -0.054693 0.808150 0.359978 0.287193 0.073527 -0.044529 
3.240307 1.061942 0.607660 -1.069714 1.630325 0.602716 0.475587 0.586594 0.243747 0.224402 0.375218 0.053792 
3.187676 0.316228 1.041171 -0.298498 1.843824 0.671695 0.486085 1.036025 0.566674 0.366578 0.401734 0.002102 
2.924623 -0.189755 2.437220 -1.757940 1.361123 1.834047 0.084120 0.371879 0.561792 -0.201423 0.136826 0.066640 
1.488599 0.198618 3.438009 -0.819652 0.522720 0.348704 0.543054 0.375574 0.480997 -0.048298 0.440003 -0.013046 
-1.211819 -0.169608 3.631167 0.513747 2.244523 0.487237 0.006503 -0.279257 0.666619 0.118760 -0.018308 0.052082 
-0.642221 -0.357384 1.845674 -1.568725 1.696695 -0.568758 1.052611 -0.094197 0.414396 -0.148177 -0.409888 0.088478 
-1.021422 0.072868 2.354538 -0.696103 1.011043 -0.538437 -0.021153 -0.240883 0.753813 -0.602534 0.345166 0.064677 
-0.897469 0.086191 1.545662 -0.921868 1.321826 -1.191693 -0.277054 -0.109617 0.204350 -0.154255 -0.312329 0.061217 
-0.840998 -0.312581 1.169020 -1.187751 1.100139 -0.951652 -0.209427 0.394114 -0.420249 -0.182386 -0.508150 -0.025434 
-0.701533 -1.290008 1.208107 -1.584545 0.362389 -0.760382 -0.180249 -0.120358 -0.129879 0.022769 0.099636 -0.017997 
-0.265184 -1.483441 1.358364 -2.051726 -0.352318 0.588451 -0.779641 0.343894 0.113387 0.225854 0.258097 0.015757 
0.967392 0.902880 1.329162 0.561955 1.797318 1.048845 1.472944 0.949422 0.435215 -0.039269 0.020812 -0.053949 
0.963572 1.277444 1.567018 0.011173 2.062046 0.324849 1.811719 1.232067 0.526167 0.056182 -0.016633 -0.085626 
0.819934 0.559148 1.648305 0.597764 1.698652 1.251014 1.567584 0.843616 0.734986 0.022400 -0.092114 -0.112933 
1.720831 0.485724 0.884076 1.857610 1.611619 1.090642 0.640122 1.463789 0.305493 0.260599 0.064232 -0.036010 
2.796375 0.734418 1.200583 0.422404 1.507849 0.581457 0.943385 1.065478 -0.068930 0.555087 -0.032552 -0.050891 
2.989309 -0.372501 1.440835 0.406408 1.489271 0.855192 1.447027 1.064365 0.396521 -0.012010 0.164432 -0.007373 
4.422260 0.657204 0.429459 1.114911 1.358494 0.628437 0.387892 0.754792 0.205935 0.447908 -0.037772 -0.080587 
3.855567 3.110984 2.318495 1.479297 0.907461 0.455743 0.365187 0.508926 0.511989 0.344841 0.225483 0.058470 
5.167278 4.219415 2.767757 1.120782 0.152469 0.217073 0.665262 0.853661 0.739739 0.508271 0.207092 0.039801 
1.614171 1.616695 1.934766 -0.091934 0.306955 -0.657961 -0.544033 0.919931 0.541833 0.775512 0.024888 0.100512 
1.487461 0.273658 0.369628 -0.189369 -0.313679 -1.518003 0.326403 -0.399661 0.511448 0.087533 0.726062 0.242418 
0.508696 0.377491 0.659656 -1.879017 0.209154 -0.936309 0.821624 0.275992 0.724474 0.258484 0.284833 0.178734 
-0.490424 -0.031154 2.071976 -1.460085 1.207181 -0.695046 1.239492 -0.283364 0.821507 0.628441 0.008335 0.122036 
-0.899435 -0.427961 1.878751 -1.246386 1.381050 -0.671235 0.456379 -0.140404 0.051836 0.347663 0.155438 0.163197 
-0.784155 -0.317736 1.855242 -1.354379 2.110762 -0.090520 0.633721 0.924022 0.618111 0.161407 0.137105 0.094200 
-0.690641 -0.367794 1.927256 -1.947105 1.317934 -0.200196 -0.037290 0.717486 0.098621 0.307162 0.068350 0.050262 
-0.781886 0.158381 2.539477 -1.161989 0.995629 0.434587 -0.075947 0.142572 1.009501 0.292127 0.152666 -0.053656 
-0.896476 -0.023559 1.615149 -1.145731 2.077687 -0.461706 0.291205 0.355828 -0.264431 0.847667 0.281855 -0.010365 
-0.440279 -0.218724 2.472152 -1.321470 1.904439 -0.168748 0.675340 0.364983 0.018755 0.241230 0.267972 0.071161 
-0.621728 -0.375767 2.163974 -1.413758 1.817448 -0.256124 0.790327 0.321644 -0.416583 0.125516 0.308012 0.106118 
-0.153598 0.134749 2.378784 -1.239578 1.346396 -0.449114 -0.030146 0.501732 0.896952 0.457242 0.351562 0.018960 
-0.178598 -0.571307 3.117240 -0.310694 2.114355 1.522866 0.239138 -0.184199 -0.039200 0.109948 0.452994 0.089454 
0.423612 -0.169015 2.835475 -0.304270 1.803733 3.484621 -0.830085 -0.772951 -0.302497 0.300418 0.172739 0.153253 
2.023044 0.510777 3.930737 -1.719530 0.420031 0.069149 -0.543449 -0.783358 -0.621523 -0.099927 -0.059323 0.038958 
-1.#IND00 -1.#IND00 -1.#IND00 -1.#IND00 -1.#IND00 -1.#IND00 -1.#IND00 -1.#IND00 -1.#IND00 -1.#IND00 -1.#IND00 -1.#IND00 
-1.#IND00 -1.#IND00 -1.#IND00 -1.#IND00 -1.#IND00 -1.#IND00 -1.#IND00 -1.#IND00 -1.#IND00 -1.#IND00 -1.#IND00 -1.#IND00 
