2.708302 -0.030391 0.860340 -0.888931 0.952339 0.807954 0.646315 0.961902 0.052495 0.315839 0.219257 -0.049271 
3.010064 0.105251 0.517086 -0.381123 0.831795 1.327868 0.201180 0.950107 0.436075 0.348414 -0.062595 -0.036911 
3.290071 0.459327 1.129577 -0.279416 1.115582 0.754098 0.899116 0.780567 -0.043789 0.082971 0.142854 0.026549 
3.205891 0.223375 0.232320 -0.165252 1.146222 0.854451 0.892728 0.805157 0.369008 0.275198 0.206184 -0.016855 
3.027998 0.594165 0.688293 -0.722052 1.891653 0.842954 0.541415 0.731602 0.373605 0.339570 0.151290 -0.032548 
3.300088 -0.258990 0.625901 -0.698346 1.419685 1.266892 0.184354 0.760258 -0.118680 0.437438 0.209492 -0.039461 
3.069235 0.683529 1.000415 -0.642432 0.975233 0.732338 0.452539 0.761949 0.514905 0.416309 -0.095581 -0.012534 
3.343899 0.753251 0.916210 -0.047585 0.903720 1.090550 0.370095 0.563174 0.929578 0.131393 0.216163 0.056231 
3.060193 0.786131 0.892019 -0.007825 1.194199 0.388096 0.880719 0.780409 0.702694 0.483466 0.273645 0.024230 
3.290376 0.640717 0.997117 -0.601269 -0.013686 0.698926 0.034052 -0.045070 0.478801 0.552152 -0.075758 0.013411 
3.323998 0.402709 1.224453 -1.160840 0.678502 0.851904 0.512327 0.694826 0.457263 0.310004 0.119203 0.009046 
3.292893 0.317930 1.163347 -0.311357 1.049039 1.190808 0.896181 0.533350 0.603404 0.349572 0.119130 -0.014653 
3.101917 0.376188 0.982540 -0.454520 0.803640 0.803820 0.538182 1.151000 0.023591 -0.646437 -0.019663 0.032845 
3.199148 0.181823 0.815988 -1.639453 0.601527 0.420909 0.783155 0.525898 0.232754 -0.111149 0.108489 0.070643 
3.182545 0.430695 1.181304 -0.312316 1.526543 0.825707 0.998801 1.229764 -0.292749 0.119470 0.381130 0.035313 
3.179696 0.367708 0.194853 -0.777818 1.726797 1.304644 0.290109 0.742653 0.318286 -0.053537 0.076198 0.010541 
3.127165 0.386257 0.425867 -0.437875 1.108146 0.708301 0.251610 0.755107 0.096198 0.297489 0.183413 -0.026143 
2.741962 0.040299 1.381548 -2.178845 0.443818 0.843255 -0.904092 0.183699 0.661532 0.114197 0.172070 0.049565 
1.450076 -0.705202 3.205494 -0.823557 -0.074861 -0.364399 1.733954 1.100152 1.093731 -0.171652 0.320851 0.056649 
-1.440082 -1.350322 1.879130 -0.395114 1.377832 -0.160134 1.304132 0.476567 0.807522 0.448978 0.124088 0.215098 
-0.778447 -1.428450 1.983940 -0.830849 -0.076270 -0.122195 0.634336 0.146878 -0.009269 -0.521837 0.165864 0.023842 
-0.636689 -1.121169 1.366461 0.004450 0.634053 -0.566987 -0.047506 -0.147357 0.097579 -0.031577 0.278128 0.056834 
-0.569786 -1.487843 1.036611 -0.433787 -0.086852 0.022086 0.270500 -0.561387 -0.415473 -0.250758 0.297670 0.013076 
-0.543706 -1.139644 1.194512 -1.302715 0.681816 -0.125710 1.265021 0.175314 0.251756 -0.057001 0.090981 0.098223 
0.778961 1.257683 1.268298 0.745039 1.974252 1.124030 1.836526 -0.411033 0.672569 0.124229 -0.210331 0.015309 
1.356941 1.038897 0.375933 1.715972 0.437229 1.757053 1.236234 0.670691 0.349441 0.240224 -0.162735 -0.075538 
0.929600 0.378412 0.951680 0.947319 2.028557 0.849648 2.015287 0.829178 0.759157 -0.102167 -0.237912 -0.072913 
0.962319 0.939036 0.293248 1.332833 1.242115 1.632953 1.446567 0.936397 0.392867 0.193455 -0.273764 -0.149918 
0.332252 0.806008 0.856698 0.937018 2.213548 1.098871 2.031151 1.517615 0.201883 0.061330 -0.217621 -0.076652 
2.076512 0.478781 0.615054 1.008544 1.287285 1.594787 1.993011 0.427173 0.280759 0.455326 -0.042961 -0.054047 
1.776717 0.955706 1.101530 1.253350 1.126216 0.694450 1.050674 0.531957 0.868090 0.662251 0.070087 -0.100262 
3.985660 0.389741 1.318661 0.589060 0.045166 1.146945 0.096234 1.574235 -0.261132 0.284691 -0.101648 -0.114424 
3.544421 2.631557 1.732432 1.297505 1.170420 0.944111 0.609672 0.352827 0.254278 0.280538 0.220288 0.049013 
3.565010 2.566071 1.431761 0.880680 0.825844 0.911454 1.039459 0.729083 0.179384 0.154776 0.125176 0.013744 
3.545787 2.892359 2.566472 2.287091 1.805128 1.385351 0.945048 0.225001 0.307347 0.042909 0.176931 0.024937 
2.977995 2.179854 0.378864 -1.005228 1.591022 -1.493050 0.401207 -0.143518 -0.131317 -0.402116 0.355325 0.205064 
2.123393 1.350512 2.423395 1.554133 -0.444625 0.604078 -0.568027 -0.273030 0.263031 0.193646 0.284732 0.059894 
0.156897 0.434706 0.624084 -1.327486 -0.008022 -1.367696 0.943049 -0.065834 0.455485 0.154540 -0.109812 0.186393 
-0.631457 -0.164031 1.388486 -1.790271 1.329881 -0.722985 1.027356 0.299952 0.413773 -0.189440 0.157923 0.101523 
-0.616578 -0.136749 1.378920 -1.021784 1.542045 -1.532769 0.918919 -0.080658 -0.042448 0.218220 0.212386 0.095314 
-1.530287 -0.049331 0.851048 -2.191595 1.814100 -0.927407 0.642311 -0.280504 0.220628 0.240217 -0.204226 0.067005 
-0.928797 -0.685622 1.325735 -1.159200 0.535807 -0.758061 -0.062422 -0.138440 -0.075184 0.091835 0.359554 0.013230 
-0.868401 -0.233711 1.192198 -2.261841 1.292248 -1.496199 -0.019415 -0.197442 0.002877 0.228615 0.028381 -0.014161 
-0.880347 -0.880595 1.303727 -1.048013 2.016563 -0.270136 0.003119 -0.781538 -0.189679 0.226224 0.298447 0.184759 
-1.253016 -1.206861 1.903283 -1.426668 1.621750 0.322852 0.870918 0.330975 0.293016 0.299564 0.014276 0.070544 
-0.836077 -0.935322 2.664882 -1.642536 2.577594 0.216720 0.325628 -0.379494 0.438573 0.693333 0.283340 0.065144 
-0.484358 -0.929679 1.901433 -1.319304 2.365582 0.767163 -0.444399 -0.704703 0.518043 1.081101 0.459054 0.031005 
-0.113301 -1.147166 3.218604 -0.426153 1.422771 1.042649 -0.331122 -0.193865 -0.025020 0.444769 0.662146 0.001126 
-1.#IND00 -1.#IND00 -1.#IND00 -1.#IND00 -1.#IND00 -1.#IND00 -1.#IND00 -1.#IND00 -1.#IND00 -1.#IND00 -1.#IND00 -1.#IND00 
-1.#IND00 -1.#IND00 -1.#IND00 -1.#IND00 -1.#IND00 -1.#IND00 -1.#IND00 -1.#IND00 -1.#IND00 -1.#IND00 -1.#IND00 -1.#IND00 
