3.467540 0.174483 1.083451 -1.164561 0.277310 0.178399 0.032629 0.498101 0.258056 0.332204 0.108703 0.041411 
3.344265 0.456568 0.805151 -0.753293 0.961371 0.299600 -0.115822 0.915206 0.472753 -0.013970 0.224162 0.006729 
3.454850 0.272593 0.692885 -0.578448 0.502044 0.796794 0.714043 0.964114 -0.064772 0.509885 0.283253 0.003492 
3.139852 0.458432 0.804314 -1.186159 0.909945 0.420843 0.312955 0.912313 0.069076 0.241442 0.313101 0.048932 
3.150988 0.273546 0.786498 -0.591729 0.813689 0.543817 0.996444 0.696583 0.086061 -0.122228 0.179908 0.038816 
3.175619 0.307053 1.186761 -0.973541 0.516510 0.329419 0.908065 0.414849 -0.343984 0.148639 0.254772 0.042894 
3.400660 0.502029 0.906879 -1.451442 0.793256 0.548783 0.656553 0.591590 0.095141 0.911553 -0.023164 -0.070451 
3.416008 0.415930 1.317893 -0.880377 1.782283 0.452960 0.765272 0.929099 0.503941 0.116647 0.126506 0.021066 
3.223562 0.420615 1.157977 -0.664929 0.907189 0.690192 0.781203 1.128519 0.284683 0.245454 0.230688 -0.024001 
3.168450 0.266031 1.073035 -0.453078 1.583106 0.767965 0.525145 0.689674 0.134713 -0.204314 0.088637 0.018005 
3.667454 0.716129 1.863508 -0.575332 1.452972 0.518653 1.216095 0.748237 0.310558 0.505702 0.277964 0.048179 
3.334228 0.525077 1.623375 -0.253026 1.396586 1.531558 1.085575 1.662139 0.566793 0.027082 -0.089112 -0.035964 
3.290040 0.482595 0.832059 -0.800112 1.644342 0.460204 0.471113 0.404141 -0.380649 0.444931 0.143363 0.027576 
3.236686 0.338078 1.224534 -0.586048 0.606495 0.619787 -0.017024 1.299296 0.248386 0.158972 0.224660 -0.001740 
3.339349 0.424201 1.274305 -0.430510 0.897072 0.754588 0.308198 0.219502 0.100221 0.470480 0.303219 0.027992 
3.006550 0.456954 0.916719 -1.024994 1.265972 0.995691 0.466686 0.997392 0.176873 0.163241 0.114645 -0.014911 
2.585320 -0.653034 2.138138 -1.118114 0.498206 2.262348 0.426775 0.613903 0.088045 0.117106 0.159850 -0.010858 
-1.230663 0.085250 5.257082 0.529760 1.389163 0.714516 -1.350708 -0.460047 0.210450 -0.039824 0.384188 0.017311 
-0.769444 -1.979190 2.784733 0.843202 1.349068 0.896011 -0.272442 0.078076 1.307427 0.347921 0.207097 0.009068 
-0.936701 -1.312257 2.870832 -0.463326 0.388400 0.297490 0.755891 0.838603 0.349727 -0.024852 0.020763 0.137020 
-0.814225 -1.256661 1.608234 -1.396914 0.901159 0.342076 0.089606 0.739703 0.672005 -0.037030 0.271420 0.040008 
-0.857901 -1.128526 1.684679 -0.700881 0.277689 -0.577606 0.742126 -0.100254 0.220585 0.709936 -0.000019 -0.010419 
-0.510563 -1.578723 0.823214 -1.094119 0.355640 0.366467 0.453176 0.664458 0.372132 0.342839 0.299685 0.054430 
1.275732 2.400217 1.084391 -0.185975 0.591309 1.449663 0.217411 0.631954 0.746447 -0.184634 0.089639 -0.036983 
0.832996 1.288568 0.865064 0.827870 1.419431 0.276237 1.621346 0.855224 0.910976 0.483665 -0.044105 -0.149630 
1.023859 1.003260 0.915272 0.266933 1.190532 1.284960 1.840270 0.488594 0.601861 0.093333 -0.198118 -0.115112 
1.278421 0.804312 0.705742 0.620841 1.137600 1.693481 1.148600 0.870881 0.325453 0.032069 -0.100176 -0.117018 
0.755099 0.972308 0.968821 0.911434 2.160587 1.370112 2.004842 0.853843 0.577632 0.018354 -0.232715 -0.035310 
1.428335 0.553265 0.827962 1.344897 1.766822 1.274965 1.679972 0.965064 0.195111 -0.251860 0.232537 -0.066053 
2.017869 0.561576 1.070846 0.756289 1.454441 1.352368 1.295179 0.240237 0.720043 0.220651 -0.074891 -0.040221 
3.148735 0.611114 0.537135 1.347108 1.023134 1.230533 1.007867 0.758076 1.071958 0.274276 -0.311935 -0.093751 
4.281422 1.848445 1.035513 1.453314 0.979562 0.171244 0.173709 0.665429 0.746287 0.190408 0.227101 0.064608 
4.078483 3.014320 1.993748 1.380986 1.297370 1.285141 0.761301 0.421156 0.278161 0.308300 0.331378 0.080611 
3.878524 3.386177 2.947748 2.163494 1.521386 0.904832 0.483450 0.148950 0.025345 0.162608 0.149774 0.027358 
4.011229 3.396006 2.692793 1.875940 1.379132 1.158922 1.004136 0.682403 0.284924 0.206374 0.269664 0.063658 
3.264909 1.785544 0.615047 1.220169 2.162379 -0.735127 -1.642911 0.205778 -1.138642 -0.023815 0.396295 0.091188 
0.779536 0.344434 0.774385 -0.653086 -0.020052 0.541594 0.789366 -0.064219 1.372870 -0.047177 0.574043 0.013089 
-0.296547 0.383984 0.983585 -1.322944 0.132532 -0.775153 1.352514 0.601945 0.832248 0.517125 0.078136 0.113404 
-0.579725 -0.132854 2.147378 -1.255394 0.923131 -0.656950 1.659389 0.146252 0.119104 0.443201 0.157837 0.150541 
-1.105858 -0.636248 1.924026 -0.268273 1.015346 -0.787605 1.174571 -0.306255 0.226334 0.364855 -0.021072 0.134549 
-0.752311 -0.882661 1.703243 -0.063844 1.848259 -1.044224 0.823605 -0.403567 0.258080 0.084163 -0.230081 0.239682 
-1.092450 -0.358881 1.717395 -1.448946 0.266142 -1.497807 0.107046 -0.187110 0.463048 -0.048521 0.026262 0.149602 
-0.735378 -0.942640 1.565147 -0.762100 0.722488 -0.748347 0.467106 -0.082184 0.151051 0.424025 -0.212809 0.180718 
-0.635419 -1.148542 1.816978 -1.440376 2.034136 -0.643761 0.539188 0.587953 0.362794 0.662766 0.065240 -0.034921 
-1.047791 -1.640816 1.799038 -1.025539 1.793534 0.305477 1.235710 0.854902 0.857097 0.437954 0.039863 0.061110 
-0.669962 -1.440390 1.938612 -0.998607 1.970867 0.517588 2.267765 0.975640 0.310388 -0.071124 0.058575 0.118526 
-0.479280 -1.001180 2.741656 -0.395914 1.525733 0.329732 1.853251 1.536572 0.246361 -0.201192 0.071880 0.073305 
0.645372 -0.152667 2.021247 -1.495893 0.174073 0.199272 0.523563 2.262917 -0.135010 -0.463291 -0.316308 0.022568 
-1.#IND00 -1.#IND00 -1.#IND00 -1.#IND00 -1.#IND00 -1.#IND00 -1.#IND00 -1.#IND00 -1.#IND00 -1.#IND00 -1.#IND00 -1.#IND00 
-1.#IND00 -1.#IND00 -1.#IND00 -1.#IND00 -1.#IND00 -1.#IND00 -1.#IND00 -1.#IND00 -1.#IND00 -1.#IND00 -1.#IND00 -1.#IND00 
