3.427083 1.279684 1.379403 -0.389617 1.400379 1.051058 1.079769 0.982820 0.221794 0.245391 0.004862 -0.022737 
3.561874 0.782739 1.467529 -0.046207 1.364992 0.751936 0.679032 0.365512 -0.109746 -0.217389 0.157502 0.034251 
3.595267 0.953662 0.688043 0.421088 1.326854 0.881302 1.031983 0.365297 0.616492 0.031466 -0.116404 -0.052875 
3.375796 1.379742 0.904823 0.189553 1.297119 1.195532 0.968616 0.778686 0.065264 0.096695 0.159933 -0.000011 
3.451400 1.348147 1.500490 -0.004612 1.880310 1.376165 0.621937 1.026628 0.360397 0.210607 0.126719 -0.017612 
3.643524 1.050002 1.206721 -0.265775 2.355054 1.765562 0.840344 0.968239 0.426110 0.207532 0.255128 0.012190 
3.491561 1.510646 0.976179 -0.194224 0.905594 1.749826 1.970981 0.333535 0.702238 0.365762 0.101765 0.011080 
3.807344 0.882912 1.149192 -0.937163 1.586263 0.904274 0.865256 0.572151 -0.080732 0.096256 0.198686 0.043801 
3.499119 0.492227 1.116974 -0.480137 1.959464 1.251296 1.107919 1.375090 0.399558 0.500149 0.119654 -0.044752 
3.527810 1.301755 1.825637 -0.289594 0.719227 0.258413 0.306196 0.850710 0.092682 0.194333 -0.174850 -0.057070 
3.269772 0.767184 0.862967 -0.755215 1.096112 0.629784 0.694440 0.662991 0.238053 0.159988 0.098029 -0.024792 
3.372196 0.986130 1.135530 -0.126124 0.812738 0.241163 0.416833 0.425880 0.122072 0.409673 0.070099 -0.010606 
3.473684 0.401629 1.389360 -0.153296 0.163275 0.962298 1.124049 0.971659 -0.401241 0.326449 0.262363 -0.052587 
2.654452 -1.270618 3.333447 -0.087655 -0.631451 0.470443 2.255347 0.451511 0.023997 0.166874 0.082847 -0.017761 
-0.206366 -0.475434 2.403229 3.086377 -0.037584 -0.447587 0.867038 -0.595665 -0.084180 -0.023328 0.029448 0.158380 
-0.740262 -1.362467 3.784380 0.784172 -1.826054 0.406821 3.536013 -0.819682 0.429971 0.980258 0.160412 0.076486 
-0.682719 -1.178971 3.667953 -0.041604 0.498225 0.231582 1.137333 0.442075 0.975815 -0.158192 0.131496 0.151660 
-0.735874 -0.803433 2.994298 -0.737679 0.964577 0.134020 -0.135665 -0.339216 0.438186 0.047183 0.553470 -0.029080 
-1.208107 -1.334389 2.926867 -0.987642 0.711793 -0.416002 0.527835 -0.096221 0.168524 0.477274 0.237445 -0.013459 
-1.041860 -1.110852 2.878407 -0.097816 0.390944 -0.628692 1.189969 0.031915 0.175924 0.271325 0.151497 0.130797 
-1.531794 -0.764780 3.285174 -0.267524 1.084809 -0.507301 0.402963 0.264875 1.274986 0.066512 0.473968 0.130486 
-0.664657 -1.583242 3.464758 -0.203531 -0.670617 0.718117 0.241943 0.355712 0.766458 0.363771 0.376459 0.032204 
1.261496 0.989179 0.792477 1.123253 0.750955 0.788979 0.763098 -0.426270 0.354970 0.486382 -0.036850 -0.122827 
1.387199 1.176127 1.223066 0.613884 -0.222691 -0.088553 0.158642 0.194774 -0.273565 -0.463467 -0.302683 -0.129856 
1.588298 1.096548 0.702586 -0.095899 0.181031 -0.185070 -0.433454 -0.370306 -0.505751 -0.425278 -0.531085 -0.088389 
1.089052 0.968087 0.479824 0.071360 0.228645 -0.295187 -0.215674 -0.946040 -0.416322 -1.051001 -0.268336 -0.057746 
0.914216 1.577006 0.747121 -0.469164 -0.022815 -0.987593 -0.519654 -0.893219 -0.568516 -0.676152 -0.284183 -0.107717 
1.591089 0.889693 0.562557 0.466217 0.387452 -0.470859 -0.113488 -0.866021 -0.198413 -0.574812 -0.360827 -0.094355 
1.804818 1.738052 -0.391029 0.558324 0.280760 0.015243 0.370333 -0.661888 -0.520900 -0.192561 0.005888 -0.069413 
2.193626 0.421768 0.970855 0.866324 0.916566 0.247478 0.977912 0.686909 0.353066 0.532395 0.144658 -0.022565 
1.287473 1.245343 1.535379 0.587940 0.956015 1.809572 -0.052620 0.353879 0.109770 0.504007 0.085453 0.035609 
1.534569 0.893103 1.582724 0.771148 1.742580 0.564561 0.614628 0.542783 -0.055508 0.284035 0.073793 0.012901 
1.471574 1.097167 1.149929 0.629767 0.324864 0.867493 -0.194865 0.223589 0.385248 0.343631 -0.112947 -0.049721 
1.582082 0.776294 0.559583 0.488099 0.854299 0.628104 0.827524 0.083510 0.873156 0.082507 -0.321529 -0.096291 
1.267024 1.322712 1.036403 0.038658 0.531513 1.185151 0.723783 -0.044037 1.138451 0.201935 -0.086411 -0.061332 
2.065915 0.170363 1.284990 1.182261 1.844103 1.176681 1.090530 0.790151 0.143325 0.503775 0.043737 -0.022483 
2.219395 0.725979 0.981194 1.064892 0.356680 1.088897 1.818082 0.929511 1.145991 -0.281481 0.156019 -0.040187 
4.300525 -0.037286 1.668886 0.779204 0.886874 -0.090056 1.499969 0.673934 0.145957 0.087012 0.068628 0.040253 
4.936184 0.645368 1.030370 1.015582 0.944543 1.023569 0.684863 0.500109 0.408994 0.087771 0.124035 0.039387 
4.962609 2.073122 0.798074 1.024577 1.125424 0.721815 0.349433 0.356772 0.280811 0.177281 0.000683 -0.017023 
3.488180 3.012431 2.491660 1.864171 1.292453 0.881604 0.655570 0.503787 0.454102 0.458946 0.373884 0.081969 
3.770343 3.018847 2.312850 1.483091 0.453939 0.055553 0.504278 0.937494 0.835112 0.541852 0.300158 0.064684 
2.909271 2.467493 2.133023 2.025251 1.826197 1.471299 1.126298 0.799088 0.573409 0.377761 0.223381 0.053290 
3.313624 2.554879 2.542287 2.005169 1.676410 1.190602 1.148558 1.216663 0.735195 0.379800 0.196358 0.056306 
3.518506 2.668508 2.775094 2.588711 2.783952 2.286545 1.569695 1.022171 0.816828 0.468183 0.060354 0.056634 
3.081576 1.338313 1.362012 0.451088 2.229012 1.294178 1.503925 1.241493 0.962795 0.592692 0.197269 0.007292 
3.666720 0.996697 0.987481 0.269677 1.907058 1.377155 1.668762 1.356175 0.794008 0.282801 0.124216 0.011253 
3.372201 1.082069 1.136425 0.276462 0.746955 1.046162 0.582542 0.896618 0.344266 0.303498 0.011693 -0.008778 
-1.#IND00 -1.#IND00 -1.#IND00 -1.#IND00 -1.#IND00 -1.#IND00 -1.#IND00 -1.#IND00 -1.#IND00 -1.#IND00 -1.#IND00 -1.#IND00 
-1.#IND00 -1.#IND00 -1.#IND00 -1.#IND00 -1.#IND00 -1.#IND00 -1.#IND00 -1.#IND00 -1.#IND00 -1.#IND00 -1.#IND00 -1.#IND00 
