3.476491 0.628619 1.255091 -0.271561 1.994192 1.330563 0.416604 1.270252 0.287754 0.474587 0.397847 -0.010169 
3.239926 0.290568 0.713304 -0.419829 1.311620 0.472645 0.391377 0.859980 0.585793 -0.024958 0.086351 -0.021008 
3.112085 0.532656 1.220814 -0.920799 0.815917 1.167409 0.210804 0.490386 0.725336 0.343605 0.051597 -0.010773 
3.233500 0.736991 0.495536 -0.673777 1.192078 1.261143 0.923390 0.776071 0.448273 0.194617 -0.044415 -0.027658 
3.076353 0.328878 1.220158 0.034237 1.383710 1.452834 1.343376 1.645054 0.866395 0.155094 -0.086632 -0.061114 
3.281802 0.881237 0.807431 -0.239632 1.329127 1.698469 0.923761 1.287946 0.671061 0.279007 0.164562 -0.017558 
3.189124 0.578367 0.753522 -0.046299 1.446604 0.859372 0.729833 0.924113 0.340495 0.148612 0.312710 0.018136 
3.203321 0.175714 0.992144 -0.478970 0.884527 0.649703 1.201193 0.335478 0.112386 0.311960 0.051533 0.020397 
3.232049 0.767187 0.256125 0.203250 1.990628 1.529361 0.799729 1.441271 0.773901 0.148041 0.422595 -0.004966 
3.170375 0.731579 0.993946 0.242427 1.200132 1.258981 0.896431 0.674794 0.385436 -0.109895 -0.025614 0.003511 
3.071439 -0.233594 1.306707 -0.664420 0.418851 0.744295 0.869744 0.829642 -0.370541 0.295400 0.055204 -0.097750 
3.278206 0.167859 0.733673 -0.998830 0.889143 0.621075 1.020246 1.269131 -0.134280 0.427148 0.059537 -0.007620 
3.376891 0.301127 1.107535 -0.060592 0.678951 0.266802 0.760966 0.640254 0.489621 0.284340 0.175118 0.009857 
3.333851 0.550175 0.652318 -0.455691 1.157241 1.206126 0.443277 0.977732 0.364833 -0.085171 0.118099 -0.029274 
3.182220 0.969780 0.747988 -0.038358 0.735135 1.237645 1.062135 0.699705 0.143732 0.062758 0.208811 0.011806 
2.921944 -0.478337 2.175658 -0.742162 -0.605691 2.084951 1.143733 -0.044198 0.823466 0.118503 -0.139223 0.006358 
2.133801 -1.357913 3.528065 -0.059112 -0.070863 1.000714 1.923690 -0.190375 0.052198 0.296520 0.198061 -0.028617 
-0.672937 -1.145925 4.375532 -0.132373 -1.456376 2.294356 2.515493 -0.244049 -0.207989 0.394210 -0.096871 -0.009268 
-0.465520 -1.246699 4.559581 0.054757 0.004663 1.170559 1.005880 -0.585791 0.493927 -0.172985 -0.208268 0.067391 
-0.645052 -1.670685 2.458590 -0.842162 0.707261 0.497580 0.272837 -0.447384 0.259774 -0.210074 -0.160655 0.025237 
-0.398763 -1.292484 1.210590 -0.295378 -0.722029 1.252519 0.829941 -0.660395 -0.371339 -0.363755 -0.228309 0.217379 
1.150102 1.255647 1.803426 0.862310 0.330963 -0.482365 0.503264 -0.463105 0.296809 0.368270 0.007364 -0.035724 
1.210457 1.669502 2.142053 0.443258 0.683959 0.022060 0.078036 0.959272 0.268205 0.162813 -0.127891 -0.004226 
1.362886 1.481130 1.364024 0.551495 0.597968 -0.411221 -0.008141 -0.621773 0.164298 -0.131316 -0.284926 -0.078764 
1.386427 0.856283 1.316037 0.300844 -0.086611 -0.177477 -0.701740 0.509714 -0.534130 -0.265527 -0.240031 -0.150758 
0.983839 1.810005 0.970666 0.777957 -0.551778 -0.866890 -0.536406 -0.115388 -0.306833 0.034951 -0.214141 -0.169538 
1.476122 1.604331 0.813376 0.697795 0.046558 -1.277648 -0.397099 -0.370207 0.374610 0.146219 0.114045 -0.155427 
1.392115 1.105586 1.529574 1.275294 0.969875 -0.080807 -0.182818 0.090848 0.134124 0.570953 0.090898 -0.067223 
1.061826 1.447235 1.085751 1.316107 1.720721 0.199214 1.128711 -0.295937 0.078490 -0.174516 0.100984 -0.063300 
1.302368 1.412405 1.328863 1.162892 0.941015 1.452793 0.289374 -0.027200 0.329107 0.255462 0.311240 -0.040588 
1.684723 0.848111 0.966583 1.011248 0.632805 1.017449 -0.163453 0.287875 0.525908 -0.014846 0.574172 -0.003787 
1.234589 0.862016 1.739974 0.932527 0.898328 0.857175 0.557021 0.942069 0.391428 0.611022 0.117384 -0.051194 
1.182991 1.098675 1.107160 1.382303 0.839201 0.885541 0.575611 0.545182 1.074810 0.474863 -0.092604 -0.011417 
1.071002 0.832747 1.228222 2.148820 0.485083 0.435391 0.697726 1.203984 0.711338 0.363865 0.073160 -0.009510 
0.983675 0.830560 1.998440 0.680002 0.894364 1.027886 1.336334 1.150177 0.598361 0.306595 -0.227273 0.036737 
1.473303 0.880765 1.466747 1.464534 0.544128 1.647772 0.969842 0.632821 0.461454 0.457587 0.017768 -0.016518 
2.668357 -0.175114 1.443931 0.611366 0.964985 1.398881 0.609734 0.510200 0.462289 0.346603 0.224598 -0.007647 
3.694332 -1.171412 2.300773 0.083533 2.302146 0.480431 1.034337 1.466823 0.575394 0.317016 -0.091698 -0.014076 
3.997132 4.183194 2.821150 0.876419 0.423180 0.446261 0.908906 0.567802 -0.018652 -0.103191 0.099059 -0.021554 
6.684443 3.967382 2.808018 -0.003606 -1.579691 1.104319 1.651489 0.649551 0.649551 0.323615 -0.099369 -0.039530 
5.551238 3.968687 3.470313 2.756930 1.003612 -0.558793 0.665839 0.367952 0.027377 0.131618 0.273655 0.114881 
4.081509 3.107762 3.284327 3.671383 2.394628 1.613228 1.089859 0.817475 0.247390 0.056661 0.218995 0.039903 
2.772977 2.152693 1.684345 1.626559 1.672583 1.241633 0.796034 0.640043 0.415142 0.236435 0.132027 0.022205 
3.514483 2.059899 2.110296 0.864864 2.121369 2.184002 1.555072 1.616579 0.840349 0.476012 0.132607 0.039238 
3.198032 1.002862 0.964139 -0.241238 1.191419 2.062906 0.854438 0.993292 0.018864 0.105844 0.178370 -0.014631 
3.357706 0.323208 0.862610 -0.818697 1.143529 0.751561 0.644008 0.660304 0.196794 0.279695 -0.072359 -0.030930 
3.466079 0.152973 1.101706 -1.088988 1.115722 0.991366 0.865205 0.660814 0.275932 0.601439 0.240539 -0.000097 
3.230959 0.620490 1.779115 0.128674 1.368480 0.646952 0.031415 1.119391 0.829328 0.445577 0.506890 0.002317 
-1.#IND00 -1.#IND00 -1.#IND00 -1.#IND00 -1.#IND00 -1.#IND00 -1.#IND00 -1.#IND00 -1.#IND00 -1.#IND00 -1.#IND00 -1.#IND00 
-1.#IND00 -1.#IND00 -1.#IND00 -1.#IND00 -1.#IND00 -1.#IND00 -1.#IND00 -1.#IND00 -1.#IND00 -1.#IND00 -1.#IND00 -1.#IND00 
