3.490798 0.840834 1.530212 -0.201460 1.351799 1.128622 1.807107 0.764048 0.504775 0.371654 0.182855 0.035232 
3.432185 0.483553 1.036712 -0.089843 0.837335 1.822517 0.963676 1.294883 0.651221 0.025825 0.328408 0.037032 
3.110277 0.517599 0.763528 -0.194299 1.127117 1.393624 0.906534 0.841008 0.260220 0.094590 0.172602 -0.005520 
3.355177 -0.087894 1.111447 -1.171003 1.298847 0.658370 0.179758 0.517496 0.109706 0.390441 -0.066156 -0.058899 
3.296416 0.425300 0.816443 -0.388011 1.086265 1.300645 1.035188 1.242529 0.019049 0.056641 0.066127 -0.020460 
3.271563 1.121776 1.621869 -0.514463 1.284006 1.397654 0.045823 1.361250 0.755844 0.339357 0.245811 -0.018687 
3.244050 0.729439 0.952850 -0.274524 1.400582 1.557012 1.528885 1.235709 0.585247 0.614104 0.160320 -0.048377 
3.342604 0.571989 0.844036 -0.505050 1.157230 0.957414 0.895677 0.995842 -0.276333 0.521375 0.165954 -0.010978 
3.245909 0.477517 1.171290 -0.389916 1.121611 0.935484 1.052357 1.827810 0.387153 0.154399 -0.025051 -0.050555 
3.406221 0.700319 0.709222 -0.398958 1.981014 1.667568 0.867980 1.179585 0.483267 0.224362 0.194587 0.001367 
3.263963 0.500016 0.960762 0.370542 1.570211 1.315940 0.996369 0.829684 0.720275 0.317474 0.504167 0.053594 
3.711281 0.639975 1.153514 -0.749823 0.476745 1.624232 0.860899 0.959037 -0.225462 0.403315 0.216693 -0.018129 
3.192035 0.418588 0.513695 -0.866101 1.435912 0.558716 0.936999 1.053927 -0.022144 0.224828 0.093100 0.005539 
2.112875 -1.590684 2.679829 -0.492203 0.943573 -0.193548 0.459477 1.203114 0.696257 -0.489690 0.103629 0.102344 
-1.050528 0.471498 2.896188 -1.068324 -0.150670 0.727227 0.812883 -0.064021 0.455424 0.084641 0.145745 -0.023598 
-0.772303 -0.826245 6.989049 -0.754759 -0.123525 1.323772 0.125900 0.251018 0.413260 0.180033 0.281828 0.088339 
-0.778458 -0.817153 4.832169 -0.758292 0.741556 1.338867 1.121737 -0.435195 0.808161 0.237444 0.121822 0.099344 
-0.649465 -0.586878 4.724991 -1.012289 0.011711 0.509420 1.036422 -0.621408 0.482367 0.619035 -0.158454 0.222354 
-0.869107 -0.330318 3.480703 -1.129262 0.730406 0.400679 0.938388 -0.541366 1.209391 -0.082201 0.359669 0.145097 
-1.503189 -0.038731 3.649927 -0.467889 0.909210 1.471076 0.787258 -0.596229 0.563468 0.109067 0.220049 0.150723 
-1.295876 -0.298928 3.281562 -0.947854 0.781214 -0.239923 -0.046770 -0.751998 0.895547 -0.125007 0.078134 0.105707 
0.854145 1.020840 2.844992 0.601062 1.586024 -0.162352 0.421624 -0.014248 -0.032488 -0.204489 0.040354 0.044945 
1.012641 1.338031 1.932506 0.456858 0.856558 1.092552 0.407221 0.027210 0.049865 0.198495 -0.079096 -0.080138 
1.334738 0.733533 1.154869 1.510018 0.385608 0.459561 -0.182640 -0.549583 -0.546492 -0.066521 -0.287540 -0.094700 
1.231244 2.146313 0.987787 0.149190 0.071097 -0.131743 -0.644557 -0.049227 -0.191433 -0.280438 -0.378616 -0.046773 
1.124904 1.690792 1.014740 -0.148747 0.647041 -0.710077 -0.302535 0.221035 0.228294 -0.601726 -0.053469 -0.083103 
1.440861 1.084297 1.210968 0.663282 0.158177 -0.886398 0.176657 -0.444582 0.029290 0.029444 -0.258076 -0.061794 
1.250885 1.609126 1.661538 0.416800 -0.019277 -0.074340 -0.418974 -0.361129 0.604285 0.198116 0.036792 0.025713 
1.272909 0.746860 1.532983 1.088299 0.657102 0.024615 1.074347 0.424356 0.365609 0.293777 0.205003 0.010901 
1.632733 1.120103 0.539954 1.634929 0.607691 -0.046257 0.388945 0.843791 0.371678 0.221798 0.280694 0.010404 
1.651278 1.517592 1.154162 0.179048 0.500239 0.572301 0.288885 -0.123479 0.837928 -0.087534 0.128615 0.062971 
1.327407 1.445470 0.719065 1.241122 0.248947 0.720247 0.480338 0.866852 0.320978 0.415437 -0.208656 0.011662 
1.405842 1.483012 0.769771 1.051332 0.882735 0.094660 1.161046 0.203350 0.351758 -0.053451 0.081575 -0.023207 
1.198783 0.732695 1.032756 1.148704 1.483212 1.182529 0.415041 1.126559 0.762863 0.356798 0.071125 -0.092876 
1.556857 0.841250 0.475637 2.320122 0.882171 1.204871 0.612715 1.024403 0.630316 -0.012113 -0.068816 -0.005045 
2.162452 0.167499 1.394632 0.906430 1.585866 1.030737 0.333414 0.875987 -0.090869 0.458439 -0.225104 -0.006775 
4.096066 -0.465360 1.312284 1.397766 1.559983 1.905137 -0.223495 -0.049017 1.315497 0.135149 0.197520 0.104794 
3.241027 2.165937 1.358674 0.994418 0.852913 0.740432 0.626845 0.443126 0.238499 0.072607 0.107380 -0.012606 
3.280975 2.630147 1.951121 1.309213 0.850866 0.647581 0.559573 0.468162 0.395608 0.345056 0.260747 0.022765 
6.445651 4.329947 1.325082 -0.330306 0.042347 1.079056 0.987035 0.677126 0.457884 0.083195 0.079054 0.041202 
6.109441 3.680875 3.843095 3.426210 0.586085 -0.171909 0.052201 1.802076 0.047156 -0.188881 0.200828 0.116987 
4.794320 3.336508 3.071210 2.496490 1.451266 0.663488 0.811999 1.033638 0.501351 0.046131 0.036130 0.007619 
4.303599 1.999090 2.681606 1.108885 2.925111 2.058300 0.819715 1.556195 0.403537 0.340354 0.186556 0.009251 
3.868322 1.192078 2.385990 1.118513 1.928916 1.648017 0.657085 1.354246 0.920529 0.606019 0.122420 -0.017389 
3.474889 0.308472 1.673186 -0.034152 1.624482 0.889479 0.995275 1.113564 0.194449 0.299776 -0.102947 -0.056820 
3.433795 0.103828 0.917631 -0.740122 1.682969 0.579650 0.922855 0.835049 0.335242 0.483121 -0.149357 -0.066403 
3.510152 0.118755 1.406165 -0.326301 1.705527 1.860586 0.913125 0.955850 0.327055 0.064149 0.186401 0.020907 
3.422185 0.006375 0.493155 -0.601022 1.181372 1.009107 0.374364 0.690826 0.738358 0.142028 0.104206 0.000879 
-1.#IND00 -1.#IND00 -1.#IND00 -1.#IND00 -1.#IND00 -1.#IND00 -1.#IND00 -1.#IND00 -1.#IND00 -1.#IND00 -1.#IND00 -1.#IND00 
-1.#IND00 -1.#IND00 -1.#IND00 -1.#IND00 -1.#IND00 -1.#IND00 -1.#IND00 -1.#IND00 -1.#IND00 -1.#IND00 -1.#IND00 -1.#IND00 
