3.287605 0.521131 1.048878 -0.435193 0.620096 0.905080 1.582748 0.724340 0.371750 0.053501 0.343048 0.074406 
3.161240 0.459721 0.797043 0.246610 1.710597 0.442696 0.471239 1.094817 0.458818 0.311416 0.038519 -0.001607 
3.315947 0.507601 0.969021 -0.766613 1.417460 1.176750 0.859922 0.319736 0.170890 0.436674 0.026980 -0.016359 
3.251129 -0.129447 0.831629 -0.681425 1.878470 0.591695 1.229065 1.057046 0.088189 0.192254 0.115592 -0.000147 
3.732036 0.466186 1.286241 -0.816827 0.574868 1.350156 1.067249 0.751709 0.243900 0.226209 0.194225 0.004003 
3.159930 0.337458 0.545480 -0.567452 1.458562 1.305739 0.739878 1.205804 -0.004805 0.460074 0.043941 -0.072803 
3.394796 0.355949 1.321193 -0.606521 1.077949 1.158775 0.635371 1.101408 0.255562 0.162493 0.167678 -0.012367 
3.148308 0.337391 0.941915 -0.508022 1.399909 1.101511 1.029445 0.520622 -0.467493 -0.063981 0.179904 0.027030 
3.497341 0.632958 0.975988 -0.621236 0.538887 1.992812 1.233505 0.382558 0.179534 0.287431 0.205576 0.031924 
3.421858 0.477897 1.143875 0.032497 0.908147 1.013457 0.915212 0.809734 0.419527 0.106035 0.050286 0.019537 
3.189423 0.379791 1.320814 -0.222487 1.535155 1.041300 0.446888 0.448809 0.248691 0.100304 -0.080021 0.030122 
3.338587 0.360516 1.276159 -0.246251 1.474956 1.227043 1.812264 1.236973 0.880143 0.228782 -0.137486 -0.021256 
3.037707 0.236716 1.771114 -0.051024 1.238617 1.756620 1.350188 0.966980 0.468291 0.096791 0.110258 -0.003409 
2.267520 -1.238252 3.756060 0.372726 0.180034 0.193889 1.818583 0.982404 0.630972 0.051078 -0.141611 0.078471 
-0.554660 -1.449321 2.344206 0.646737 -1.404433 1.558968 2.613145 -1.218885 -0.089434 1.166278 0.389101 0.003275 
-0.651066 -0.798215 5.616025 -0.183197 -0.743872 0.750266 1.094249 -0.696407 1.165025 0.511714 -0.168157 0.152116 
-0.965541 -1.590096 3.364178 0.094632 0.786368 -0.353833 1.036523 0.596491 0.730361 0.045537 -0.045139 0.231384 
-0.641896 -1.373309 3.104060 -0.258598 -0.096074 -0.135217 1.638092 0.122357 0.451244 0.098966 0.178779 0.086049 
-0.528077 -0.834586 2.784030 -1.839475 -0.552293 0.229229 0.818979 -0.439730 -0.147405 -0.373629 -0.072146 0.157724 
-1.045521 -0.929924 3.380652 -0.699494 0.525440 0.124657 0.813526 -0.775895 0.391061 -0.751639 0.057231 0.066458 
-0.443724 -1.113249 3.635024 0.284579 1.505807 -0.428860 -0.114495 -0.085524 0.669350 0.204560 0.006806 0.215340 
1.395041 0.824304 2.179087 1.540860 0.031462 1.009471 -0.328889 -0.605267 0.428542 -0.045212 0.151704 -0.152276 
1.412887 0.901873 1.716780 0.979093 0.623731 1.123631 0.262125 0.243753 -0.183586 -0.400177 0.020431 -0.054953 
0.942807 1.517846 1.304939 1.839937 1.768357 0.586819 0.079538 -0.522037 -0.447198 -0.366385 -0.282235 -0.006274 
0.991532 1.680185 0.645217 0.957804 0.456472 0.252344 0.214105 -0.441583 -0.034820 -0.321848 -0.352748 -0.039811 
1.293285 1.351715 1.077599 0.469669 0.610941 -0.161805 -0.387977 0.568950 0.108544 -0.112011 -0.426974 -0.039593 
1.249238 1.723441 0.831559 0.660393 0.724797 0.881105 -0.097255 0.381661 0.473217 0.031694 0.055473 -0.060312 
1.719664 0.772068 1.890104 1.184629 0.503708 1.122725 0.244646 0.073255 0.000077 0.772727 0.145198 -0.056647 
1.402679 1.350613 1.514077 0.766423 0.645488 1.343810 0.648139 0.252437 0.585846 0.352699 0.217620 -0.018757 
1.580293 1.272979 1.228043 0.134121 1.451475 1.363122 0.355777 0.500604 0.933369 0.401216 0.033436 0.001597 
1.270230 1.493606 1.376357 0.977981 0.572764 0.678764 1.228267 -0.122656 0.641851 -0.117717 0.221814 -0.073345 
1.428193 1.714608 1.814977 0.548393 1.005274 -0.221813 -0.008226 0.842579 0.564675 -0.107619 -0.028470 -0.025571 
0.891997 0.970343 1.478489 1.329399 1.349450 0.936391 1.603389 -0.170120 0.868357 0.322232 0.080663 -0.034973 
1.602902 0.606787 1.031575 1.185975 1.370438 1.433435 1.092157 0.551954 0.616551 0.168969 0.149623 0.001131 
1.074978 1.163406 1.381282 0.815287 0.756859 1.085091 0.857246 1.392525 0.840426 0.134517 0.135154 -0.033037 
2.343630 -0.002451 1.338328 0.795886 1.627983 1.309252 1.148530 0.937522 0.705148 0.416751 0.246989 -0.051083 
4.136378 0.977342 -0.166255 0.831944 1.018557 0.556124 0.682909 1.003823 0.738899 0.215967 0.112426 -0.002207 
3.376746 2.329744 1.171069 0.618486 0.797391 1.185963 1.122125 0.763893 0.394619 0.140375 0.049333 -0.010810 
8.759288 -1.334828 -0.202165 2.088295 0.496813 -0.188155 1.249399 0.959167 0.019396 -0.057917 0.233993 0.173778 
5.874393 4.007703 3.483946 2.456507 1.100261 0.003164 0.068275 0.458298 0.106231 0.041068 0.087406 0.037406 
5.531980 4.049386 4.230658 3.080142 2.113215 2.079649 1.139913 0.009962 -0.282319 -0.097775 -0.008113 -0.013302 
4.777307 3.409643 2.985149 2.091583 0.996386 1.268170 1.981562 1.281016 0.996289 0.574501 0.024138 -0.016258 
3.340855 2.570400 2.450454 1.994758 1.806195 1.422465 1.671118 1.152828 0.412627 0.278065 0.179451 0.046554 
3.142363 1.785465 1.559761 1.327731 1.939358 1.699697 1.095751 0.869657 0.505029 0.510322 0.117454 0.012830 
3.717191 1.371786 1.540259 -0.185801 1.265310 1.234565 1.122156 0.921703 0.443775 0.552458 0.251683 0.020979 
3.430437 0.670659 1.710121 -0.094938 1.536326 1.090338 0.933407 1.560440 0.527869 0.318124 -0.028532 -0.046650 
3.551610 0.747151 1.407157 -0.193069 1.378428 0.683194 0.600778 0.990632 0.469029 0.342248 0.098819 -0.031909 
3.666540 0.190712 1.324551 -0.970371 1.734680 0.679030 1.370959 0.989847 0.217988 0.133924 0.163227 0.035062 
-1.#IND00 -1.#IND00 -1.#IND00 -1.#IND00 -1.#IND00 -1.#IND00 -1.#IND00 -1.#IND00 -1.#IND00 -1.#IND00 -1.#IND00 -1.#IND00 
-1.#IND00 -1.#IND00 -1.#IND00 -1.#IND00 -1.#IND00 -1.#IND00 -1.#IND00 -1.#IND00 -1.#IND00 -1.#IND00 -1.#IND00 -1.#IND00 
