3.353937 0.216690 0.400535 -0.715139 1.476213 0.805779 0.730562 1.156279 0.464336 -0.151635 -0.018821 -0.025500 
3.239832 -0.049503 0.441887 -0.863694 1.160421 0.961327 0.038173 -0.398840 0.571179 0.132856 0.096496 0.081528 
3.444947 0.358989 0.604361 -0.987013 1.165072 0.998777 0.819701 1.339466 -0.158053 0.400530 0.228845 -0.035682 
3.407164 0.221940 0.121109 -1.126861 1.234383 0.370460 0.610698 1.108306 0.418222 -0.008468 -0.008836 -0.046775 
3.569561 0.733636 0.860313 -0.617382 1.530901 0.625317 1.006820 0.699254 -0.119774 0.092595 -0.054402 0.003368 
3.552059 0.719949 0.909883 -0.390565 0.902173 1.018320 0.725144 1.183298 0.722151 0.365306 0.006063 -0.069854 
3.511600 0.974623 0.736688 -0.424002 1.936117 1.152963 1.201414 1.130964 0.361590 0.428735 0.165698 -0.029305 
3.668910 0.475486 1.069004 0.142640 1.722048 1.034512 1.644353 0.783920 1.154850 0.277467 0.122032 0.015782 
3.583672 0.420484 1.297154 -0.718633 1.381240 1.737155 1.473532 1.096895 0.893767 0.299870 0.144926 -0.018669 
3.257693 0.775844 1.240481 -0.428961 0.663498 0.936114 1.123691 1.502770 0.595891 0.061642 0.100184 -0.066739 
3.520725 0.590425 1.001345 0.000323 1.819363 0.855618 1.502130 0.934182 0.770788 0.367253 0.224066 -0.012430 
3.605864 0.629884 1.370555 -0.833682 0.847399 1.083726 1.138613 1.336021 -0.050683 0.158322 0.316656 -0.001215 
3.054746 0.577004 0.847562 -0.934024 2.115676 0.778072 1.042296 0.929575 0.767069 0.451417 0.016250 -0.042302 
3.218222 0.573039 1.639507 -0.536511 1.102636 1.873792 0.941432 0.826227 0.702372 0.154202 -0.086513 0.002086 
-0.204009 -0.417526 3.592297 0.456831 -0.143009 -0.148701 0.711922 -0.347208 0.594519 0.538995 -0.132744 0.134459 
-1.041588 -1.195204 5.340083 0.187674 -0.218372 1.421100 0.892805 -0.303756 1.082525 0.293139 0.156336 0.103093 
-1.283706 -0.801914 4.342286 -0.216166 0.049339 -0.226098 0.609740 -0.122892 1.069210 0.600723 0.064230 0.205070 
-0.914621 -1.195124 4.093556 -0.726850 0.299059 0.469226 1.387455 -0.093779 0.302258 0.509012 0.169999 0.002219 
-0.830339 -1.138331 3.653457 -0.324854 0.272491 0.449205 0.782012 -0.372321 0.777724 0.301579 0.091908 0.161378 
-0.628697 -1.066572 3.986504 -0.886852 -0.125154 0.051792 0.590337 0.212202 0.646044 0.146833 0.017076 0.101453 
-0.615341 -0.630462 3.773952 0.056287 0.991642 0.197391 0.511222 0.680431 0.232149 -0.293526 -0.002465 0.136953 
1.393656 1.079794 0.329039 2.581006 0.173968 0.825948 1.144051 0.749585 0.296896 0.373506 -0.023276 -0.058514 
1.498853 1.208354 1.196534 2.030154 0.522090 0.003333 0.942373 -0.099265 0.019698 0.227647 -0.246173 -0.062314 
1.017628 1.662759 0.624812 0.992798 1.230518 0.387090 -0.233354 -0.334898 -0.206326 -0.289369 -0.261662 -0.140146 
1.471163 0.637859 1.086113 0.727408 0.303469 -0.612819 -0.242924 -0.185012 -0.423683 -0.100586 -0.082843 -0.200108 
0.983717 1.329434 0.773930 0.578368 -0.226675 0.083965 -0.834402 0.104434 -0.181921 -0.190663 -0.538003 -0.091085 
1.809150 1.345788 0.740863 0.062820 -0.542412 0.194959 0.177111 0.084383 0.654074 -0.559392 0.155211 -0.059123 
1.492326 1.853306 1.319897 0.498029 1.410395 0.782382 -0.235363 0.826027 0.490271 0.308831 -0.070998 -0.038516 
1.460239 1.191415 0.939340 1.446973 1.371625 0.784842 -0.208668 0.065661 0.018197 0.284746 -0.108330 -0.043107 
1.146322 1.984538 1.470451 0.196168 0.407888 1.046241 0.137857 0.540485 0.420008 0.672815 0.025966 0.012824 
1.358026 1.551483 1.222031 0.968234 -0.072225 -0.274716 -0.001350 0.671982 0.652358 0.089473 -0.055163 0.010453 
1.502486 1.534868 0.397876 0.663438 0.590352 0.695906 0.677898 0.235267 0.238671 -0.126008 -0.070589 -0.059750 
1.732556 0.537004 0.741205 1.221847 0.823465 0.600652 0.721926 0.730090 0.861428 0.277291 -0.007276 -0.080667 
1.602542 0.681274 1.198862 1.567308 1.314339 1.392498 0.725434 0.910668 -0.044648 0.264852 0.121535 0.014081 
1.418167 0.439850 1.873815 0.903964 1.163893 1.086773 0.745829 0.571421 0.627962 0.422513 0.166766 -0.021378 
2.674344 0.046247 1.159956 1.275397 2.219325 0.688146 1.343366 1.018976 0.394456 0.226248 0.336012 0.022972 
4.042965 -0.104258 2.094703 0.804120 0.893961 0.947186 0.525051 0.877704 0.208787 0.070671 0.282999 0.041563 
4.734957 1.938241 0.508071 0.748611 1.043288 1.486499 1.421913 0.535462 -0.031145 -0.140928 0.154084 0.070369 
8.668652 -0.395053 -0.647367 0.987425 1.730359 0.946355 0.575675 0.461491 0.393507 0.018871 -0.181380 -0.038259 
4.406177 3.637367 2.379657 0.975640 0.287417 0.384781 0.650738 0.734209 0.446868 0.199617 0.206195 0.036920 
3.589688 3.035626 2.377303 1.604356 0.967913 0.610648 0.581464 0.647212 0.522230 0.326744 0.184849 0.037805 
5.342480 2.885068 1.149940 0.591066 -0.146874 0.522157 0.887204 0.718094 0.463861 0.342810 0.198581 0.051799 
3.873281 3.125974 2.548870 2.225819 3.004545 2.395310 1.607612 0.658872 0.061800 0.110141 0.224097 0.059414 
3.324871 2.944399 2.632916 2.314595 2.293192 2.075508 1.577617 1.483810 0.397732 0.195543 0.032743 0.038067 
3.960754 2.908348 2.801931 2.764268 2.477230 1.842690 1.779058 1.414396 0.144243 -0.087152 0.120427 0.033515 
3.270050 1.071235 1.168127 -0.320750 1.565589 1.828120 1.658028 1.305596 0.632890 0.449750 0.441252 0.000209 
3.271527 1.223802 1.054769 0.151430 1.843102 0.818254 0.569838 1.942896 0.771371 0.700782 0.180325 -0.058766 
3.216216 0.504695 1.142143 -1.087981 0.881490 1.960422 0.861189 0.996114 0.155362 0.296905 0.125718 -0.028076 
-1.#IND00 -1.#IND00 -1.#IND00 -1.#IND00 -1.#IND00 -1.#IND00 -1.#IND00 -1.#IND00 -1.#IND00 -1.#IND00 -1.#IND00 -1.#IND00 
-1.#IND00 -1.#IND00 -1.#IND00 -1.#IND00 -1.#IND00 -1.#IND00 -1.#IND00 -1.#IND00 -1.#IND00 -1.#IND00 -1.#IND00 -1.#IND00 
