3.608827 0.536215 0.844740 -0.638312 1.331472 0.130901 0.895464 1.416850 0.361417 -0.222571 -0.016560 -0.019311 
3.308411 0.557431 1.007924 -0.819816 0.118487 1.084701 0.524162 0.189274 0.263213 0.433040 0.159640 0.004323 
3.583920 0.634193 0.308018 -1.032273 1.126408 0.734119 0.414679 0.982547 0.222549 0.449896 0.359834 -0.000862 
3.331339 0.833063 0.598035 0.187611 0.612183 0.182702 0.604122 0.886623 0.457585 0.532210 0.105224 -0.005001 
3.268646 0.475753 0.918801 -1.075075 1.259694 1.037755 1.336160 1.228456 0.143898 0.082816 0.026853 0.000166 
3.234380 0.353770 0.487781 -0.484137 0.990135 1.457995 0.486368 0.775802 0.059721 0.504587 0.201633 -0.017205 
3.220026 0.481663 0.526440 -1.107202 1.209075 0.462417 1.071584 1.213305 0.169745 0.218551 0.259725 0.004149 
3.630286 0.561166 0.883889 -1.016419 0.807833 0.664841 0.612835 0.323307 0.368784 0.693272 0.220429 0.029476 
3.421054 0.442171 1.396508 -0.888810 1.136563 1.603093 0.724475 0.591233 0.212677 0.535216 0.132405 -0.013662 
3.509876 0.148695 0.641255 -0.401508 1.353530 0.118152 0.536878 0.496595 0.885398 0.398127 0.090094 0.016549 
3.307771 0.132943 0.511076 -0.885687 0.743690 0.768003 0.783154 0.607390 0.481669 -0.120378 0.164625 0.072220 
3.476434 0.818798 1.142594 -1.168225 1.047866 0.720330 0.062378 0.708361 0.469054 0.154125 -0.057999 -0.028038 
3.497538 0.355088 0.379505 -0.274409 1.770833 0.945666 0.620938 1.016240 0.322009 0.518309 0.136147 -0.034916 
3.395883 0.461822 0.465238 -0.721364 0.808196 0.453418 0.591754 0.470216 0.244016 0.369826 0.000231 0.006829 
3.407918 0.308898 0.799647 -0.705016 0.834775 0.846268 1.033977 0.844778 0.952697 -0.197655 0.209766 0.043184 
3.246266 0.432616 0.612378 -0.818465 1.544645 1.284480 0.015413 1.160174 0.324124 0.357118 0.252607 -0.025926 
1.952614 -0.808442 2.808737 0.195483 -1.027347 0.495886 2.203714 0.106551 -0.329541 0.248452 0.335530 -0.087048 
-0.088169 -1.102577 4.067542 -0.421881 -0.566361 0.078508 1.081232 0.429032 -0.295036 1.313979 -0.065149 -0.041736 
-0.554332 -0.813456 5.305567 0.089993 -0.001015 -0.327857 1.264879 -0.671971 1.004555 0.260465 0.344493 0.081522 
-0.669602 -0.345648 3.597524 -0.825638 1.359534 0.482095 -0.664627 0.876636 0.473665 -0.213296 0.178982 0.008740 
-0.789564 -0.558712 3.761406 -0.786304 -0.560069 0.331342 -0.079997 -0.563295 0.825560 0.004269 0.162041 -0.007460 
-0.736569 -1.034931 3.393460 -0.112692 0.157445 0.246973 0.442158 0.510148 -0.271028 0.401767 0.463067 0.015606 
1.927212 0.950844 0.518780 -0.257880 2.179598 1.125217 1.154974 -0.613124 0.175637 -0.262572 0.091010 -0.075212 
0.881725 1.514635 0.774003 1.134047 0.869755 0.836295 0.569409 0.367382 0.092378 0.030965 -0.065666 -0.109970 
1.305429 1.268534 0.896460 1.340873 0.699753 0.278500 -0.170385 -0.154582 0.022088 0.005705 -0.286002 -0.097330 
1.462051 1.371795 0.650928 -0.162726 0.576534 -0.026356 0.133972 -0.140734 -0.124167 -0.098944 -0.180236 -0.123647 
1.484285 1.115269 0.858122 0.107905 0.130877 -0.058789 0.515736 0.169833 0.722466 -0.201585 -0.434280 -0.004103 
1.678219 1.090606 0.588899 0.824012 0.186867 -0.344782 1.145719 0.028579 0.304368 -0.255784 0.017323 -0.114801 
1.176431 1.616276 1.063281 1.300361 -0.181694 0.662822 0.245748 -0.183630 0.124217 0.405892 0.341604 -0.069568 
1.398715 0.508618 2.329706 0.859997 0.295156 1.313654 0.888337 1.021943 0.156591 0.242073 -0.003488 0.006858 
1.528206 1.048567 0.941929 1.233116 1.162838 1.052734 1.119463 0.836884 0.406318 0.028949 0.156986 -0.017451 
0.984935 1.957361 0.889373 1.217088 1.517121 0.917705 0.586630 0.717964 -0.549712 0.324393 0.253974 -0.049732 
1.670627 0.904793 1.269112 0.397407 0.721772 0.294580 1.014002 0.788240 0.679463 -0.010954 0.264697 -0.047406 
1.287379 1.094035 1.467187 1.058716 0.953103 0.689649 0.618515 0.363235 0.439425 0.335089 0.011686 -0.018269 
1.324227 0.713688 1.376822 1.534472 0.190564 0.546015 0.973842 1.209676 0.518992 -0.098815 0.025401 0.026684 
1.998831 0.684126 1.073736 0.383690 0.974269 1.641798 0.259473 0.906267 0.555263 0.298870 0.203527 -0.028084 
3.606218 0.596245 1.759709 0.392498 1.389636 0.785584 1.295380 0.891754 0.342983 0.177238 0.254118 0.027110 
5.183050 0.774905 0.690169 1.351660 0.790859 0.857808 0.833280 0.980350 0.708884 0.361911 0.033086 -0.034727 
4.477478 1.989257 0.710272 1.311340 1.179323 0.298791 0.292898 0.753524 0.681566 0.266770 -0.058260 -0.034467 
4.314914 2.265954 0.755940 0.819551 1.097947 0.819519 0.507256 0.368977 0.308228 0.253909 0.259335 0.043391 
4.766835 3.345381 1.176508 0.072822 0.355400 0.996795 1.051121 0.706690 0.404557 0.228865 0.121424 0.017843 
3.638555 2.993861 2.227667 1.482895 0.914955 0.565948 0.414643 0.359920 0.353275 0.281526 0.129601 0.041066 
2.849471 2.086367 1.503895 1.200115 0.950332 0.818800 0.567181 0.344527 0.333875 0.371775 0.306867 0.026061 
4.212249 3.545815 2.864660 2.267475 1.924631 1.335237 0.956446 0.505850 0.045413 0.028723 0.199636 0.038662 
2.990238 2.649057 2.693522 2.018072 2.153274 1.277623 0.161068 0.085294 0.268765 0.494291 0.078756 0.011164 
3.152693 1.984079 1.783361 1.123419 1.564728 1.855235 1.422852 0.930675 0.299521 0.436844 0.346543 0.064668 
2.824489 1.494472 1.427503 0.514079 1.196153 1.836354 1.118602 0.877682 0.534582 0.173649 0.070204 0.004453 
3.452936 0.715580 0.427564 -0.923662 1.591704 1.508710 1.032761 0.712895 0.365035 0.696326 0.183673 -0.012404 
-1.#IND00 -1.#IND00 -1.#IND00 -1.#IND00 -1.#IND00 -1.#IND00 -1.#IND00 -1.#IND00 -1.#IND00 -1.#IND00 -1.#IND00 -1.#IND00 
-1.#IND00 -1.#IND00 -1.#IND00 -1.#IND00 -1.#IND00 -1.#IND00 -1.#IND00 -1.#IND00 -1.#IND00 -1.#IND00 -1.#IND00 -1.#IND00 
