0.024367 0.109006 -0.566092 -0.108180 -0.176814 -0.287009 -0.010513 0.096412 -0.293177 0.117157 -0.039745 0.025022 
-0.045854 0.458468 0.090216 0.134923 -0.234101 0.802186 -0.151385 0.078928 0.295485 0.153460 0.075579 0.017411 
-0.092938 0.285082 0.040798 0.202806 -0.687612 -0.383628 -0.395706 -0.261695 0.595919 0.191539 -0.009246 -0.094580 
0.283792 0.029171 0.215395 0.486417 0.196097 0.049036 0.647316 -0.603389 0.478650 0.397583 0.120865 0.093969 
0.192822 -0.192339 0.246971 -0.373072 0.181682 0.038586 0.205664 -0.365019 0.386230 0.085379 0.261126 0.023245 
-0.165961 0.252556 0.225559 0.102067 0.212885 0.322536 0.255609 0.251155 -0.237331 0.063492 -0.089084 0.107574 
0.014196 0.091725 -0.013670 -0.463925 0.146933 -0.036294 -0.299933 0.043276 -0.048238 0.274087 -0.164961 0.009931 
0.085329 -0.155189 -0.170499 0.436424 0.267703 0.172959 0.364790 0.160984 0.233087 -0.210321 0.329871 -0.037416 
3.245077 0.252841 1.102098 -0.443966 1.092401 0.861998 0.974213 0.341081 -0.331151 0.449270 0.233083 0.016195 
3.284944 0.003111 0.883848 -0.629488 1.440740 0.973796 -0.340765 0.669817 -0.248752 0.458977 0.242647 -0.026454 
3.431787 0.400136 0.584707 -1.145658 0.777574 1.015736 0.851877 0.948824 0.376836 0.093335 0.235371 0.040753 
3.228758 0.266952 0.632967 -0.346988 1.237765 0.753554 1.284239 1.355102 0.200119 0.022152 -0.063810 -0.051014 
3.581901 0.041402 0.893464 -1.419515 1.109504 0.678888 0.123845 0.721053 -0.011149 0.126147 0.062422 -0.063447 
3.297076 0.508639 1.139034 -0.251591 0.615107 1.389520 0.932137 0.652539 1.200590 0.124702 0.088583 0.019256 
3.464885 0.559958 1.630626 -1.054738 1.670195 1.281553 1.348179 1.387806 0.892631 -0.007432 0.120192 0.022132 
3.421656 -0.157572 1.574991 -0.501842 0.449331 0.579208 1.205271 1.185417 0.359364 0.155170 0.073558 -0.009693 
0.510107 -1.886764 1.489146 0.248079 0.926802 -0.004777 1.363845 -0.393514 0.581082 0.363737 -0.023479 0.148706 
-0.637279 -1.252783 1.762797 0.455607 1.077459 -0.486734 0.394721 0.149902 1.326868 0.943721 0.149338 0.039161 
-0.791448 -2.025620 1.916983 0.536886 2.271952 0.403134 1.236831 0.221862 0.269783 0.486087 0.003795 0.216337 
-0.821481 -1.424732 2.402072 0.359559 -0.014620 -0.672364 0.296563 -0.515214 -0.257782 -0.155297 0.236772 0.270497 
-0.786049 -1.570106 2.234820 -0.503763 0.710831 -0.168695 0.749042 0.078508 0.108818 0.318334 0.293110 0.103213 
-0.505500 -1.860603 2.821015 0.062987 0.569688 -0.525883 0.888510 0.489453 0.508526 0.197263 0.059936 0.173410 
1.887489 0.605750 1.052251 1.969833 1.166325 0.828372 -0.362614 1.375714 0.100477 0.359497 -0.078853 -0.042086 
1.038923 1.752715 1.566908 0.373018 0.459267 0.801989 0.547680 0.139353 -0.013220 -0.241181 -0.098343 -0.122371 
1.907166 0.622523 1.227431 0.056202 0.609874 0.332778 0.064470 -0.099135 -0.064899 -0.221055 -0.323054 -0.112582 
1.041654 1.197373 0.849122 0.287588 0.140286 0.069942 0.101896 -0.142403 0.216582 -0.348626 -0.524379 -0.122903 
1.090222 1.288104 0.703853 1.073026 0.500361 0.331134 1.062858 0.329552 -0.418778 -0.360270 -0.419529 -0.002025 
1.534593 1.195366 1.500204 1.586039 0.067022 0.274964 0.513991 -0.180385 0.181230 0.274158 -0.031698 -0.068264 
1.252826 1.630490 1.850395 0.434566 1.310799 0.679315 0.137326 -0.145042 0.227219 0.268039 0.014164 -0.025088 
2.061689 0.884995 1.365695 0.361050 1.727911 0.601244 0.878466 0.062721 0.779723 0.329548 0.146352 0.015142 
1.763480 0.979993 1.095831 0.426343 0.933891 1.441747 0.214371 0.941279 0.746683 0.353687 0.284072 -0.026311 
1.069854 2.053261 0.289072 2.016735 1.041938 0.744097 -0.097925 0.544990 0.794650 0.071451 0.146211 -0.038406 
1.571529 0.841674 1.018214 1.409366 1.075872 0.773518 0.773436 0.402177 0.484957 0.279235 -0.142055 -0.011903 
1.311831 1.466202 0.442145 1.013482 1.126033 1.361471 0.932544 0.144157 0.228709 0.426536 0.114634 -0.026330 
1.342796 0.798969 1.556589 1.079883 0.325281 0.705993 1.245452 1.145273 1.226580 0.421740 0.024631 -0.079621 
2.353080 -0.051693 1.371314 1.458980 1.364724 0.083164 0.831607 1.378809 -0.104968 0.194313 0.172157 -0.010959 
3.783737 -0.375290 1.167677 0.478228 1.226452 1.546293 0.852856 1.198147 0.885586 0.165076 -0.097580 -0.051659 
6.239049 -0.527314 1.062496 0.820558 1.015917 0.540404 -0.064092 0.376308 0.460733 0.419714 0.214315 -0.016453 
4.260429 2.922672 1.052403 -0.084432 -0.032362 0.580018 0.829326 0.602130 0.262718 -0.017182 -0.114364 -0.029204 
5.057045 1.814179 -0.362433 0.490711 1.257268 0.552244 0.176812 0.580728 0.536948 -0.099417 -0.050806 0.019112 
6.324349 3.021251 1.218183 1.570367 0.833333 -0.043312 0.581771 1.063022 0.826989 0.293737 0.145597 0.051855 
5.217709 3.981551 4.343967 2.654721 2.390793 1.826455 0.975809 1.028369 0.768505 -0.084011 0.098675 0.025119 
4.296422 3.076496 3.004513 2.104136 2.738261 2.179364 1.743164 1.321660 0.371081 0.128742 0.026032 0.011584 
2.814440 1.983740 1.519613 1.145718 1.304993 1.348007 0.982583 0.350566 0.377149 0.183182 0.044838 -0.016448 
2.733931 1.871882 1.556901 1.218294 1.416999 1.088856 0.947014 0.878388 0.269633 0.021492 0.057904 0.002809 
3.625878 1.071041 1.488939 0.515548 2.127948 1.688133 1.422123 1.952147 0.794299 0.177134 0.031117 -0.027879 
3.606361 0.946616 2.048450 -0.151162 1.680496 0.988857 1.609201 1.242271 0.835327 0.510061 0.272451 0.046300 
3.685044 0.218358 1.205536 0.125190 1.680220 1.423028 1.221995 1.185382 0.479320 0.658208 0.286107 -0.038151 
-1.#IND00 -1.#IND00 -1.#IND00 -1.#IND00 -1.#IND00 -1.#IND00 -1.#IND00 -1.#IND00 -1.#IND00 -1.#IND00 -1.#IND00 -1.#IND00 
-1.#IND00 -1.#IND00 -1.#IND00 -1.#IND00 -1.#IND00 -1.#IND00 -1.#IND00 -1.#IND00 -1.#IND00 -1.#IND00 -1.#IND00 -1.#IND00 
