3.353267 0.289271 0.975100 -0.640129 1.618717 0.827508 0.737428 1.287738 0.104057 0.314022 0.176410 -0.095120 
3.494236 0.260770 0.732947 -0.825678 1.709511 0.388373 0.042885 0.461235 -0.063259 0.226815 0.008141 -0.078495 
3.950371 0.573244 0.707446 -0.793585 0.667093 0.744346 0.464286 0.450512 0.060164 -0.029276 -0.032847 -0.034439 
3.421287 0.602616 0.994631 -0.607650 1.524484 0.907669 0.464923 0.517436 0.208718 0.163060 0.134066 -0.011749 
3.428826 0.657903 0.758021 -0.692900 0.606155 0.630711 0.337109 0.711607 0.132155 0.436285 -0.048593 -0.073132 
3.438453 0.641224 0.720616 -0.176816 0.573234 0.389765 0.891309 0.325254 0.014047 -0.024106 0.024068 -0.028220 
3.621849 0.725276 1.073557 -0.841740 1.163503 0.569351 0.436376 0.193100 -0.097855 -0.202538 -0.007248 -0.021564 
3.311676 0.361038 0.934963 -0.937017 0.898011 0.115020 -0.082363 0.321850 0.356456 -0.033632 0.056785 0.020211 
3.337781 0.545106 1.721945 -0.622031 0.945217 1.039892 0.278397 0.147588 0.028751 0.682779 0.125385 -0.013680 
3.220188 0.694293 0.807722 -0.405283 1.348792 0.664761 0.644127 1.293994 0.863107 0.178022 0.099561 -0.039225 
3.536709 0.326292 1.308236 -0.516681 0.780307 0.909106 0.894767 1.186699 -0.197046 0.002829 0.295599 -0.025620 
3.513656 0.490631 1.169079 -0.582874 0.500693 0.157105 0.102856 0.641882 0.030730 0.110344 0.046053 -0.079475 
3.426350 0.799975 0.880931 -0.529414 1.168935 0.775605 0.448351 0.937850 0.555059 0.287774 0.161321 -0.031274 
-0.452907 -0.931937 4.698440 2.002788 -0.448019 -1.651990 3.328436 -0.096298 0.312242 0.269341 0.180403 0.019440 
-0.441242 -0.984793 4.380889 1.009715 -0.784226 -0.527216 3.994517 -0.269320 0.341378 0.932234 0.001756 0.064708 
-0.409230 -0.738967 2.891285 0.474745 -0.255389 0.667409 3.858144 -0.346440 -0.372881 0.664590 0.200138 -0.030499 
-0.770145 -1.306996 4.545081 0.995770 -0.518018 0.488099 1.350674 0.057223 0.602611 0.486489 -0.088614 0.176228 
-0.957178 -1.673426 3.960926 -0.393477 0.114204 0.101078 1.572913 0.397015 0.340601 0.628793 0.200225 0.105121 
-0.812950 -0.952939 2.845453 -0.321823 -0.391415 0.824349 0.682518 0.057640 0.317556 -0.329578 0.205291 0.121972 
-0.622618 -0.946539 1.983116 -0.583452 0.480367 0.048687 0.728080 -0.751556 0.038918 -0.200951 -0.118163 0.286361 
1.523329 0.898070 3.473885 0.506658 1.703652 0.926358 0.789399 0.069577 -0.208737 -0.247998 -0.286539 0.112490 
1.331666 1.388286 1.004688 0.882518 0.829050 0.520686 0.577648 0.055765 -0.037456 0.217025 -0.024605 -0.094982 
1.373448 1.322669 0.895025 0.920334 -0.431199 -0.037291 -0.656464 -0.057172 -0.373611 -0.183784 -0.374978 -0.070989 
1.481136 0.925513 0.868650 0.260669 0.585673 -0.454979 -0.507599 -1.006703 -0.545626 -0.147126 -0.263948 -0.122753 
1.248205 1.611909 1.019206 0.297756 -0.725071 -0.294313 -0.179066 -0.296108 -0.447091 -0.232342 -0.335936 -0.046019 
1.280586 1.548295 0.818413 0.623006 -0.061693 -1.002866 0.300162 -0.325218 -0.024791 -0.836733 -0.227318 -0.065390 
1.608574 0.980432 1.516384 1.008782 -0.121679 -0.951880 -0.404294 -0.084147 0.113408 -0.223297 -0.090593 -0.066065 
1.139743 1.698417 1.199898 1.186597 0.294927 0.658530 0.752052 -0.080070 0.323051 0.252150 0.131253 -0.029530 
1.507078 1.057756 1.354330 1.091525 0.876545 0.428195 0.158605 0.728191 -0.198720 0.484312 -0.028659 0.059285 
1.666531 0.514079 1.499319 0.716364 1.539861 0.415587 0.964608 1.028025 0.637356 0.286122 0.172741 -0.017487 
1.009665 1.133458 1.244278 1.457341 1.020217 0.632903 0.468612 0.704678 0.015890 0.293068 0.168464 -0.029762 
0.929012 1.713631 2.151453 0.355523 0.701931 0.662417 0.713411 0.484697 0.528860 0.184527 0.163208 -0.075396 
1.129273 1.381083 1.374221 1.192961 1.212034 0.108642 1.588569 1.103870 0.235383 0.239352 0.131687 -0.029724 
1.849650 -0.179582 1.699432 1.322878 1.520952 0.684927 1.871892 0.575579 0.646993 0.060682 0.251531 -0.029518 
2.473561 -0.114720 1.953597 0.860195 0.957981 0.780457 1.441798 0.295462 1.366534 0.293360 0.140608 -0.009222 
5.578304 -0.969564 1.604424 0.946157 1.364250 0.796441 0.344566 1.246755 0.391121 0.190033 0.263817 -0.008100 
5.109491 2.485231 0.367529 0.784884 1.513248 1.249023 0.550488 0.358648 0.141341 -0.174869 -0.060117 -0.013287 
4.187773 2.938286 1.411527 0.529023 0.542612 0.860085 1.048477 0.891059 0.490366 0.130340 -0.028088 -0.018386 
3.487253 3.061658 2.580251 1.977255 1.462870 1.065335 0.783941 0.605556 0.442812 0.267268 0.104065 0.033468 
3.340554 2.960999 2.588421 1.966443 1.437231 0.865933 0.366126 0.059533 0.017556 0.137529 0.257666 0.031274 
2.656585 1.984483 1.576296 1.258059 0.787730 0.590672 0.418039 0.344688 0.211947 0.169724 0.098732 0.021467 
4.892278 3.732553 3.020228 0.661217 1.112834 1.450555 0.398178 0.035184 0.631184 0.258888 0.345105 0.139403 
4.213932 1.866954 1.585139 0.180904 1.327371 1.100453 0.607298 0.606418 0.041947 0.193489 0.205699 0.039640 
3.860270 0.841294 1.267014 0.349905 0.810370 0.799622 0.068865 0.838362 0.165068 -0.003064 -0.014016 0.005509 
4.197405 1.121323 1.432953 0.041549 0.967351 0.779716 -0.944373 0.001338 -0.087821 0.012738 0.082169 0.005796 
4.764871 1.837754 1.947220 -0.017962 1.574214 0.520167 -0.910593 -0.305897 -0.300461 0.238920 0.312216 0.052080 
4.000426 1.214117 1.180723 -0.553239 0.927080 0.984991 0.532308 -0.041160 0.121008 0.155850 0.176058 0.064025 
3.741904 0.892607 1.075533 -0.332739 0.313373 0.324932 -0.160253 0.165560 0.020841 -0.122737 0.100949 0.030466 
-1.#IND00 -1.#IND00 -1.#IND00 -1.#IND00 -1.#IND00 -1.#IND00 -1.#IND00 -1.#IND00 -1.#IND00 -1.#IND00 -1.#IND00 -1.#IND00 
-1.#IND00 -1.#IND00 -1.#IND00 -1.#IND00 -1.#IND00 -1.#IND00 -1.#IND00 -1.#IND00 -1.#IND00 -1.#IND00 -1.#IND00 -1.#IND00 
