3.380420 0.362501 1.019574 -0.819661 0.774370 1.270482 1.400763 1.015140 0.769306 0.366234 0.050169 -0.035141 
3.441688 0.820450 1.811592 -0.401898 0.580347 0.879516 0.693070 1.008262 0.553054 0.157042 0.341105 0.051504 
3.485294 1.012994 1.196888 -0.499664 1.099460 1.377494 1.009642 0.935392 0.499441 0.441692 0.309362 0.023805 
3.317165 0.663401 1.668608 -0.194406 1.416966 0.868705 1.104867 1.021204 0.373890 0.275027 0.110825 0.007944 
3.433902 0.309339 1.130009 -0.159412 1.821269 1.067028 0.682814 0.659716 0.383740 0.109518 0.269777 0.053291 
3.297750 0.307604 0.930937 -0.367532 1.044179 0.364479 0.480491 0.814362 -0.013936 0.013245 0.401818 0.043674 
3.274565 0.877549 1.040662 -0.151527 1.508050 0.872656 1.518406 0.601156 0.583448 0.464060 0.235202 0.012860 
3.199599 0.522260 1.181470 -0.023246 1.674418 1.057978 1.179746 0.674351 0.672360 0.234655 -0.015179 0.015034 
5.299710 2.448854 0.792967 -0.172314 -0.556904 -0.148103 0.323949 0.355642 -0.239626 -0.093963 0.030767 0.018343 
5.767760 3.456341 1.812957 0.666620 0.150260 0.448444 1.107575 1.218039 0.475715 -0.190328 0.048314 0.035002 
4.633845 3.066889 1.974677 0.139672 0.256335 0.842349 0.543008 1.361061 0.572505 0.017588 0.206931 0.029938 
4.171153 1.633216 1.741780 -0.283451 0.921575 0.399284 0.120628 0.071620 0.274219 0.323108 0.307525 0.086524 
3.526041 0.749689 1.231353 -0.264357 0.910556 0.338245 0.097518 0.430485 0.623259 -0.127304 -0.070454 0.014950 
1.921833 -0.384764 4.262597 -0.007515 -0.201107 2.291514 2.048316 0.886042 0.358537 0.339267 0.368673 -0.072615 
-0.495202 -1.364348 5.077580 0.772899 -0.484551 1.340444 2.360379 -0.839780 1.023128 0.401112 -0.046448 0.195582 
-0.718843 -1.697776 4.589986 0.727733 -1.051518 0.967470 1.109228 -0.394191 0.466473 0.387843 0.300050 0.078449 
-0.972017 -1.223796 4.032828 0.454146 0.190948 0.305834 0.662421 -0.447515 1.023961 0.691865 -0.154349 0.140261 
-1.026658 -1.390004 3.720070 -0.450928 -0.240255 0.117880 0.440349 0.185855 0.849116 0.666501 0.244809 0.211416 
-0.888830 -1.200172 3.429893 -0.559725 0.753202 -0.767443 1.314471 0.394542 0.662906 0.726851 0.163835 0.159640 
-1.309748 -0.796969 3.877131 -0.730116 1.468738 0.263740 1.078723 0.706899 -0.257121 0.550916 0.280535 0.066274 
-1.087168 -0.893220 3.785786 -0.330354 0.771821 -0.425981 1.364025 -0.117816 0.023139 0.849370 0.172146 0.147991 
0.532215 -0.207497 3.256106 -1.702305 -1.014666 -0.250838 -0.180329 0.623323 0.989240 0.045591 0.207418 0.197824 
1.661608 1.528760 0.929889 1.023107 0.341273 0.490320 0.616647 -0.057669 0.286136 -0.047774 -0.091453 -0.061601 
1.324526 1.351475 1.525618 1.013389 0.079108 -0.221255 0.191437 -0.186513 -0.612251 -0.405460 -0.178576 -0.074686 
1.153915 0.995717 0.874103 0.597078 0.404970 -0.090877 -1.557836 -0.184749 -0.403559 -0.410447 -0.331825 -0.121216 
1.490036 1.245282 1.059447 -0.573012 -0.149415 -0.959751 0.419105 -0.043605 -0.626057 -0.820625 -0.243556 -0.032821 
1.136314 1.502109 0.944898 0.762542 0.436838 0.084956 -0.958071 -0.292288 -0.059708 -0.734971 -0.425210 -0.005940 
1.315864 1.583233 0.793850 -0.104641 0.000476 -0.356585 -0.198852 -0.094402 0.310102 0.205078 -0.092152 0.031941 
1.588569 1.191714 1.720396 0.640545 0.404207 0.621405 0.739104 -0.185941 0.220428 0.280832 -0.001959 0.031789 
2.025675 0.794512 0.690027 1.163570 0.936410 0.539658 0.272601 1.540591 0.648087 0.051824 -0.077063 -0.026326 
1.902435 1.432593 1.515761 0.330892 0.189684 0.463100 0.695018 0.565308 0.097863 -0.022599 0.274790 -0.038325 
1.677478 1.211847 0.889317 0.587470 0.080731 0.561101 0.595122 0.375941 0.040824 0.383168 0.134824 -0.017739 
1.552269 1.169290 1.218014 0.983036 0.771553 1.015927 0.430871 0.214609 0.393699 0.086856 -0.014935 -0.046255 
1.535014 1.182961 0.823979 1.723221 0.257372 1.788480 1.026539 0.430737 0.549309 0.515025 -0.066813 -0.050918 
2.153434 0.541995 0.961593 0.997512 0.918243 1.359029 1.267449 0.577420 0.632827 -0.219678 0.127349 -0.024341 
2.451202 -0.215685 1.395024 1.287993 1.321694 0.761335 1.398006 0.550271 0.980025 0.374911 0.079673 -0.052120 
4.816441 0.115000 1.359938 0.471204 0.538842 0.622981 0.799619 1.563885 -0.485067 0.733899 0.592594 -0.060270 
8.247883 1.712153 0.884007 0.955657 0.031109 0.997129 0.628981 0.757167 0.202623 -0.119934 -0.091965 0.000533 
6.932871 2.235547 0.032931 1.155016 1.121989 0.341734 0.265674 0.288637 0.241763 -0.100236 -0.016347 0.048134 
3.822357 3.493520 2.702356 1.930377 1.515701 0.894864 0.271693 0.028006 0.188253 0.042729 -0.096526 -0.019045 
6.172153 3.907050 3.369004 1.337070 -1.548588 -0.409771 1.079351 0.923942 0.772206 0.469934 0.417253 0.091920 
3.664953 3.146392 2.854522 1.666747 1.359702 1.543260 0.779163 1.102789 0.671541 0.150880 0.014733 0.002836 
3.259759 2.620220 2.104286 1.542134 1.153768 0.954655 0.704953 0.399963 0.196472 0.101046 0.054225 0.011337 
3.783853 0.740374 1.829075 0.278167 1.645406 1.927486 0.943807 1.433021 0.771963 0.101393 0.045029 -0.009781 
3.499843 1.231689 1.164700 -0.802559 1.132800 1.617350 0.788808 1.098407 0.495824 0.548455 0.069220 -0.044743 
3.523631 0.826598 0.402119 -0.387213 1.483051 1.697532 0.887973 0.528888 0.292897 0.783821 0.199392 -0.015269 
3.598136 0.689280 1.029972 -0.523998 0.993945 1.154298 0.545537 0.742389 0.535672 0.042603 0.126370 0.012430 
3.513987 0.628196 0.894210 -0.146776 0.419801 1.021077 0.855866 0.485712 0.711793 0.360748 0.038458 -0.021663 
-1.#IND00 -1.#IND00 -1.#IND00 -1.#IND00 -1.#IND00 -1.#IND00 -1.#IND00 -1.#IND00 -1.#IND00 -1.#IND00 -1.#IND00 -1.#IND00 
-1.#IND00 -1.#IND00 -1.#IND00 -1.#IND00 -1.#IND00 -1.#IND00 -1.#IND00 -1.#IND00 -1.#IND00 -1.#IND00 -1.#IND00 -1.#IND00 
