3.424421 0.360603 1.479685 -0.377559 0.964918 0.917861 0.590837 1.325266 0.424933 0.407086 0.187396 -0.051968 
3.430339 0.486091 1.058463 -0.704617 0.729715 0.922416 0.522125 0.564765 0.577192 0.099672 -0.073474 -0.021270 
3.033389 0.388882 1.015446 -1.174266 1.101623 1.613223 0.464729 0.532857 0.083028 -0.141624 0.069266 0.006893 
3.277206 1.123844 1.409229 -0.544099 1.510780 1.281206 0.636056 1.068446 0.666088 0.260878 0.009363 -0.024426 
3.230307 0.534115 1.039274 -1.027289 1.049864 0.908305 0.649643 0.743456 0.350305 -0.295473 0.120128 -0.017431 
3.463663 0.154444 0.736801 -0.842571 0.895922 0.052303 0.195477 0.650769 0.054176 -0.079030 -0.192405 -0.021098 
3.626541 0.145951 1.020438 -0.762748 1.801567 0.524441 0.388800 0.871093 0.511778 0.297670 0.036794 -0.059881 
3.319166 0.870120 0.581978 -0.419923 1.304117 0.355812 0.724140 0.944619 -0.139369 -0.192767 0.219352 0.046874 
3.481888 0.810922 0.635866 -0.385313 1.198022 0.908690 0.693338 1.001316 0.464913 0.400875 -0.085670 -0.065496 
3.273026 0.451904 0.821686 -0.862608 0.946566 0.929278 0.870613 0.963820 0.188211 -0.014287 0.119063 0.024316 
3.334385 0.168103 0.598043 -0.238613 1.363610 1.094307 0.576682 0.955045 0.181816 0.194192 0.109610 -0.018497 
3.145003 0.726457 1.057574 -0.651751 1.522497 1.177052 0.769284 0.842786 0.331072 0.191687 0.242434 -0.005171 
3.092021 0.773274 0.757914 -0.477755 1.401534 1.352657 0.742897 1.080596 0.547254 0.338531 0.122052 -0.051973 
3.396148 0.614934 0.436919 0.069769 1.065927 1.361433 1.611442 1.020184 -0.230413 0.194332 0.199863 0.029345 
2.986251 -0.409607 2.076740 1.124735 0.582004 -0.104538 2.435320 1.173207 -0.519397 0.042057 0.244895 0.018735 
-0.581929 -0.960436 3.928561 -0.393466 0.220692 1.355123 1.383425 0.433014 0.482642 0.194640 -0.190818 0.109103 
-0.628957 -0.511453 5.711843 0.589704 -0.453085 -0.387237 1.169514 0.053566 0.759736 0.363899 0.041525 0.165769 
-0.511360 -1.532369 3.986129 0.606217 0.401672 -0.556821 0.668629 -0.308489 0.639213 0.640489 0.290701 0.087562 
-1.125643 -1.476041 4.284230 -0.778248 0.416776 0.044963 1.621109 0.609153 0.804545 0.684824 -0.080623 0.039552 
-0.825047 -1.037394 3.134800 -0.869941 0.102731 0.027125 1.451480 -0.320875 0.891316 0.336954 0.417996 0.125530 
-1.068938 -0.891300 3.874626 0.073188 0.933898 -0.805267 0.846650 -0.226990 0.220060 0.240532 0.143245 0.152119 
-0.144862 -1.348809 3.038713 0.401516 0.525444 0.657515 0.912160 0.483477 -0.193872 0.345681 0.008487 0.082040 
1.079836 1.187889 1.028408 1.416787 0.732381 0.708535 0.724772 0.063823 -0.242438 0.234082 -0.392385 0.007852 
1.326504 1.396709 1.647454 0.920504 0.360443 0.321398 -0.863293 0.177934 -0.570969 -0.454386 0.060650 -0.148240 
1.292933 1.437207 1.485428 0.234359 -0.598651 -0.207752 -0.054134 -0.386325 -0.513264 -0.236483 -0.477684 -0.042360 
1.734857 1.627674 0.919905 0.021274 0.235865 -0.628305 -0.754305 -0.364625 -0.521076 -0.272707 -0.454367 -0.056990 
1.684028 1.379704 1.231086 0.468304 -0.532813 0.176566 -0.257722 -0.749199 -0.229861 0.089243 -0.405276 -0.051780 
1.045309 1.991940 0.345571 0.176268 0.246462 -0.846638 -0.601386 -0.478655 -0.094281 -0.399291 -0.260298 -0.080443 
2.129371 1.358837 0.798017 -0.480302 0.428321 0.181853 -0.033665 -0.302881 -0.248532 0.364437 -0.074144 -0.000817 
1.332466 1.578225 1.205211 1.303478 0.808119 0.851899 -0.069629 1.016324 0.473316 -0.321208 0.275807 -0.051188 
1.830002 1.207447 0.901182 0.365226 1.273258 0.964823 0.747052 0.044728 -0.052156 0.844926 0.053751 0.017257 
1.079764 0.988938 1.521055 1.561677 1.229946 0.461098 0.733481 0.464818 0.549397 -0.070601 0.182150 0.010538 
1.273857 1.514018 0.675490 1.224356 1.263468 0.691627 1.127401 0.382029 0.196716 0.055457 0.032637 0.008480 
1.314189 0.824067 1.720959 1.431255 0.439510 0.879701 0.917855 0.616059 0.253489 -0.012245 0.078603 0.008106 
2.071226 0.420102 1.368315 1.538487 1.390903 0.896621 0.688207 0.606061 0.488565 0.119177 0.267736 -0.031727 
2.577378 0.271381 1.151695 0.566974 0.731377 1.024975 0.954281 0.826582 1.473536 -0.031364 0.093785 -0.029781 
3.524646 1.116707 0.277071 1.079692 1.063562 0.637653 1.144680 0.970116 0.089908 -0.301174 0.087629 0.042717 
5.466173 1.264976 0.632899 1.405723 0.463198 0.612314 1.364867 1.197828 0.655439 -0.018477 -0.046975 -0.007208 
4.722844 3.331157 1.246958 -0.037306 -0.077848 0.322307 0.602192 0.541573 0.361298 0.243188 0.143981 0.035865 
5.132258 3.586183 1.427977 0.300210 0.334379 0.646629 0.733039 0.601607 0.084587 -0.211303 0.057092 0.032965 
3.373087 2.768466 2.234877 1.713314 1.198964 0.844782 0.675720 0.514032 0.354584 0.271364 0.225680 0.031914 
5.859497 4.187854 3.634893 2.369960 1.668140 0.827638 1.316075 1.112661 0.073389 -0.055638 0.103427 0.036742 
3.847992 1.796097 1.330545 -0.008233 1.167355 1.650852 1.299414 1.387144 0.493042 0.449808 0.320929 0.022445 
3.871499 1.659335 1.814400 -0.175160 2.122662 1.841356 0.886130 0.922785 -0.132320 0.272468 0.304197 0.022036 
3.794333 1.066988 1.696403 0.467891 1.649824 0.799610 0.986068 1.459682 0.982652 0.191406 0.213414 0.030213 
3.634831 0.732941 1.734465 0.483157 1.373730 1.307130 1.159680 1.180051 0.528739 0.150108 0.134350 0.007189 
3.322208 1.094880 1.222927 0.074938 1.468765 1.185212 1.056183 0.928359 0.446645 0.373782 0.261859 0.023976 
3.239696 1.294831 1.325926 0.327189 1.604017 1.293060 0.636761 1.546349 0.427224 0.746946 0.239744 -0.020157 
-1.#IND00 -1.#IND00 -1.#IND00 -1.#IND00 -1.#IND00 -1.#IND00 -1.#IND00 -1.#IND00 -1.#IND00 -1.#IND00 -1.#IND00 -1.#IND00 
-1.#IND00 -1.#IND00 -1.#IND00 -1.#IND00 -1.#IND00 -1.#IND00 -1.#IND00 -1.#IND00 -1.#IND00 -1.#IND00 -1.#IND00 -1.#IND00 
