3.196099 0.671049 1.152394 -1.184291 1.500421 1.332078 1.238905 -0.079440 -0.055591 0.221927 0.030055 0.045170 
3.308476 0.472482 0.560622 -1.195154 1.790815 0.810071 0.796552 0.809195 0.056470 0.325887 0.234822 0.013781 
3.136782 0.427151 0.690727 -1.270167 0.947561 0.123906 1.233694 1.039073 -0.039120 0.688712 0.111366 -0.043364 
2.935757 0.762283 1.192174 -0.535681 1.276669 1.199070 0.822977 1.218366 0.370827 0.128771 0.235907 0.015088 
3.133786 1.226329 1.038578 -0.220282 2.063356 1.228366 0.934185 1.045439 0.412878 0.450755 0.232333 0.006016 
3.168723 0.889074 0.937323 -0.967331 1.046976 1.817861 0.532424 1.110897 0.526386 0.581305 -0.024516 -0.062282 
3.251948 0.491411 1.049107 -0.671630 0.947176 0.646503 0.544540 0.436632 0.198846 -0.063146 0.321195 0.073286 
2.961555 0.512163 1.511595 0.614319 1.392922 0.671356 0.201497 1.051246 0.475519 0.454817 0.136220 -0.023695 
3.327056 0.176542 0.115884 -0.634738 0.840456 0.936193 1.159108 0.262902 0.097763 0.484815 -0.125972 -0.046413 
3.375282 0.186639 1.241830 -0.322886 1.037308 0.439761 0.910551 1.032424 0.500334 0.367331 -0.008820 -0.026404 
3.181866 0.531559 0.893470 -0.519193 0.961921 0.776527 0.781892 0.512968 0.305078 0.448269 0.280647 -0.009113 
3.245091 0.654881 0.896435 -1.030067 1.271196 0.932652 0.999005 0.872505 -0.274433 0.039550 -0.068066 0.001255 
3.180348 0.355274 1.257224 -0.984520 1.616404 1.930143 0.927775 1.244438 0.612042 0.253004 0.227216 -0.022812 
2.942833 0.381649 0.908491 0.201366 1.490717 0.898186 1.298455 1.176921 0.573874 0.589327 0.119373 -0.035792 
2.834630 0.295542 2.029772 -1.700190 1.044846 1.867723 0.919050 0.849576 0.525925 0.290718 0.265034 0.012202 
2.590226 -0.902133 1.528307 0.180178 2.027424 -0.459103 0.937658 0.524240 1.307338 -0.031462 -0.189371 0.138813 
-0.636658 -1.119201 3.797340 -0.146817 0.792979 0.397643 2.609749 -0.152163 0.555464 0.575335 0.424919 -0.047709 
-0.963876 -0.996520 3.709068 -0.931876 1.577855 -0.267360 1.714113 0.297630 0.379526 0.389304 0.208044 0.057181 
-1.194328 -1.248645 4.749166 -0.721505 0.233719 -0.193181 1.166135 1.120963 0.648317 0.480649 0.025854 0.114253 
-0.859775 -1.503407 2.471790 0.093937 -0.441137 0.022167 0.963804 -0.176336 0.307108 -0.070245 -0.248676 0.138048 
-0.065532 -1.406949 2.956333 -0.375301 -0.638846 -0.874482 0.779276 0.044615 0.426441 0.720754 0.095814 0.176530 
1.008639 1.180607 1.735426 1.360590 0.131358 0.445069 0.000123 1.057312 0.138531 -0.091579 -0.266877 -0.017494 
1.594710 1.785161 1.465681 1.035994 -0.124894 0.062819 -0.286412 -0.041322 0.222651 0.219512 0.058490 -0.071468 
0.771097 2.034738 2.004455 1.395764 0.323187 -0.773738 -0.015415 -0.306299 -0.035763 -0.650214 -0.227934 -0.003273 
1.608254 1.350296 0.842104 0.151882 0.082240 -0.147414 -0.263319 -0.199267 -0.247288 -0.138582 -0.510042 -0.046444 
1.244246 1.407377 1.602764 0.546744 -0.460748 -0.330375 0.594602 -0.448498 -0.544697 -0.322413 -0.132225 -0.099926 
1.597419 1.250055 1.357010 0.655318 0.388235 0.189812 0.184016 0.042000 0.203162 -0.203706 0.078851 -0.032159 
1.274605 1.192389 1.961057 0.961002 -0.299394 1.032543 -0.294890 0.659931 0.385755 0.369783 0.081497 0.049431 
1.119206 0.969089 1.954078 0.803896 1.099057 1.479623 0.155050 0.078233 0.385197 0.273736 0.149972 0.009070 
2.186557 0.170637 1.750817 0.284961 1.175766 1.056001 0.653224 0.501660 0.145336 0.259879 0.064683 -0.001496 
1.064516 1.488033 1.106170 1.925073 0.450519 0.593467 1.184843 -0.030557 -0.065513 0.351912 0.087746 -0.014826 
1.398713 1.736042 0.674618 1.120955 0.744055 1.123360 0.797998 0.796709 -0.380909 0.028313 -0.126906 0.015099 
1.363404 1.288897 0.990401 0.893630 1.248736 0.831174 1.075541 0.201917 0.156729 0.585967 -0.146715 -0.012901 
1.579043 0.560487 1.259172 2.041278 0.893015 0.815685 1.039412 0.722787 0.629214 -0.107828 -0.032383 0.010200 
1.967241 0.777501 1.651708 0.644073 1.730543 2.042080 0.651266 0.954925 0.353351 -0.127302 0.398763 -0.029585 
3.575289 -1.214677 2.689900 0.612126 0.981038 1.449481 0.498476 1.244985 0.761710 0.365059 0.118613 -0.070373 
5.292136 2.237343 0.437743 1.061079 1.396695 1.014620 0.510206 -0.179487 -0.019793 0.445274 0.328101 0.073973 
5.950481 3.511893 0.799732 -0.002196 0.887540 1.051603 0.713665 0.368964 0.424719 0.245644 0.218266 0.063233 
6.783432 3.533051 0.231774 0.417358 1.806315 1.442744 0.527210 0.226834 0.462331 0.197869 0.159151 0.031352 
4.779448 4.411239 3.591765 1.905171 0.413546 -0.170853 0.131406 0.356137 0.789728 0.889099 0.301276 0.127919 
5.406266 2.687574 3.577785 3.670164 2.421288 1.044817 1.104997 1.157926 -0.549132 -0.444167 0.220272 0.078753 
4.846896 2.316549 2.344840 2.436926 3.339141 2.097984 1.373465 1.883413 0.338048 -0.116051 0.007955 0.034378 
3.102438 2.234178 1.480348 1.183794 1.178683 1.167543 0.894640 0.790522 0.312916 0.206790 0.146319 -0.002125 
2.621974 1.884977 1.977570 1.691935 2.166078 1.343988 1.113060 0.858621 0.105004 0.315333 0.155532 0.014249 
3.420530 0.800705 1.430684 -0.185641 1.149169 0.895354 1.299024 0.988030 0.653886 0.392270 0.017227 -0.009261 
3.438307 0.667050 1.083035 -0.499012 0.826767 1.074629 0.883481 1.139854 0.304661 0.137477 0.135006 0.003074 
3.039773 0.156452 1.301283 -0.189592 0.692419 0.242507 0.193538 1.023864 0.380427 -0.238598 0.200470 0.033545 
3.650264 0.459169 1.773555 -0.009775 1.679962 1.269036 0.914158 0.946375 0.510139 0.242882 0.064102 0.001326 
-1.#IND00 -1.#IND00 -1.#IND00 -1.#IND00 -1.#IND00 -1.#IND00 -1.#IND00 -1.#IND00 -1.#IND00 -1.#IND00 -1.#IND00 -1.#IND00 
-1.#IND00 -1.#IND00 -1.#IND00 -1.#IND00 -1.#IND00 -1.#IND00 -1.#IND00 -1.#IND00 -1.#IND00 -1.#IND00 -1.#IND00 -1.#IND00 
