3.211886 0.554783 0.822937 -0.951887 1.610446 0.855990 1.239977 0.866045 0.084392 0.527510 0.289997 0.000788 
3.090484 0.461009 2.042720 -0.651812 1.254733 1.459806 1.085341 1.153448 0.323284 0.182692 0.178535 -0.001644 
3.105757 0.758625 0.715138 -0.358949 0.952875 0.808942 0.633359 0.921863 0.638910 0.177087 -0.066492 -0.045954 
3.369850 0.740430 1.571379 -0.477121 1.723458 1.077112 0.481598 1.663901 0.541715 0.034314 0.160428 -0.024936 
3.266479 0.661591 1.210388 -0.877340 1.446882 2.094601 0.763340 0.502980 0.393022 0.396966 0.360127 0.048461 
3.319065 0.362303 1.430095 -0.596083 0.455242 1.699216 0.931900 0.951448 0.379292 0.401769 0.264639 -0.024998 
3.397141 0.365135 1.146351 -0.748003 1.549122 0.527993 0.547332 0.907129 0.566220 0.191936 0.083525 0.019562 
3.574991 0.339316 1.194041 -0.720923 1.761081 1.724395 0.924269 0.524949 0.269486 0.186570 0.027414 -0.008985 
3.124939 0.230072 0.580281 -0.238005 0.994582 1.386146 0.789894 0.782333 0.289961 -0.002361 0.309993 0.014623 
3.405550 0.416963 1.154725 -0.191860 1.198492 1.560302 0.850626 1.293862 0.355227 0.511321 0.266359 -0.064842 
3.615367 0.165716 1.062188 0.089955 2.198363 0.639698 0.336701 1.488476 0.530987 0.553080 0.099151 -0.121506 
3.168936 0.106403 0.781851 -0.248597 1.087602 0.912912 0.301994 0.957693 0.495427 -0.003958 -0.331662 -0.048138 
3.472633 0.040992 0.661634 -0.453970 1.477462 1.672108 1.176286 1.201429 0.528012 0.560701 0.038405 -0.103548 
3.108228 0.653212 1.045502 -0.757036 1.207673 1.035696 1.053865 1.369392 0.352787 0.173596 0.124790 -0.073306 
3.008683 0.356122 1.415198 0.011044 0.522068 1.309717 1.156856 0.874753 0.703012 0.177582 0.122723 -0.055422 
1.474546 -1.411874 4.191378 -0.314030 0.085327 1.235696 1.813204 0.106291 0.830942 0.404068 -0.412049 -0.030682 
-0.783953 -0.902428 3.845383 0.262682 -0.074214 0.602404 1.697261 -0.030231 0.339234 0.575231 -0.121780 0.223415 
-1.027996 -1.152822 2.910149 0.542539 -0.133881 0.196562 1.445251 0.258196 0.972926 0.201979 -0.134519 0.215241 
-0.849065 -0.669710 3.358196 -0.681003 -0.249961 0.037313 0.735308 -0.490981 0.541630 0.392556 0.216946 0.184382 
-0.825935 -1.079316 2.169426 -0.971842 0.048817 -0.171507 0.544045 0.348671 0.522779 -0.135282 -0.207607 0.209771 
-0.399098 -1.320445 2.525833 -0.778694 0.015257 0.548006 0.663998 -0.207542 0.247597 0.423022 -0.326533 0.158110 
2.145926 -1.043377 1.764337 -0.291153 -0.094939 -0.152631 0.388743 0.052396 0.050633 0.070652 0.112580 0.000657 
1.262687 1.425040 1.032548 0.948379 1.037360 0.230256 0.239908 -0.187757 0.452925 -0.194499 -0.033267 -0.130826 
1.280656 1.153503 1.856316 1.550564 0.205092 -0.155208 -0.831388 0.104235 -0.387360 -0.400581 -0.079270 -0.090637 
1.340301 1.229777 1.026710 0.140393 0.503623 0.284028 -0.336657 -0.367087 -0.823260 -0.123669 -0.140485 -0.146206 
1.412760 0.930712 1.397632 0.644406 0.709714 0.206065 -1.068386 -0.031837 0.297172 -0.166835 -0.267638 -0.090991 
1.734954 1.155910 1.489549 0.826232 0.047001 -0.079502 -0.134064 0.387043 0.225707 -0.393827 0.021597 -0.084471 
1.249800 1.125393 1.109582 0.966190 1.510805 -0.143352 0.233591 1.128214 1.019107 0.059349 0.314432 -0.026503 
1.801851 0.965028 1.495303 1.134064 0.572415 0.464335 1.015325 0.735730 0.367319 0.168387 -0.170786 0.041628 
2.008845 1.083528 0.859020 1.021413 0.909234 0.786284 0.128294 0.566662 0.392468 0.078297 0.164016 -0.025862 
1.113309 1.647952 1.520302 0.219172 0.724201 0.807046 0.373426 0.126557 0.391803 0.077485 0.227114 -0.029303 
1.162001 1.119042 1.485644 1.176201 0.772354 1.301402 1.102053 0.498526 0.250374 0.026487 -0.049438 -0.008735 
1.245257 0.830801 1.706102 0.908148 0.764889 1.289276 1.030527 0.564034 0.869068 0.590722 -0.111526 -0.053163 
1.055108 1.020058 1.390214 1.436747 1.188163 1.049376 1.069695 0.568180 0.302163 -0.081095 0.260280 0.001897 
2.069842 0.108422 1.894516 1.754447 0.979847 1.484929 -0.118714 0.795900 0.495797 0.115030 0.073056 0.025411 
1.437133 0.787321 1.201242 1.683842 1.303892 0.332191 1.298764 1.090466 0.212690 0.093459 0.163625 0.006142 
3.456231 -1.521721 1.617279 0.566404 2.130323 0.929088 2.104946 1.201107 0.503183 0.124294 -0.221398 -0.000161 
7.249532 0.791144 0.120617 1.031180 0.625279 1.402441 0.279518 0.217982 -0.162274 0.140317 0.278559 0.104536 
6.001002 2.519413 1.724838 1.725196 -0.228211 0.178988 1.206275 0.817392 0.415965 0.024312 0.174108 0.064932 
5.883330 2.981457 0.935997 0.787049 0.695612 -0.159757 0.302981 0.752068 -0.018584 -0.834803 -0.066088 0.121320 
4.270990 3.174339 3.918504 3.347488 2.681287 1.799444 0.745025 0.786033 0.312843 -0.000173 0.140578 0.017002 
5.919762 4.254945 3.256138 3.005888 1.964075 -0.881738 0.841019 0.129572 -0.215358 0.169206 0.169349 0.119250 
3.772364 2.252563 2.037810 1.020483 1.907396 1.957589 1.688447 0.887566 0.532669 0.065095 0.104606 0.038378 
3.758886 1.456358 1.014459 -0.251317 1.543915 2.101302 1.833707 1.489122 0.837838 0.652253 0.239068 -0.000023 
3.658883 0.726938 1.967979 -0.021468 2.556103 1.769819 1.345102 1.414986 1.055498 0.331460 -0.032719 -0.015114 
3.319458 0.792007 1.257721 -0.788419 1.027712 0.838389 1.016434 0.934903 -0.337552 0.123874 0.147898 -0.003223 
3.397606 0.613529 1.035771 -0.342930 1.520764 0.814527 0.674829 1.469099 0.178012 0.226499 0.171631 -0.042364 
3.352116 0.379483 0.818895 -0.899204 0.973478 1.346595 0.463866 0.959090 0.332868 -0.070872 0.213580 0.028269 
-1.#IND00 -1.#IND00 -1.#IND00 -1.#IND00 -1.#IND00 -1.#IND00 -1.#IND00 -1.#IND00 -1.#IND00 -1.#IND00 -1.#IND00 -1.#IND00 
-1.#IND00 -1.#IND00 -1.#IND00 -1.#IND00 -1.#IND00 -1.#IND00 -1.#IND00 -1.#IND00 -1.#IND00 -1.#IND00 -1.#IND00 -1.#IND00 
