3.253500 0.643823 0.990558 -0.862747 1.201838 0.046299 0.421640 1.085435 -0.020946 0.086425 0.170651 0.022633 
3.459120 0.423183 1.402002 -0.722514 1.200390 1.090877 0.413142 1.350761 0.202945 0.038775 0.264300 -0.005897 
3.568545 0.342934 1.265049 -0.807030 1.184482 1.631826 1.564750 1.314222 0.058974 0.382941 0.209979 -0.027557 
3.371910 0.524183 0.725548 -0.807345 1.141309 0.892416 -0.009753 0.898873 -0.038759 -0.150070 0.311175 0.057958 
3.612613 0.328216 1.040839 -0.416195 1.397051 0.164807 0.582165 0.418649 0.168547 0.629902 0.310111 0.020947 
3.263749 0.662885 1.061840 -0.412207 1.068520 0.920515 1.414745 0.606226 0.109159 0.342260 0.159917 0.023348 
3.458686 0.578867 0.695213 -0.563824 0.654947 0.607887 1.541312 0.752582 0.440803 0.404781 0.036668 -0.021894 
3.132427 0.718837 1.143366 0.445476 1.943678 0.893330 0.565925 1.057526 1.118745 0.816836 0.046589 -0.057566 
3.168212 1.013082 1.124524 -0.624932 1.417359 1.348514 0.490004 0.816294 0.038204 0.303258 0.393124 0.028104 
3.694149 0.626505 0.965177 -0.573882 1.745424 0.957667 1.463529 1.101274 0.095919 0.176797 0.065019 0.002473 
1.917200 -0.354615 2.901546 -1.686301 1.256314 0.640185 1.926282 -0.507007 0.956705 0.482985 -0.095346 0.119510 
3.356121 0.199092 1.223116 -0.241301 1.226968 1.491330 0.924032 0.869383 0.006418 0.424682 0.122703 -0.015145 
2.993362 0.669565 0.870579 -0.623168 1.497757 0.997777 0.601399 1.464952 0.131277 0.053410 0.073998 0.001682 
1.673408 -0.180147 4.048509 -1.285447 1.680449 0.427847 1.086638 0.785140 1.153049 0.584521 0.039843 0.071792 
0.034657 -0.667353 7.379918 -1.066063 0.523457 0.879436 0.508488 -0.587194 -0.074800 0.455280 -0.208231 0.101640 
-0.848438 -0.477574 5.538180 -0.574133 0.385630 1.258032 -0.116545 0.510327 0.669353 -0.279159 0.302536 0.119190 
-0.638414 -0.671822 4.457107 -1.433837 1.121511 0.648593 -0.321692 0.413313 0.329292 -0.066735 0.366866 -0.018247 
-0.948226 -0.582831 3.758457 -1.679805 0.770703 0.482453 0.564981 -0.056661 0.536801 0.443915 -0.061641 0.138658 
-1.374074 -0.204888 3.594006 -1.343308 1.494450 0.279831 0.426920 -0.117892 0.921294 0.141216 0.116601 0.112166 
-1.016920 -0.607287 2.561241 -1.876728 0.021654 -0.743283 0.430743 -0.387181 0.295163 -0.256533 -0.034674 0.009937 
-0.373503 -0.586430 4.407251 -2.192807 -0.741324 0.602851 1.137486 0.535025 -0.096157 0.748630 0.256080 0.028344 
1.692406 0.787920 1.300084 0.956555 -0.091116 0.991086 0.294250 0.865998 -0.085269 0.451496 -0.128249 -0.071265 
0.836853 1.033525 1.584986 1.798556 1.313868 0.968414 0.671792 -0.023621 -0.007341 -0.064966 -0.021166 -0.065359 
1.384753 1.455466 1.483289 0.765791 0.122462 0.249243 -0.102097 0.029124 -0.086559 -0.239018 -0.240475 -0.075428 
1.073631 1.651348 1.783270 0.513445 0.787301 -0.728022 0.816760 -0.069483 -0.281407 -0.402914 -0.098849 -0.068306 
0.808777 2.030880 1.427329 1.260360 0.230945 -0.082195 0.004257 -0.202947 -0.142674 -0.068245 -0.212754 -0.076334 
1.544906 1.504647 1.272179 0.096395 0.504764 0.894298 0.571446 -0.378179 0.282227 0.178989 0.234470 -0.053773 
1.253353 0.917972 1.861840 0.752894 0.963312 1.017673 0.610017 0.233517 0.653915 0.160638 0.282595 -0.041567 
1.258703 1.333499 1.132101 0.927458 0.348275 0.435015 0.985032 0.487302 0.541455 0.183005 -0.033037 0.075877 
1.637162 1.492779 1.100325 0.830319 0.812003 -0.021729 0.834522 0.102629 0.399800 0.352919 0.124805 0.018951 
1.040130 0.787003 1.909384 0.949438 2.121592 0.537564 1.042180 1.020161 0.479045 -0.217423 -0.110843 0.051125 
0.898710 1.548136 1.043591 1.733869 0.395009 1.069764 0.370383 0.904888 0.403037 0.156642 0.308946 -0.133164 
1.243635 1.190793 1.147885 0.616470 1.175461 1.395480 0.397345 1.046689 0.158028 -0.204388 -0.010424 -0.024262 
1.043814 1.626217 1.009853 0.450442 1.500549 0.493978 1.162963 0.756890 0.657135 0.015431 -0.155147 -0.035016 
1.745287 0.188171 1.090582 1.376680 1.474869 1.381489 1.520647 0.579674 0.074419 0.237413 -0.155738 -0.009679 
1.920475 0.485782 1.575632 0.908621 0.937156 1.503178 1.063333 1.416439 0.003567 0.404626 -0.248759 -0.015669 
4.498311 -0.421444 1.005012 1.191559 1.391002 1.275484 0.225876 1.200590 1.023575 -0.213820 0.051098 0.092008 
6.270801 0.911775 0.267409 1.069452 0.748525 0.816296 0.907603 0.791417 0.908847 0.427682 0.060122 -0.020369 
4.386262 2.927682 1.084070 0.131963 0.402270 0.905613 1.084383 0.794773 0.459439 0.162225 -0.075753 -0.045535 
3.860359 2.986325 1.843805 0.876699 0.591215 0.679377 0.827231 0.708783 0.397152 0.196334 0.157342 0.026642 
3.873565 3.230435 2.632480 1.637960 0.619050 0.304396 0.425383 0.436026 0.388495 0.403913 0.169057 0.058646 
4.107333 2.568577 2.771910 2.536817 2.123111 1.891885 1.705492 1.096482 0.824266 0.015187 0.145853 0.062168 
3.685372 2.514183 2.159710 1.299575 1.209839 0.916382 0.975836 0.749859 0.367789 0.410618 0.384159 0.064430 
4.018480 2.044721 1.554905 1.001508 2.026841 1.888076 0.747177 1.320272 0.546740 0.453350 0.232839 0.034370 
3.112051 0.910466 0.684654 0.677302 1.280357 1.275459 1.411855 0.672648 0.642434 0.223724 0.283002 0.000866 
2.996775 1.065054 0.944584 -0.078028 0.760475 1.074371 1.011471 0.940366 0.924599 0.022839 0.281949 0.009767 
3.234031 0.766392 1.216447 -0.594210 1.519075 1.567101 1.476167 1.399450 0.835366 0.288331 0.268116 -0.007742 
3.112299 1.035104 0.880231 -0.598827 0.943731 1.235357 0.646989 0.552235 -0.049305 0.271608 0.252498 0.039636 
-1.#IND00 -1.#IND00 -1.#IND00 -1.#IND00 -1.#IND00 -1.#IND00 -1.#IND00 -1.#IND00 -1.#IND00 -1.#IND00 -1.#IND00 -1.#IND00 
-1.#IND00 -1.#IND00 -1.#IND00 -1.#IND00 -1.#IND00 -1.#IND00 -1.#IND00 -1.#IND00 -1.#IND00 -1.#IND00 -1.#IND00 -1.#IND00 
