3.362313 0.688549 0.659910 -0.660382 1.901791 1.223477 0.876025 1.080778 0.286904 0.337068 0.335530 0.022173 
3.052846 0.342238 0.713503 -0.381299 0.503122 1.062803 0.856972 0.103901 0.195676 0.453664 0.142286 0.051332 
3.330141 0.571772 1.365898 -0.609435 0.569258 1.117075 0.737368 0.565630 0.382101 0.311083 0.214094 0.018966 
3.614983 0.291223 1.004225 -0.684632 1.252674 1.644666 0.612940 1.056905 0.773535 0.384935 0.326941 0.001318 
3.059220 0.335226 1.154598 -0.657518 1.420518 1.325114 1.018247 1.077887 0.304421 0.529148 0.036919 -0.058639 
3.209242 0.321977 1.176719 -0.853506 1.205216 0.866616 0.961942 1.011174 0.089600 0.217136 0.273429 0.004071 
3.355014 0.115840 0.185703 -0.895766 1.146089 0.638954 0.281650 0.062808 0.118278 0.240202 0.030508 0.055073 
3.479059 0.501649 1.342172 -0.527021 1.187134 0.571746 0.571053 0.653217 0.190733 0.476782 0.209214 0.018221 
3.370753 0.465279 0.814481 -0.834024 1.231831 0.460659 0.628383 0.851286 0.110401 0.238317 -0.048639 0.001071 
3.107447 -0.012000 0.426131 -0.271381 0.232403 0.391184 0.397249 0.762220 1.032009 0.523862 -0.033242 -0.032594 
3.228311 0.378250 0.535202 -0.533207 1.164870 0.611318 0.915962 0.214558 0.663369 -0.111767 0.035544 0.019104 
3.318112 -0.038476 0.677644 -1.051702 0.711731 0.905915 0.961779 0.644872 0.619131 0.308248 0.087180 0.014699 
2.981441 -0.374032 0.931517 -0.757847 0.656294 0.947720 0.921878 0.669474 0.357496 0.360048 0.165846 0.005916 
3.430039 0.405338 0.385901 -1.072577 1.033678 0.886727 0.048195 0.643552 -0.079133 0.195906 0.224297 0.005386 
3.432495 0.135942 0.472254 -0.517927 1.471065 0.527521 0.714861 1.186922 0.091343 0.311022 0.169022 0.000869 
3.171409 0.474751 0.969384 -1.204989 0.733375 0.363679 1.544825 0.729428 0.653783 0.056363 0.179391 0.047999 
1.255022 0.909146 0.643358 1.812237 1.162379 0.915822 -0.710300 1.081250 1.074492 0.065985 -0.013281 -0.070293 
0.785665 0.935340 1.638317 1.367689 1.016199 1.072586 1.575397 1.071437 0.529295 0.282838 -0.187498 -0.077551 
1.059757 0.971055 1.089261 0.493223 1.789368 1.287238 1.492916 0.696904 0.558175 0.088048 -0.427107 -0.008179 
0.555306 1.311700 1.229675 1.413974 1.316720 1.606973 0.921225 0.630339 0.005806 0.342929 -0.203506 -0.040761 
0.613258 0.715980 0.381506 1.486067 2.048678 1.943002 1.408696 0.431910 0.266816 0.175153 -0.224551 -0.081494 
0.928774 0.529533 0.765723 1.791311 0.921906 1.363581 1.374096 0.952075 -0.204027 0.215435 -0.110913 -0.118869 
0.910649 0.500976 0.516576 1.106786 1.799257 1.631853 1.397377 0.696834 0.422466 -0.088067 -0.167414 -0.096363 
0.778429 0.228486 1.294510 1.429980 1.608230 1.364204 1.737253 0.503949 0.719614 -0.108474 -0.000591 -0.111043 
1.391772 0.559638 0.638810 1.356662 2.148536 0.913314 0.731941 1.259800 0.760542 -0.005793 -0.190025 -0.080650 
0.935677 0.696855 0.440095 1.648447 1.951903 0.900085 1.504596 0.672621 0.821318 0.170961 -0.132511 -0.137954 
0.894687 0.657473 0.909152 0.944280 2.270666 1.256815 1.700010 1.417833 0.183404 0.039347 -0.151749 -0.048733 
0.841027 1.408558 1.444249 0.319295 1.344826 1.471369 2.107965 0.283317 0.052740 0.286560 0.221149 -0.071843 
1.851434 0.741095 0.728823 2.039148 1.556929 1.321760 1.531948 -0.190026 0.494990 0.298878 0.292809 -0.051935 
2.685433 0.302964 0.942212 1.479414 1.295688 0.923408 1.430307 0.613227 0.352635 0.480174 -0.165184 -0.079771 
4.553093 0.877609 1.259062 0.991121 0.977243 0.410965 0.192760 0.165566 0.958418 0.680963 0.061120 -0.037472 
5.588780 1.524536 1.143546 1.144627 0.168375 0.198200 1.102049 0.831909 0.279887 0.011500 0.145615 0.061096 
5.113054 2.538121 1.356712 0.831082 0.734684 0.283813 0.822996 0.957488 0.290765 0.335817 0.159057 0.035492 
7.096778 2.202516 1.757052 0.957621 0.383526 1.084508 1.608946 0.367743 0.357037 -0.077939 -0.068103 0.051125 
5.268809 3.903358 3.200561 2.639506 2.391511 1.332709 1.123275 0.483750 -0.158687 0.038274 0.181227 0.067755 
3.847700 3.053402 3.289737 3.081027 2.721975 2.353677 1.853963 1.258873 0.159271 0.480297 0.167945 0.048239 
4.300477 2.448129 3.309912 2.672276 2.819088 2.379133 1.648302 2.013078 0.495070 0.453982 0.042371 0.014803 
4.005671 2.181670 3.124553 2.087218 2.198756 2.288818 1.720268 1.390116 0.762958 0.274781 -0.017758 0.028590 
3.511338 0.606092 1.540671 0.671568 2.224518 1.595231 1.319154 0.991046 0.980229 0.212710 0.216547 0.071188 
3.696093 0.834155 0.312383 -0.084786 1.590278 1.602225 0.749765 0.706545 0.433669 -0.170390 0.173347 0.059370 
2.263348 -0.624794 0.114853 0.706038 0.093072 0.151856 1.531741 0.070815 1.609093 0.087880 0.289046 -0.132835 
4.448523 -0.438709 0.048190 0.107907 -0.319717 -0.758889 0.059323 0.756994 1.631580 0.936694 -0.089435 -0.084669 
3.912542 0.294565 1.250011 -0.825471 0.595825 0.049955 0.187773 1.490727 0.867048 0.569365 0.222869 -0.064686 
3.689534 -0.270504 0.603593 -0.969563 0.334480 1.006624 0.529920 0.790584 0.212839 0.345970 0.050561 -0.020603 
2.869488 0.055689 1.022292 -1.097028 2.034770 0.346392 0.502901 0.413044 0.310833 0.579174 0.236889 0.050920 
3.327461 -0.325462 -0.093814 -1.358353 0.455145 1.021435 0.975241 1.055795 0.028459 0.540549 0.138036 -0.036658 
2.985592 0.076318 0.717175 -0.753058 0.096696 0.144235 0.290250 0.234801 0.137978 -0.039864 -0.078841 -0.000192 
3.326070 0.387934 0.816567 -0.970137 1.006933 0.985201 0.551293 1.176774 0.496273 0.319660 0.093613 -0.029842 
-1.#IND00 -1.#IND00 -1.#IND00 -1.#IND00 -1.#IND00 -1.#IND00 -1.#IND00 -1.#IND00 -1.#IND00 -1.#IND00 -1.#IND00 -1.#IND00 
-1.#IND00 -1.#IND00 -1.#IND00 -1.#IND00 -1.#IND00 -1.#IND00 -1.#IND00 -1.#IND00 -1.#IND00 -1.#IND00 -1.#IND00 -1.#IND00 
