3.492442 0.935567 0.812690 -0.511781 2.143469 1.264718 0.785572 0.694356 0.372208 0.293983 0.039238 0.004652 
3.460218 0.771207 0.459120 -0.989097 1.367155 0.958253 0.663034 0.329482 0.357063 0.285329 0.016605 -0.005216 
3.279066 0.299052 1.055521 -1.109210 1.865076 0.435959 0.583874 1.062359 0.177259 0.251547 -0.026532 -0.045814 
3.427892 0.518089 0.853702 -0.865543 0.742746 1.143179 1.456650 1.076032 0.975962 0.051202 0.196372 0.030643 
3.155205 0.590008 0.863064 -1.150509 1.228943 1.037811 0.602886 1.059617 0.332148 0.447979 0.102133 -0.044583 
3.120471 0.183112 0.866418 -0.822467 1.562037 0.609283 0.463427 0.939893 0.040607 0.004164 0.012901 0.005802 
3.028155 0.484379 1.294763 -0.391105 0.530358 1.080126 0.739772 0.410492 0.049037 0.295475 -0.234398 -0.026660 
3.039169 0.471823 1.174056 -0.965825 0.624934 0.996419 0.987878 0.630451 0.702131 0.342151 0.161739 0.008931 
3.368817 0.512859 1.142287 -1.346755 0.849391 0.983227 0.934445 1.513997 0.719178 0.054769 -0.007591 -0.044736 
3.459037 0.416631 0.694260 -0.468687 0.799224 0.610256 0.667782 0.410776 0.333915 0.378329 0.185174 0.011065 
3.158520 0.286701 0.478107 0.016115 1.107985 0.702483 0.439326 0.392797 0.528878 0.632998 -0.005519 -0.030203 
3.352534 0.288964 0.942965 -0.514710 0.987653 0.926582 0.785682 1.011558 0.455293 0.158876 0.345598 0.032007 
3.488214 0.321139 1.247967 -0.310730 1.530769 0.629721 1.038694 0.550180 0.290254 0.569716 0.063185 -0.035958 
3.318217 0.676230 0.980135 -0.375475 1.358773 0.703352 1.399108 1.193275 0.416154 0.245108 -0.069278 -0.027859 
1.489803 0.135602 0.301084 1.340592 1.372561 1.313708 1.671642 1.268057 0.730897 0.397901 -0.342253 -0.120916 
0.950345 0.854630 0.471466 1.207427 1.077621 2.239606 1.420850 1.185744 0.345829 -0.217568 -0.257589 -0.082957 
1.161391 0.744529 1.047368 0.663897 1.489351 1.556135 1.221421 0.839977 0.465590 -0.196480 -0.070527 -0.108024 
0.946174 0.838855 0.198956 1.036813 1.252726 1.565069 1.469493 1.252432 0.217742 0.310492 -0.274212 -0.129058 
1.122412 0.193129 0.482251 0.829896 1.791292 2.369338 1.736554 0.380922 0.833710 0.043385 -0.222918 -0.153332 
0.652066 0.377703 0.729451 0.994039 2.491816 2.130976 1.207698 0.576772 0.468553 0.187955 -0.119007 -0.133490 
1.066540 0.306949 0.816264 0.819273 2.172007 0.993474 1.095090 0.425041 0.984644 0.156107 -0.151551 -0.173660 
0.953084 0.647707 0.192594 1.626693 0.738326 1.352794 2.057575 1.246969 0.362918 -0.239186 -0.478609 -0.096668 
1.024261 0.507717 0.658999 0.545366 2.071383 1.758231 1.862247 0.371504 0.801728 -0.259655 -0.198226 -0.114009 
0.934728 0.455539 -0.054471 1.814284 1.122523 1.128344 2.061832 0.990254 0.196539 -0.336948 -0.420146 -0.020483 
1.345179 0.135790 0.443905 1.133790 1.504555 1.188755 1.746498 1.243534 0.337222 -0.260469 -0.325313 -0.069283 
1.058328 -0.117030 0.461448 1.106146 1.440879 2.929492 1.335027 1.199243 0.611197 -0.333248 -0.345504 -0.108552 
0.982514 0.307578 0.591649 0.925740 2.005621 1.886576 1.281669 1.578359 0.568267 -0.279079 -0.151125 -0.122755 
1.455673 0.766471 1.672465 1.039771 0.533032 1.562119 1.609295 1.367691 0.504521 0.328848 -0.203338 -0.008503 
1.676670 0.584455 0.938812 1.417952 1.086668 1.322217 1.424659 1.017398 0.477124 0.202133 0.210858 -0.050437 
3.615226 0.092029 0.814041 1.129627 1.051842 0.967831 0.283102 0.760013 0.596293 0.317490 0.130389 -0.010620 
4.535351 0.241914 1.401981 0.502214 1.878923 0.514823 1.641913 0.433655 0.370780 0.214777 -0.037322 0.030910 
5.461314 0.523905 1.242617 0.185538 2.496648 1.949214 1.303459 1.296821 0.505340 0.042737 -0.096998 -0.035406 
5.819390 1.639499 0.913316 1.739562 1.770418 1.468292 2.139911 1.484448 0.169173 -0.203697 -0.028124 0.043755 
3.884911 2.346139 1.367960 1.305422 2.378499 2.351099 1.680756 0.861192 0.180390 0.180740 -0.140583 0.001991 
4.741585 2.219239 1.760983 0.991451 2.896061 2.808383 2.395636 1.566597 0.678975 0.195113 -0.155596 -0.006769 
4.124593 1.966104 1.345513 1.020699 2.425381 0.987017 1.084195 1.638504 0.674016 0.334594 0.211757 0.054478 
1.937155 0.196758 -1.013573 1.362522 0.610584 1.781947 1.336966 0.424154 0.599736 -0.078947 -0.040235 -0.109503 
3.376028 -0.557521 0.745200 -0.580874 0.364379 0.476892 2.340270 1.761867 0.430035 0.486492 -0.044658 -0.081649 
5.249884 -0.100574 0.783157 -0.726237 0.395961 1.562744 1.637311 0.895584 0.772548 0.288034 -0.027959 -0.019291 
3.650770 0.432406 1.250735 -0.707851 0.451877 0.854745 2.257557 1.394981 0.504673 0.614433 0.125718 -0.063950 
3.588422 0.435822 1.449594 1.017704 0.169544 0.751831 1.303335 0.835851 -0.650582 1.186277 0.128127 -0.127440 
3.332499 0.867954 1.162021 0.278157 1.204305 1.248026 0.718168 1.128251 0.309172 0.263971 0.182877 -0.015052 
3.785908 0.614556 1.532064 -0.095136 0.669089 1.308163 1.237894 0.657379 0.558477 0.438648 0.143104 0.012805 
3.260911 0.793613 0.993656 -0.594064 1.483566 0.779255 0.290438 0.392520 0.290565 0.310363 0.171970 0.019994 
3.271768 1.034695 1.132956 0.347229 1.513686 1.579529 1.378128 0.886076 0.629976 -0.060651 0.125935 0.034406 
3.377103 1.208357 1.224797 -0.194157 1.125577 1.358053 1.465227 1.105936 0.351629 0.132716 0.080286 -0.013052 
3.537399 0.555244 0.989717 -0.029718 1.314150 0.883709 0.584810 0.510787 0.343390 -0.037413 0.093993 0.018440 
3.675495 0.356070 1.426170 -0.386199 1.297147 0.925568 1.441952 0.559062 0.609157 0.490473 0.024880 -0.004065 
-1.#IND00 -1.#IND00 -1.#IND00 -1.#IND00 -1.#IND00 -1.#IND00 -1.#IND00 -1.#IND00 -1.#IND00 -1.#IND00 -1.#IND00 -1.#IND00 
-1.#IND00 -1.#IND00 -1.#IND00 -1.#IND00 -1.#IND00 -1.#IND00 -1.#IND00 -1.#IND00 -1.#IND00 -1.#IND00 -1.#IND00 -1.#IND00 
