3.266577 0.736803 1.076448 -0.066217 1.439125 0.883364 1.598366 0.556326 0.571138 0.407210 0.279629 0.001845 
3.076949 0.823472 1.154107 0.346736 1.062125 0.803413 0.961499 0.728000 0.489422 0.270130 0.221901 -0.000301 
3.080211 0.293649 0.398783 -0.625305 0.780504 1.715857 0.221738 0.172112 0.606354 0.032882 -0.091751 -0.012641 
3.508895 0.643529 0.851333 0.114231 1.134894 0.645877 1.615148 0.854493 0.962610 0.196930 -0.064535 -0.036978 
3.418964 0.344231 1.550848 -0.359655 1.573878 1.405642 1.116465 1.357347 -0.190069 0.356070 0.019352 -0.082485 
3.071107 0.891157 1.388180 0.038202 1.899946 1.326395 1.095139 0.891874 0.580889 0.483625 0.078510 -0.042498 
3.514087 0.353352 0.821914 -0.376696 1.292731 0.867662 0.818724 1.386161 -0.044451 -0.036210 -0.005760 -0.040629 
3.367846 1.017937 1.343102 -0.761221 1.615887 0.538036 0.815122 0.779600 0.210885 0.114431 0.461657 0.050024 
3.057484 0.132343 1.201399 -0.594934 0.621843 0.530022 1.147975 1.072414 0.128727 0.206603 -0.083179 -0.037435 
3.462575 0.153475 0.463036 -0.677951 1.468322 1.156083 0.583006 0.619778 0.787094 0.087942 0.256761 0.016851 
3.611752 0.442817 0.535653 -1.177086 1.408270 1.051654 1.144573 0.810013 0.419942 -0.072346 0.092075 0.019370 
3.177500 0.280714 1.152867 -0.789811 1.276354 0.657352 0.258696 0.996729 0.235895 0.035580 -0.057915 0.001129 
3.531350 0.579659 0.980246 0.100456 1.092022 0.827965 0.958965 1.280765 0.518630 0.113958 0.129064 -0.009862 
3.153506 0.538955 0.528525 -0.340646 1.224129 1.278481 0.657935 0.954509 0.163393 0.115556 0.147436 -0.019916 
3.083178 -0.424522 -0.407598 0.239155 1.625028 3.486048 -0.254598 1.507158 0.994377 0.004770 -0.310808 -0.110582 
0.831134 0.710391 0.542415 0.744050 1.215587 2.279337 1.441136 0.994953 0.467659 0.267012 -0.017449 -0.166564 
0.883448 0.770650 1.241454 1.411735 1.008933 1.633502 1.496186 0.490725 0.628818 -0.084847 -0.032731 -0.062467 
0.621485 0.622879 1.132706 0.457793 1.663893 2.881438 1.428936 0.699060 0.395311 0.102970 -0.252210 -0.109205 
0.569121 0.615248 0.420939 1.003081 2.058825 2.510404 1.361563 0.735581 0.347313 0.336548 -0.257912 -0.146396 
0.500758 0.563347 1.412799 0.645927 2.238628 1.615359 0.808206 1.266932 0.807129 -0.195320 -0.201333 -0.126372 
1.149764 1.057835 0.320526 0.565406 1.565575 1.198364 1.635250 1.252995 0.449492 -0.145589 -0.293583 -0.116518 
0.830556 0.440242 0.366958 0.439157 2.532160 1.786614 1.016481 0.962158 0.648518 0.016403 -0.230543 -0.179506 
0.888590 0.899447 0.677433 0.248489 1.259031 1.933166 2.071110 1.278962 0.590946 -0.167437 -0.416087 -0.113202 
1.265711 0.219062 -0.190739 0.983037 1.938585 1.246533 2.183607 0.954435 0.627660 -0.085732 -0.288952 -0.153539 
1.028942 0.729704 0.093160 0.442534 2.375028 1.886401 0.885747 1.170850 0.675545 -0.176582 -0.396288 -0.139604 
1.172895 0.612857 -0.098540 0.544827 1.739708 1.839256 2.125898 1.058293 0.168624 -0.003370 -0.416370 -0.119870 
0.746555 0.534328 0.203385 0.688534 2.104162 1.736701 2.190101 1.000722 0.341573 0.060152 -0.400595 -0.148200 
0.767870 0.598684 0.533410 1.862351 1.287739 1.762003 2.194104 0.845861 0.643171 -0.114050 -0.127037 -0.097365 
1.674250 0.549151 1.195226 1.188559 1.379634 1.685354 0.936421 0.625221 0.123604 -0.072270 0.406029 -0.016895 
2.275547 0.612516 1.522100 0.659796 0.938905 0.261930 1.651613 0.944701 0.634172 0.196756 0.097337 -0.009871 
3.405724 0.073535 1.164671 0.509446 1.089282 1.611455 1.354396 0.879523 0.728758 0.196539 0.002863 -0.046612 
4.362627 0.823286 1.000966 1.155980 0.681435 1.291629 0.971286 0.037714 0.428629 0.281398 -0.135758 -0.053770 
5.648577 1.879789 0.537986 1.251232 2.207405 2.803492 1.390721 0.847682 0.501961 -0.310473 -0.171865 0.008258 
2.554905 1.537298 1.280405 1.333591 1.424676 0.897088 1.004307 1.182168 0.842895 0.224764 -0.109443 -0.027084 
3.797908 1.670767 0.566390 0.528220 2.653560 2.621014 1.602118 0.985309 0.955534 0.354698 -0.236267 -0.053236 
3.739541 2.110991 1.484761 1.392617 2.661746 2.665506 1.844658 0.865324 0.083002 0.138546 0.197724 0.086842 
2.851011 1.853520 1.459951 1.460028 1.170544 1.563181 1.274792 0.968316 0.588333 0.331352 0.156018 0.028226 
2.805871 2.094272 1.817661 1.542198 1.440473 1.199511 1.638545 1.149706 0.656308 0.261382 0.091017 0.027873 
2.250846 -0.801514 0.103481 0.530712 0.251489 -0.282517 -0.727569 -0.194096 0.481434 0.147991 -0.065733 -0.232007 
2.722136 0.650078 -0.647013 0.214059 0.726087 -0.150062 0.385165 0.800089 1.663298 -0.201401 0.068488 -0.189043 
3.635428 1.065741 0.485416 -0.473211 1.789831 1.508009 1.610140 0.979195 1.157480 0.871624 0.019426 -0.068029 
4.030977 1.140200 1.342695 -0.032510 1.427661 0.850591 1.065919 2.152177 1.459471 0.701036 0.236191 -0.026650 
3.506963 0.739561 0.966039 0.124645 1.420877 1.502674 0.998246 0.861623 0.763394 0.435650 0.157117 -0.008779 
3.171974 0.901623 1.205132 0.055236 1.037259 1.503747 0.633953 0.736780 0.396665 0.295337 -0.013671 -0.044336 
3.477243 0.948297 1.085631 -0.011473 1.518056 0.897205 0.948668 0.893716 0.361572 0.051035 0.200167 0.010821 
3.637299 0.517436 1.815171 -0.441777 1.125482 0.794095 0.851934 0.609628 0.456634 0.269884 -0.065776 -0.015913 
3.247037 0.776505 2.106376 0.075942 0.541526 -0.305545 -0.693683 -0.024975 0.070788 0.049606 0.151709 0.048841 
3.414906 0.646303 1.373824 -0.578530 1.533927 0.764934 0.247966 0.248745 0.224683 0.206954 -0.127159 -0.077547 
-1.#IND00 -1.#IND00 -1.#IND00 -1.#IND00 -1.#IND00 -1.#IND00 -1.#IND00 -1.#IND00 -1.#IND00 -1.#IND00 -1.#IND00 -1.#IND00 
-1.#IND00 -1.#IND00 -1.#IND00 -1.#IND00 -1.#IND00 -1.#IND00 -1.#IND00 -1.#IND00 -1.#IND00 -1.#IND00 -1.#IND00 -1.#IND00 
