3.579153 0.791305 0.969682 0.035191 1.358239 1.645563 1.070709 1.302832 0.170938 0.414137 0.194005 -0.016622 
3.449602 0.620571 1.294350 -0.618014 1.627466 1.250495 1.496945 1.205214 0.454002 0.691437 0.092833 -0.081284 
3.251294 0.398336 0.719971 -0.752788 1.265577 0.683967 0.452702 0.386071 -0.015595 0.052874 -0.070080 -0.017250 
3.592886 0.252983 1.139040 -0.375600 1.496353 1.314046 0.977581 0.629515 0.069011 0.449941 0.036288 -0.071173 
3.557472 0.275641 0.167996 -1.037999 0.694069 0.722562 0.102859 0.504036 -0.140652 -0.007159 0.216304 0.027405 
3.129170 0.361033 1.510930 0.353625 1.706147 1.094848 0.714898 1.357130 0.570319 0.408526 0.151820 -0.042268 
3.422517 0.670177 1.187461 -0.484165 1.069385 1.796209 1.037912 1.493787 0.383916 0.429351 0.127296 -0.058328 
3.392572 0.499536 0.968565 -0.069972 2.027358 1.280672 1.028692 1.062343 0.493931 -0.027969 0.060752 -0.015834 
3.333134 0.337795 1.102970 -0.294601 0.790741 1.529903 0.820486 1.151595 0.573557 0.161555 0.255969 -0.011207 
3.453975 0.673508 1.050931 -0.552120 1.502140 1.401365 0.820320 1.218702 0.364205 0.170335 0.073147 -0.031981 
3.380227 0.375778 0.944599 -0.376746 1.224758 1.480119 1.325546 0.814096 0.676867 0.072755 0.222611 0.000527 
3.063219 0.445876 0.387264 -0.600309 0.618549 1.503328 0.557144 0.182757 0.334663 0.087155 0.135977 0.034923 
3.280631 0.611188 0.812149 -0.290807 1.277960 1.235162 1.458972 1.338744 0.670618 0.077117 0.249458 0.000638 
3.088807 0.852192 0.830804 0.231701 2.020404 0.271829 1.780670 1.107433 0.607978 0.180968 -0.041755 -0.021747 
1.914134 -0.019124 0.200974 -0.342504 1.823740 1.572054 1.086976 0.574316 0.379113 0.533271 -0.496846 -0.177919 
0.974227 0.800756 1.600830 0.960784 1.414703 0.848596 0.755008 0.917963 0.462009 -0.084911 -0.170193 -0.104028 
0.678143 1.032703 0.809403 0.844032 1.587638 1.124144 1.587341 0.745066 0.461375 -0.058029 -0.241452 -0.128592 
0.993148 0.394376 0.398025 0.946996 2.168459 0.934743 1.201269 0.809902 0.799179 -0.272108 -0.212409 -0.150879 
0.909495 0.643622 0.346943 0.916315 1.644273 1.572720 1.231646 0.620928 0.372639 -0.026663 -0.030335 -0.157557 
1.087589 0.426330 0.508073 0.835844 2.525778 1.262986 0.603418 0.375470 0.515052 0.323216 -0.173989 -0.143575 
1.107420 0.676053 0.843449 0.840520 0.690109 1.631709 1.612904 0.081045 0.821367 0.038068 -0.198123 -0.132216 
0.890259 0.847789 0.813118 1.187756 1.403374 1.335805 1.641433 1.030752 0.477285 -0.237883 -0.219720 -0.077147 
0.833566 0.581854 0.485062 0.921307 1.601368 1.774749 1.527860 1.280002 0.498557 -0.090305 -0.186964 -0.173088 
0.496228 0.717085 0.255911 1.027976 1.224352 3.236773 1.014233 1.534817 0.416044 0.222910 -0.286903 -0.177917 
0.749852 0.502634 0.673603 1.130600 1.899441 1.629095 1.996448 1.386275 0.423335 -0.074587 -0.120804 -0.139655 
0.760179 1.051929 1.152123 1.067357 0.880025 1.519160 1.724280 1.593576 0.345689 -0.262435 -0.135655 -0.077134 
0.869737 0.950495 1.428875 1.788840 1.467589 0.748586 1.105964 1.543618 0.229161 0.058027 0.016515 -0.069561 
1.190385 1.444327 1.411099 0.919826 0.732464 1.504628 0.973232 0.866662 0.582063 -0.021255 0.057054 -0.010935 
1.783667 0.013541 1.781794 1.083432 1.306001 -0.075232 1.591301 0.960722 0.892341 0.250628 -0.084298 0.002661 
4.679078 0.232782 0.829060 0.589072 1.011080 1.262659 1.407796 -0.173391 0.819045 0.239737 0.262104 0.107515 
4.398881 2.284285 1.568686 1.182443 0.454606 0.170315 0.505311 0.722025 0.419702 0.010514 0.152767 0.047655 
4.451821 3.035099 1.250182 0.164670 0.093744 0.545740 0.709568 0.612442 0.242171 0.059297 0.197111 0.051851 
6.371343 3.395816 2.339532 1.367426 2.199964 0.990029 0.427472 0.729374 -0.003105 -0.216610 0.106123 0.095456 
4.561199 3.864539 3.919037 3.491703 2.475094 1.228208 0.563785 0.217594 0.082106 0.154663 0.089233 0.016956 
3.776574 2.963586 2.551324 2.358922 2.434855 1.950556 2.068243 1.736139 1.176133 0.088357 -0.037343 0.033104 
3.919388 2.699019 2.727171 1.980245 2.678679 2.123732 1.144480 0.530980 0.140255 0.403272 0.359933 0.078131 
3.400187 1.910464 1.625958 0.400507 2.051946 2.430307 1.485974 0.922900 0.810942 0.313046 0.373838 0.081247 
1.367218 -0.135921 -0.985215 0.420643 1.032983 0.322786 0.723475 0.056158 0.626079 0.387403 -0.076048 -0.023613 
2.768949 0.221650 0.089434 0.071376 0.179753 0.342092 1.102138 0.427546 0.694960 1.059125 -0.260193 -0.063984 
3.273269 -1.531737 -0.879108 -0.627013 -1.025700 0.087209 1.074943 1.175125 0.977645 0.685808 0.173275 0.050173 
5.156273 -0.607682 -1.147021 -0.928251 -0.331604 -0.931424 -0.955019 2.065977 2.062405 0.902973 0.028589 -0.053969 
4.279710 0.974232 0.588937 -1.172255 0.166727 1.240319 1.067796 1.320624 0.646050 0.980319 0.430805 -0.000531 
3.725683 0.465912 0.722924 -1.347244 1.006781 0.525380 0.083095 0.816395 0.637835 0.566815 0.485443 0.033627 
3.051998 0.429372 0.604872 -0.656352 0.479481 1.091534 1.235933 0.671827 0.491202 0.421154 0.106274 -0.011600 
3.184595 0.248886 0.493916 -1.475427 1.057724 -0.018646 0.273689 0.499413 0.366166 0.140478 0.129453 0.066492 
3.173738 0.473321 1.027357 -0.647432 1.494339 1.520884 1.988564 1.562202 0.361634 0.381015 0.258152 -0.031147 
3.658939 0.422658 1.224574 -0.324884 0.820975 1.637730 1.071463 1.399805 -0.173832 0.576638 0.384223 -0.030547 
3.374751 -0.113817 0.906676 -0.579634 1.061275 0.689231 0.583255 0.720745 -0.400189 -0.067354 0.260114 0.031850 
-1.#IND00 -1.#IND00 -1.#IND00 -1.#IND00 -1.#IND00 -1.#IND00 -1.#IND00 -1.#IND00 -1.#IND00 -1.#IND00 -1.#IND00 -1.#IND00 
-1.#IND00 -1.#IND00 -1.#IND00 -1.#IND00 -1.#IND00 -1.#IND00 -1.#IND00 -1.#IND00 -1.#IND00 -1.#IND00 -1.#IND00 -1.#IND00 
