3.584585 0.440836 1.055050 -0.772116 0.953733 0.891034 0.981456 0.687185 0.057582 0.189142 0.092770 0.015623 
3.512738 -0.003553 1.070421 -1.011863 -0.347824 0.049416 0.978159 1.411165 -0.053881 0.908777 0.367543 -0.083953 
3.481486 0.518965 0.635298 -0.500192 1.298699 1.291130 0.739228 0.826848 0.792164 0.134962 0.215655 0.006539 
3.487896 0.317591 1.017959 -0.759262 0.960005 0.171851 1.350967 0.492252 0.048014 -0.064920 0.140848 0.069082 
3.207711 0.121822 0.944832 -0.604908 0.473825 0.709787 0.337126 0.062292 0.394147 0.174898 0.144277 0.033097 
3.547815 0.551879 1.738466 -0.631030 1.335902 0.917333 0.524906 1.138030 0.417910 0.542552 0.072555 -0.054700 
3.207588 0.389003 0.949218 -1.138892 0.480336 0.959853 0.499811 0.569361 0.283781 0.480055 0.095027 -0.036861 
3.467138 0.199756 0.513713 -0.704450 0.643101 0.591637 0.505270 0.109250 0.394215 0.454318 0.230664 0.033450 
3.351606 0.875373 0.748549 -1.487646 0.796799 0.044665 0.439947 0.153697 0.070659 0.263568 -0.084374 -0.028691 
3.406212 0.326330 1.121213 -0.307909 0.499421 0.825812 0.934348 1.097983 0.250118 0.412242 0.119756 -0.029600 
3.412522 0.369733 1.033245 -0.864884 1.284328 0.047350 0.368147 0.836202 -0.018703 0.546781 0.224158 -0.002594 
3.264292 0.119943 0.587942 -1.020067 0.371958 0.940693 0.430200 0.963227 0.302934 -0.073624 0.023377 -0.014955 
3.005319 0.636727 0.463798 -1.321436 0.590812 0.525046 0.828240 0.246760 0.444167 0.407273 0.026634 0.054837 
3.401108 0.482899 0.560733 -0.673116 1.030928 0.880379 1.161254 0.947617 0.169980 0.009356 0.189174 0.035401 
3.205046 0.082942 1.213827 -0.231435 0.792617 0.312223 0.956020 1.080469 0.471015 0.298933 -0.242391 -0.036032 
2.227551 0.126592 0.242719 0.881965 1.361901 1.940646 1.717604 0.731246 -0.175220 0.176911 -0.253422 -0.061997 
0.995801 0.743112 0.572005 0.841532 1.343856 2.620788 1.355166 1.310744 0.344560 0.102713 -0.127511 -0.144467 
1.108661 0.772330 0.074579 0.907618 2.269899 1.727490 1.168778 0.471746 0.801069 0.316063 -0.354716 -0.089667 
1.170926 0.629407 0.440268 1.074751 1.912764 1.171698 1.289145 0.295772 0.874730 0.326106 -0.325960 -0.088802 
1.080117 0.659848 0.063004 1.173647 1.923660 1.568747 1.765086 0.223009 0.828593 0.256868 -0.238606 -0.160052 
0.753460 0.927450 0.343570 0.827024 2.178045 1.633602 1.620616 0.611185 0.770773 0.006249 -0.330135 -0.110353 
0.882294 0.863585 -0.314473 0.880661 2.223853 2.373589 0.679872 0.777030 0.852117 0.003543 -0.329172 -0.141099 
0.846130 0.720210 0.554886 0.432660 1.656786 1.582609 1.890694 0.439878 0.606647 -0.058918 -0.205955 -0.165435 
1.065125 0.185060 0.398445 1.147597 1.936300 1.049301 2.237779 0.760083 0.571769 0.108445 -0.278641 -0.108748 
0.815951 0.618454 0.678784 0.944643 1.412752 2.288940 0.425615 0.886949 0.607351 0.184827 -0.276109 -0.133138 
0.774994 1.369354 0.626815 1.219825 1.566113 1.383592 1.549689 0.709211 0.596031 -0.212456 -0.298889 -0.021956 
0.972378 1.072864 0.582868 1.257169 1.163162 1.882880 1.360456 1.103419 0.406156 0.012110 -0.061822 -0.102410 
1.489368 1.434945 1.214706 1.268247 0.890918 0.722205 1.132901 0.536081 0.873101 0.097322 0.162872 -0.031501 
2.716032 0.287468 1.055856 1.132919 0.624994 2.222011 0.758070 1.223609 0.204187 0.194809 0.036531 -0.004318 
3.062938 0.402341 1.446801 0.957727 0.846815 0.919064 0.737425 1.104815 0.063647 0.161973 0.238160 0.003626 
4.578813 0.001853 1.200109 0.252727 1.424203 0.153166 1.693994 0.270003 0.405989 0.362090 -0.076744 0.019394 
5.918730 1.803674 1.347345 0.679766 0.938015 0.430599 -0.713761 1.114153 0.049553 -0.200412 0.083661 0.041340 
3.977507 3.370466 2.390445 1.320693 0.580553 0.355248 0.449993 0.490372 0.573976 0.499737 0.326545 0.080341 
2.608673 2.021215 1.876964 1.717290 1.122734 0.782080 0.590145 0.340210 -0.040363 -0.085632 -0.076546 -0.010789 
3.900478 2.068895 2.292482 1.526313 2.272607 2.579093 1.894751 1.228073 0.684521 0.481250 0.042944 0.045341 
3.805374 2.043952 2.099694 0.937016 2.358105 2.137242 2.320188 1.132459 0.964412 0.721813 0.006916 0.048403 
3.729917 1.670885 1.481465 0.595717 2.252661 1.921311 1.743796 1.102810 1.010862 0.273507 0.215122 0.064600 
1.976891 -0.004043 -1.593349 0.982790 0.550633 -0.383756 1.458857 0.679811 -0.790111 -0.225861 -0.628726 0.029889 
1.772742 0.623305 -0.229834 -0.164925 -0.766878 0.499685 1.816607 1.536539 0.482571 0.520367 0.028440 -0.064139 
4.690255 -0.743993 -0.625747 0.289639 -0.653346 0.252930 2.842641 1.629085 1.317024 -0.108548 -0.002047 0.007982 
3.427349 0.510604 0.630358 -1.103862 0.361273 1.283104 1.052272 0.932638 0.520492 0.271839 0.173708 -0.066328 
3.080115 0.283301 0.708123 -0.699265 1.327153 1.330174 1.666765 0.806944 0.147367 0.033182 -0.167728 -0.040875 
3.078532 0.258262 0.907381 -0.881966 0.310124 0.967345 0.437321 0.708830 0.296455 0.310633 -0.083825 -0.057339 
3.399071 0.391668 0.623521 -0.321099 1.429358 1.100414 1.340732 0.450829 0.456561 0.162044 0.039880 0.015084 
3.198101 0.685400 0.553709 -1.315097 0.955629 0.963083 0.867623 0.462064 0.111241 0.444927 0.008964 -0.049936 
3.506224 0.119198 1.147001 -0.084239 0.556152 1.054498 0.618298 0.683167 0.464846 0.491980 0.143572 -0.031713 
2.917437 0.367504 0.583284 -0.779430 0.939954 0.461861 0.541328 0.937620 0.475058 0.236936 0.052840 -0.038653 
3.280538 0.308885 0.424390 -0.492357 1.268478 0.514840 0.774532 0.507609 0.172708 0.062230 0.135793 0.013713 
-1.#IND00 -1.#IND00 -1.#IND00 -1.#IND00 -1.#IND00 -1.#IND00 -1.#IND00 -1.#IND00 -1.#IND00 -1.#IND00 -1.#IND00 -1.#IND00 
-1.#IND00 -1.#IND00 -1.#IND00 -1.#IND00 -1.#IND00 -1.#IND00 -1.#IND00 -1.#IND00 -1.#IND00 -1.#IND00 -1.#IND00 -1.#IND00 
