3.266899 -0.097509 0.753402 -0.465881 1.195630 0.406117 -0.184727 0.101663 0.361474 0.132229 0.089935 0.064502 
3.065565 0.632864 0.780039 -0.732830 1.758306 0.201883 0.228922 0.000731 -0.117971 0.567842 0.264934 0.018740 
3.336806 0.227012 1.185406 -0.873185 0.824340 0.840045 0.368693 0.658079 0.148626 0.180097 0.200312 0.000021 
2.942502 0.187378 -0.126325 -1.241462 0.066413 -0.070873 -0.381155 0.698222 0.213983 -0.216187 0.165342 -0.036585 
3.089980 0.391039 0.720463 -0.770600 1.832860 0.910317 0.539574 0.603055 0.464356 0.406702 0.055444 -0.040688 
3.171169 0.037715 0.977557 -0.555972 0.936614 1.142564 1.056774 0.010128 0.713924 0.430767 -0.031536 0.015831 
3.190710 0.703370 0.231434 -0.618492 1.409917 0.342845 0.467777 1.155373 0.346752 0.382784 0.295524 0.005246 
3.018807 0.206779 0.390486 -0.496720 0.781568 1.287053 0.978112 0.925607 0.700191 0.282961 0.003216 -0.018795 
3.163419 0.184396 1.360168 -0.801416 1.727421 0.842485 -0.028477 0.676783 0.328493 0.342088 -0.003662 -0.038226 
3.087922 0.601049 1.077486 -0.822731 1.561842 1.387032 0.871937 0.920035 0.456993 0.360764 0.011165 -0.015899 
2.962038 0.409809 1.146504 -0.237599 1.541214 1.232596 0.442921 0.915398 0.351525 0.210614 0.151101 0.013865 
3.148899 0.499981 0.894877 -0.408749 0.824689 0.631197 0.658187 0.646107 0.241955 0.074230 -0.034663 0.023355 
3.452436 0.280820 0.653962 -1.071424 0.735744 1.103554 0.459353 0.808168 0.227169 0.243377 0.007431 -0.014846 
3.123136 0.582059 0.859483 -0.106314 1.502919 0.692805 1.074211 1.358697 0.130370 0.204641 0.255282 -0.000053 
3.383614 0.223564 0.855133 0.174417 1.212041 0.802231 0.383048 1.748578 0.427680 0.318738 0.217992 -0.049912 
1.550214 0.230524 0.660627 1.253583 2.552927 0.718271 1.730362 1.564101 0.312931 0.197126 -0.267716 0.001101 
0.807708 0.748565 0.515201 1.131420 1.135975 2.062487 1.267108 0.583152 1.104206 0.009446 -0.111929 -0.131325 
1.251888 0.505836 0.356392 1.241242 1.687701 0.775474 0.984968 0.914637 0.379315 0.082222 -0.024991 -0.123044 
0.916338 0.578105 0.440249 0.973301 1.908206 1.580759 1.482562 1.017793 0.238556 0.248888 -0.033471 -0.199801 
1.323691 0.446511 0.217379 1.155539 2.145199 1.229488 1.635478 0.457402 0.634891 -0.038765 -0.054520 -0.146525 
0.610745 0.426816 0.229818 0.826313 2.097786 2.312197 1.065099 1.059188 0.315089 -0.007455 -0.292590 -0.169674 
1.198013 0.123519 0.288254 0.905953 1.551860 1.243579 1.461868 0.749848 0.451192 0.083954 -0.248339 -0.210605 
1.004964 0.533476 -0.018362 0.717935 1.794552 1.546163 1.097783 1.158788 0.508903 -0.382515 -0.133428 -0.192298 
0.894572 0.167578 0.135176 1.259970 1.501873 2.321576 1.072891 0.721196 0.936434 0.135636 -0.336000 -0.208792 
0.841326 0.324325 0.492186 1.001662 1.282749 2.314989 1.234027 1.453053 0.840255 -0.172252 -0.420059 -0.146982 
0.977179 -0.031111 0.859582 0.632091 1.671725 2.172957 1.584065 0.732867 0.777264 0.030137 -0.312634 -0.168425 
0.882357 0.698268 0.689542 0.686953 1.559149 2.200671 1.379524 1.051017 0.296617 0.147850 -0.353540 -0.090535 
0.535657 1.022973 0.834892 0.826732 1.282086 1.905060 1.801290 1.056575 0.766106 -0.204594 -0.312653 -0.091896 
1.182075 1.334848 0.824362 0.995257 0.762433 2.203885 1.938732 0.302358 0.737365 -0.137413 -0.257070 0.035186 
1.815957 0.560534 1.023666 0.761353 1.761175 1.280883 1.064931 0.970037 0.264368 -0.243791 0.183336 -0.006837 
3.525469 -0.007930 1.692231 0.504336 0.415795 1.064443 0.632493 -0.054472 0.563813 0.420658 0.193157 0.016785 
4.797308 0.173387 1.149658 1.148268 0.375527 1.688239 1.202016 0.233749 0.211193 0.032900 0.026073 0.033779 
4.813353 0.316684 1.396286 1.473389 1.465769 0.377246 0.622497 -0.141217 0.126281 0.161406 0.068588 0.019738 
7.853056 0.717625 1.191392 1.175763 2.228243 0.663528 0.848554 1.031386 0.690225 0.202725 -0.064564 0.018051 
4.457491 3.317996 2.446675 2.375468 2.507758 2.113311 1.749539 1.363350 0.351856 -0.298164 0.057272 0.022426 
3.659356 2.433628 2.412256 2.532330 3.244498 2.598347 1.159546 1.193426 0.849677 0.470651 -0.007340 0.037508 
3.713321 1.999767 2.613097 2.260156 2.645604 2.667417 1.422200 1.171925 0.911151 0.557051 -0.007813 0.045907 
3.780826 2.410721 2.346484 1.581206 1.437310 1.437816 0.939481 0.991774 0.586595 0.593500 0.291193 0.062201 
2.721720 -0.424604 -2.050806 0.213667 0.025106 -1.215191 0.906544 -0.296028 -0.141740 0.075039 -0.022244 0.011162 
1.398148 0.185321 0.321353 0.058987 1.186438 0.360891 1.077920 0.972330 0.413769 0.485292 -0.238334 -0.053351 
2.941725 -0.397142 0.685338 -0.220819 0.253413 -0.234618 1.146111 1.703705 1.402490 0.288928 -0.216376 -0.050278 
3.650617 0.326352 -0.111803 -0.019406 -0.899663 -0.853951 2.414668 0.925259 0.074601 0.313188 0.028010 -0.094026 
4.726899 0.001557 1.192841 -1.226998 -0.486591 0.028315 2.730442 0.669568 -0.029152 1.003892 0.263202 -0.076578 
3.535145 0.981496 0.543456 -1.366947 1.219322 1.793773 0.768472 0.632827 0.465593 0.093541 0.192234 0.029323 
3.737371 0.745857 1.318466 -0.062977 1.674483 0.741925 0.627633 0.970180 0.398779 0.396594 0.142392 -0.003995 
3.315729 0.471734 0.699054 -0.620219 0.541530 1.503248 0.526322 1.011548 0.796582 0.508300 0.137726 -0.035170 
3.215084 0.353917 1.164104 -0.651671 0.882644 1.744166 0.883667 0.609845 0.463100 0.433383 0.130170 -0.027738 
3.340643 0.505474 0.843804 -0.560127 1.657145 0.841724 0.418734 1.144626 0.218162 0.342441 0.184275 -0.001760 
-1.#IND00 -1.#IND00 -1.#IND00 -1.#IND00 -1.#IND00 -1.#IND00 -1.#IND00 -1.#IND00 -1.#IND00 -1.#IND00 -1.#IND00 -1.#IND00 
-1.#IND00 -1.#IND00 -1.#IND00 -1.#IND00 -1.#IND00 -1.#IND00 -1.#IND00 -1.#IND00 -1.#IND00 -1.#IND00 -1.#IND00 -1.#IND00 
