3.330489 0.400002 1.134008 -0.548121 1.761124 1.183312 0.130352 1.041673 -0.137035 0.448467 0.299240 -0.027211 
3.232044 0.596738 1.142496 -0.869138 0.838756 1.346156 1.773771 0.921691 0.476629 -0.062612 0.159770 0.029674 
3.592724 0.424919 0.105633 -0.675930 1.121876 1.741120 0.412813 0.122762 0.253506 0.147413 0.123869 0.014000 
3.511691 0.725739 1.294988 -0.842990 1.212080 1.200439 1.176275 1.373745 0.307653 0.364358 -0.003569 -0.059926 
3.203809 0.148753 0.757173 -0.958880 0.471455 0.889625 0.661683 0.329188 0.558988 -0.070256 0.060921 0.079119 
3.502693 0.348828 0.798644 -1.120726 1.242128 1.427358 1.176401 1.158581 0.267904 0.308153 0.145939 -0.046303 
3.397732 0.356273 0.320159 -0.704494 1.060400 0.078136 -0.113683 0.588478 0.363781 -0.244401 -0.012910 -0.007358 
3.273514 0.438678 1.347229 0.067607 0.645779 0.634207 0.354105 0.592168 0.709701 0.195291 0.113739 0.015297 
3.467083 0.495006 1.093517 -0.592765 0.203184 1.138950 0.901941 0.958415 0.067603 0.270649 -0.127048 -0.059234 
2.948784 0.559778 0.923184 -0.786860 1.317870 1.680254 1.115579 0.891333 0.543471 0.040162 -0.093952 -0.017302 
3.285463 0.448457 1.247476 0.299685 1.294137 1.556007 0.995298 1.057158 -0.135212 0.763971 0.400709 -0.011440 
3.444582 0.699709 0.792197 0.124754 1.353649 1.907294 0.888555 0.659740 0.342484 0.344041 0.022711 0.000471 
3.107078 0.265318 0.206056 -0.629644 0.882317 0.444689 0.624545 0.572013 0.565889 0.329147 0.159928 0.024027 
3.291687 0.274189 1.163977 -0.872702 0.934508 0.610861 0.151198 0.536461 0.350246 0.599062 0.013023 -0.064076 
1.498818 -0.909581 -0.363698 -0.061480 1.794756 2.629683 0.476328 1.127024 0.772900 -0.066689 -0.328525 -0.236290 
0.847034 1.092232 0.112040 1.140495 1.478383 1.766998 1.805733 1.141047 0.238058 0.167451 -0.195309 -0.107939 
1.015884 1.070914 0.809662 1.052868 0.668412 1.290521 1.566880 0.996547 0.227725 -0.015485 -0.287963 -0.070751 
0.632689 1.282874 0.252241 1.050167 1.563530 1.669311 0.816155 1.360122 0.107322 -0.291523 -0.140959 -0.073880 
0.818642 1.069885 0.595959 0.167327 1.627011 2.041950 1.284425 0.191112 0.806908 0.197893 -0.589502 -0.071660 
1.017584 0.379422 0.491448 0.692493 1.031064 1.748348 1.564656 0.706448 0.186135 -0.304993 -0.307230 -0.115935 
1.075854 0.468925 0.021996 0.773955 1.678713 1.691606 1.088157 0.534988 0.277776 -0.122447 -0.181670 -0.126893 
0.949703 0.608445 0.085875 0.883328 2.291670 1.261395 1.634982 0.960194 -0.163546 -0.065722 -0.028055 -0.126694 
1.081494 0.525604 0.003396 0.749580 1.291020 2.103029 1.656810 1.174693 0.437343 -0.241688 -0.100602 -0.191880 
0.632129 0.794687 0.953243 0.486267 1.512946 0.972809 1.881146 0.981442 0.784919 -0.318858 -0.180298 -0.130608 
1.106832 0.563248 0.170529 0.853907 1.886776 1.964888 1.206012 0.872556 0.538133 0.018593 -0.375632 -0.088688 
0.826127 0.516610 0.698803 0.547085 1.987876 2.322841 1.288884 1.227699 0.591751 -0.595743 -0.289309 -0.036929 
0.998872 1.111423 0.227781 0.631707 1.438738 2.556623 1.563641 0.873582 0.936849 -0.079168 -0.385080 -0.068680 
0.836707 1.182415 1.090330 0.797657 1.432527 1.407301 1.353880 1.826663 0.115911 -0.071873 -0.060565 -0.030463 
1.490064 0.288988 1.747492 0.543279 1.834136 0.665158 1.223437 1.527166 0.582372 -0.354650 0.086728 -0.001384 
2.032266 0.444780 0.856496 1.302468 0.888493 2.018759 0.405127 1.469163 0.278390 0.913352 -0.107398 -0.079533 
3.886302 0.080565 1.540390 1.331513 0.470797 0.312737 1.092734 0.592828 0.718547 0.080281 0.026154 0.010360 
3.674307 1.164788 0.759180 0.539965 1.110893 1.532764 1.296043 0.400520 0.829057 0.379281 0.006298 -0.018802 
6.646291 -0.486548 1.380206 0.388444 1.677360 0.831907 0.242732 0.974398 0.491983 0.153811 0.195531 0.063991 
5.322335 3.668902 2.424632 1.858387 1.671547 1.328736 1.487030 1.155700 0.066630 -0.400437 0.125572 0.073486 
3.434355 2.844669 2.415070 1.712569 1.395935 1.473670 1.638635 1.382739 0.752869 0.233816 0.039996 0.026115 
2.822135 2.292746 1.923512 1.430606 1.323979 1.621007 1.515710 1.116310 0.623743 0.303046 0.036083 0.031213 
3.899751 2.070107 1.745687 1.643125 2.231773 1.798273 1.655384 1.072833 0.267195 0.468112 0.235032 0.064361 
3.091291 1.859097 2.115653 1.511610 1.987347 1.597415 1.014390 1.319281 0.817290 0.557289 0.351598 0.053962 
4.105471 0.439286 -0.339818 -0.020178 1.486129 1.757699 1.291959 -0.064870 0.195206 0.353845 0.031148 -0.021890 
2.358594 -0.567874 0.838420 -0.773162 0.662007 1.267547 0.748749 -0.402964 0.612814 0.549032 0.202521 -0.082003 
5.576834 -1.155859 0.961853 -1.032669 -0.139980 0.397827 0.241183 1.943800 1.037540 0.084261 0.152816 -0.014070 
3.703565 0.817565 0.254333 -1.139989 0.509035 0.428511 0.747829 0.743733 0.556750 0.422017 0.213130 0.024545 
3.392903 0.588007 0.811229 -1.394233 0.181238 0.270516 1.146376 0.705872 0.318766 0.525487 0.066090 -0.012468 
3.363183 0.075569 1.191321 -1.259786 0.586873 0.551988 0.473277 0.453200 0.289204 0.459969 0.184048 0.014435 
3.070396 0.125382 0.747172 -0.849386 1.531841 1.504384 0.297838 0.679430 0.344673 0.287404 0.043486 -0.050405 
3.373369 0.394213 0.900637 -0.098080 1.311443 1.218617 0.803555 0.891844 0.473760 0.489467 0.319514 0.004208 
3.047888 0.639250 0.700418 -0.717487 0.598788 0.351545 0.866829 0.427800 0.670027 -0.158820 0.299026 0.059997 
3.151361 0.391163 0.334731 -0.725632 1.022671 0.789171 0.610446 0.964467 0.173700 0.186026 0.075362 -0.046869 
-1.#IND00 -1.#IND00 -1.#IND00 -1.#IND00 -1.#IND00 -1.#IND00 -1.#IND00 -1.#IND00 -1.#IND00 -1.#IND00 -1.#IND00 -1.#IND00 
-1.#IND00 -1.#IND00 -1.#IND00 -1.#IND00 -1.#IND00 -1.#IND00 -1.#IND00 -1.#IND00 -1.#IND00 -1.#IND00 -1.#IND00 -1.#IND00 
