3.317178 0.430318 0.842325 -1.301708 1.429063 0.704408 0.599063 0.318006 0.374638 0.005102 0.196096 0.054819 
3.169983 0.273932 1.071094 -0.808333 0.817142 0.410183 0.831054 0.568159 -0.022903 0.062016 0.018427 -0.013763 
3.088731 0.347389 0.751653 -0.287689 1.271533 1.612211 0.833710 0.604860 0.148423 0.236270 0.070810 0.004096 
2.896504 0.343968 0.757348 -1.246297 0.572534 0.088371 0.252700 0.629888 0.127205 0.201431 0.042637 -0.023340 
3.115237 0.465707 1.397274 -0.346998 0.589872 0.205023 0.947812 0.261137 0.452929 0.511846 0.006628 -0.010174 
3.008568 0.405887 1.234981 -0.230126 0.862213 1.354085 1.377072 0.689959 0.314219 0.032322 0.146482 0.042549 
3.196712 0.604265 1.047737 0.081064 1.401207 0.629907 0.513921 0.314587 0.101955 0.376710 0.172960 0.040752 
3.087709 0.337984 0.732344 -0.853897 0.472496 0.620500 0.820736 0.887218 0.384512 -0.120416 -0.085584 -0.023576 
3.071015 0.225366 0.973160 -1.192491 1.044085 0.309876 0.495969 0.200160 0.199847 0.614874 0.061282 0.007916 
3.275765 0.700149 1.456548 -0.120903 0.922505 1.244307 0.243109 0.795862 0.684418 0.710052 0.310445 -0.020408 
3.170792 0.993999 1.540204 -0.584082 0.946863 1.424702 0.738224 0.770648 0.042262 0.327797 0.275552 0.027887 
3.330886 0.570441 1.487743 -0.085614 1.285719 1.461457 1.224301 0.389469 0.628913 0.489560 0.001467 -0.005823 
3.520849 0.256185 0.618739 -0.040869 1.356291 2.004769 1.383664 0.782459 0.020173 0.275802 0.162697 -0.000519 
3.346471 0.435734 1.114694 -1.650965 1.319896 0.721885 0.138340 0.668207 -0.109058 0.233237 0.160323 0.012998 
3.323953 0.493737 0.582347 -0.664652 1.488933 1.055899 0.670966 0.636268 0.311716 0.309457 0.068412 -0.027684 
2.954071 0.716371 0.773098 -0.828619 1.545387 1.625511 1.332584 0.957250 0.484464 0.074486 0.350362 0.021603 
3.284227 0.403545 1.058047 -0.880739 1.701303 1.463871 0.307180 0.867137 0.272363 0.533966 0.189996 -0.032070 
3.182374 0.662986 1.627094 -0.490776 0.565368 1.319160 0.603446 0.547172 0.068124 0.200953 -0.010264 0.014892 
3.056811 0.632270 0.588419 -0.814105 1.032105 0.649309 0.407311 0.471870 1.129276 0.329955 0.156542 -0.014440 
1.159909 0.555452 0.862494 -0.517228 0.846894 2.428347 1.854347 0.323579 1.034696 -0.538972 0.073150 -0.033329 
1.013030 0.400274 -0.140338 1.405862 1.563573 1.550360 1.734728 0.275160 0.910563 0.086810 -0.383200 -0.121684 
0.925658 0.394574 0.484802 1.245988 1.555972 1.335942 1.809648 1.556807 0.084483 0.084028 -0.376212 -0.084233 
0.808436 1.130253 0.388519 1.466181 1.275609 2.044648 0.926645 1.182304 0.785471 -0.595811 -0.147873 -0.081400 
1.268531 0.534752 0.763966 0.743421 1.278878 1.753219 0.742537 1.577526 0.414981 -0.046051 -0.142762 -0.138389 
1.104712 0.695406 0.574601 0.791469 1.933751 1.375180 1.082376 0.999660 0.256593 0.157964 0.053881 -0.171516 
0.620598 0.664882 0.804655 1.265089 2.381782 1.619018 1.098879 1.031296 0.326936 -0.060732 -0.147096 -0.066825 
0.884868 0.377454 0.576502 1.320261 2.025960 1.064483 1.728152 1.042390 0.813449 -0.130144 -0.461302 -0.082127 
1.175865 0.531343 0.139872 0.908254 1.701370 1.168884 2.437128 1.068421 -0.083277 -0.222199 -0.149715 -0.133606 
1.079338 0.378486 0.053849 1.193948 1.127848 2.061047 1.653051 0.861893 0.704070 -0.317351 -0.412782 -0.125931 
1.158639 0.189014 0.916033 0.606717 1.726878 1.668427 1.443592 1.042127 0.256565 0.208737 -0.228062 -0.151813 
0.268268 1.313150 0.503233 1.195723 1.428039 2.346570 1.161819 2.219445 0.669804 -0.006684 -0.230501 -0.071152 
1.597282 0.934161 1.232154 1.309231 0.692999 0.870843 0.774764 0.951667 1.092129 -0.221026 0.025180 -0.062244 
3.088053 0.384485 0.934452 1.344631 0.992652 0.477533 0.470144 0.948823 0.252284 0.382074 0.241136 0.010737 
3.197755 1.021280 0.380999 1.183376 1.331273 1.563546 1.800226 0.510458 0.834505 -0.027905 -0.115043 -0.036424 
4.380728 0.807962 1.456262 2.060658 1.189203 0.440575 0.626938 0.436256 -0.152286 0.362741 0.012603 -0.057596 
4.964861 1.814104 0.961614 1.404238 1.035758 0.348802 0.211377 0.442417 -0.050060 -0.218712 0.180342 0.094767 
5.054874 2.564326 0.250543 1.192719 2.431718 2.268095 2.426398 1.124324 0.472684 0.120302 -0.162854 -0.028484 
4.253911 2.274628 1.380238 0.574657 2.016334 3.115579 2.123040 1.679001 0.529867 -0.015891 -0.026504 0.036567 
4.349214 3.282225 2.726211 1.372036 2.435492 2.047033 2.250280 2.092329 0.616346 0.056205 -0.028708 -0.004378 
3.612729 1.631761 2.229000 0.958908 2.436027 1.560533 1.983477 1.062379 0.706291 0.509195 -0.021174 0.031054 
3.684668 1.262367 1.732072 -0.238986 1.500006 1.972253 1.397132 1.211224 0.772766 0.255940 0.323966 0.049283 
1.774024 0.372100 -0.112146 1.705431 -1.047252 0.487834 0.464104 0.069623 -0.054175 -0.329321 -0.530495 -0.019455 
2.149135 0.044201 0.020083 0.294804 -0.540426 0.826671 0.886498 1.332293 0.542141 0.399920 -0.161678 -0.015768 
2.055884 0.560416 -0.368866 -0.600867 -0.504006 -0.022031 0.904586 0.547602 1.371098 0.235884 0.092183 -0.049044 
2.992720 0.988190 -0.812275 -0.436999 -0.952546 0.465098 1.397854 0.370632 -0.147043 0.905383 -0.022961 0.044559 
4.646468 -0.585295 -0.425210 -0.603283 0.507418 -0.768080 -0.222284 0.452665 1.185178 0.847579 0.127568 -0.009453 
4.341171 0.903868 -0.481390 -1.104375 0.156995 -0.386426 -0.786135 0.611131 1.758637 1.055852 0.183779 -0.050676 
3.566080 0.256256 0.845168 -1.365729 0.895175 0.825382 0.838737 0.916140 0.691078 0.286326 0.184762 0.003546 
-1.#IND00 -1.#IND00 -1.#IND00 -1.#IND00 -1.#IND00 -1.#IND00 -1.#IND00 -1.#IND00 -1.#IND00 -1.#IND00 -1.#IND00 -1.#IND00 
-1.#IND00 -1.#IND00 -1.#IND00 -1.#IND00 -1.#IND00 -1.#IND00 -1.#IND00 -1.#IND00 -1.#IND00 -1.#IND00 -1.#IND00 -1.#IND00 
