0.027221 0.113993 -0.558889 -0.101168 -0.170139 -0.278026 -0.002423 0.103388 -0.287118 0.120829 -0.037441 0.026009 
-0.048171 0.455816 0.085134 0.128988 -0.242263 0.794901 -0.157661 0.071513 0.291437 0.150847 0.073271 0.016405 
-0.092328 0.287171 0.042372 0.204969 -0.683250 -0.382673 -0.393797 -0.259911 0.597799 0.194060 -0.008221 -0.094306 
0.283645 0.029734 0.215701 0.485195 0.193946 0.047130 0.646471 -0.605016 0.476285 0.396247 0.120368 0.093404 
0.191924 -0.194698 0.243227 -0.377231 0.178323 0.034971 0.202440 -0.369370 0.383717 0.083437 0.260098 0.022978 
-0.169363 0.245756 0.218569 0.094744 0.203612 0.313439 0.244046 0.241179 -0.246694 0.057229 -0.093903 0.106018 
0.013863 0.091869 -0.014843 -0.463151 0.147947 -0.036357 -0.300360 0.044300 -0.047479 0.273466 -0.165356 0.009743 
0.082301 -0.159726 -0.176461 0.429054 0.260664 0.163001 0.357458 0.152419 0.226539 -0.214963 0.327274 -0.038438 
3.392482 0.664492 1.246212 -0.771639 1.225003 0.936626 0.503934 1.168196 0.462968 0.507590 0.077605 -0.042092 
3.137520 0.774443 1.265938 -0.602040 0.760812 0.609023 0.460643 1.047979 0.248788 0.055854 0.194373 0.005442 
3.256424 0.530921 1.000064 -0.571368 0.190154 0.638527 0.943838 0.776546 0.545130 0.646887 0.038171 -0.038449 
3.158432 0.362385 0.461454 -1.346454 1.021670 0.432340 0.363910 0.483922 0.092561 0.064753 0.076099 0.037429 
3.265048 0.312454 1.431943 -0.059263 0.689234 1.193482 1.360083 0.622678 0.879545 0.663839 0.109369 -0.029808 
3.211167 0.757978 0.695727 -0.686820 0.949391 0.698798 0.754290 0.301155 0.106253 0.390605 -0.109820 -0.045910 
3.175640 0.098259 0.363353 -0.443097 0.799017 0.949318 0.193650 0.578436 -0.109700 -0.063703 -0.025025 0.005700 
2.821628 0.326314 -0.016916 -1.145555 0.581711 1.490164 0.144047 0.824721 0.650723 0.293043 0.204380 0.017769 
3.221881 -0.023877 0.855929 -0.054958 1.021791 0.528585 1.611752 0.521122 0.389105 0.312623 0.038425 0.002597 
3.317016 0.570938 0.855292 -0.597863 1.019034 0.565957 1.380947 0.885925 0.200202 0.813671 0.055785 -0.053981 
3.530174 0.518583 0.521565 -0.712967 1.054916 1.227690 0.075238 1.544708 -0.450825 0.225458 0.199659 -0.006348 
2.814508 -0.571902 0.473785 -0.825366 1.523117 0.035803 0.538645 0.466515 0.030096 0.221215 -0.262131 -0.035295 
1.160451 -0.337406 -0.386903 0.442626 0.276450 2.435079 1.643877 0.803673 0.376080 -0.547311 -0.090000 -0.093407 
0.953121 0.962117 1.081768 1.285321 1.140760 1.261119 0.769080 0.607204 1.072069 -0.016590 -0.080075 -0.125514 
0.975495 0.507381 0.853355 1.265965 1.511886 1.433724 0.994271 0.710513 0.760589 -0.154110 -0.090798 -0.160833 
0.806026 0.568792 1.118213 1.327255 1.229587 1.981839 1.306169 1.122593 0.480491 0.074048 -0.329329 -0.098904 
0.867121 1.241511 0.762276 0.862443 1.327064 1.318225 1.648566 0.975644 -0.187932 0.203812 -0.269918 -0.070018 
0.883243 0.467120 1.087233 0.839798 1.740408 2.153451 0.628332 1.274694 0.309422 -0.057254 -0.162412 -0.128898 
0.821543 0.712651 0.463668 1.057771 1.995017 1.801376 1.538008 1.005590 0.247898 0.075454 -0.396063 -0.084079 
1.165635 0.659861 0.540894 0.389264 1.841926 1.514033 0.795885 1.242773 0.368528 -0.151480 -0.478511 -0.063245 
0.971634 0.630496 0.392509 0.779602 1.017991 1.894016 1.610105 0.811350 0.551044 -0.227595 -0.354978 -0.115921 
0.827106 0.316108 -0.014118 1.697783 1.882762 1.140777 2.044600 1.235276 0.228546 0.263457 -0.178698 -0.194866 
0.997640 0.655131 0.888430 0.747851 1.253200 1.484101 1.982563 1.518790 0.535269 -0.268819 -0.253151 -0.087427 
1.001586 0.712317 1.189082 1.094894 1.193190 1.880786 1.304673 0.330615 0.237584 0.203230 0.060752 -0.072194 
1.551870 0.789630 1.080592 0.914574 0.964115 1.339025 1.251898 1.524632 0.423898 0.191166 -0.079989 -0.027260 
1.658927 0.567792 1.170285 1.660451 1.307830 0.953258 1.114440 1.755993 -0.167430 0.329393 0.044191 -0.038592 
3.340643 0.408168 0.705983 0.725200 1.145981 1.544514 1.318821 0.566043 0.586454 -0.051000 0.052218 0.000892 
4.278775 0.203368 1.109333 0.918047 1.386958 0.170736 0.538640 0.422581 1.007843 0.202991 -0.061345 0.022394 
4.784600 2.652411 0.690024 0.398012 1.539248 1.010260 0.302611 0.805452 0.541578 -0.002491 0.117616 0.012352 
5.678455 3.191029 0.925932 1.054511 2.455109 2.385398 2.983597 1.634354 -0.028573 -0.003412 -0.239883 -0.024667 
5.396061 2.628731 2.521961 1.866657 2.053656 0.966393 2.261711 2.310477 0.475153 -0.198133 -0.077873 0.005763 
4.759365 2.890340 2.128584 0.802407 2.053232 2.492896 2.376890 2.116108 0.559104 0.259985 -0.163037 -0.045296 
3.210483 2.291461 1.696445 1.192826 1.377540 1.837822 1.701206 1.295500 0.751697 0.367381 0.071486 0.031299 
1.694486 0.131981 1.192083 -1.138473 1.687828 0.958342 0.450041 1.196391 0.686301 0.219233 -0.220701 -0.083396 
3.045133 0.463305 -0.257068 -0.010965 0.427300 0.563033 0.638373 1.607278 1.590778 0.028076 0.014946 -0.065399 
4.620488 0.927493 -0.031464 0.019736 -0.657934 -0.572187 1.118222 1.839043 0.763680 0.038736 -0.083547 -0.046892 
3.601905 0.351882 0.803982 -0.401097 1.030078 1.015414 1.105782 0.797400 0.940903 0.472915 0.247927 -0.011951 
3.406573 0.582416 0.693266 -0.966454 0.919506 1.069898 0.944593 0.650164 0.380950 0.483654 0.066308 -0.038185 
3.370521 0.139781 1.003169 -1.263508 0.854150 0.617310 0.637366 0.483129 0.069472 0.210291 -0.015667 -0.009308 
3.443852 0.464793 0.864374 0.059064 1.231289 0.957641 0.900218 1.208875 0.089030 0.495179 0.092924 -0.041802 
-1.#IND00 -1.#IND00 -1.#IND00 -1.#IND00 -1.#IND00 -1.#IND00 -1.#IND00 -1.#IND00 -1.#IND00 -1.#IND00 -1.#IND00 -1.#IND00 
-1.#IND00 -1.#IND00 -1.#IND00 -1.#IND00 -1.#IND00 -1.#IND00 -1.#IND00 -1.#IND00 -1.#IND00 -1.#IND00 -1.#IND00 -1.#IND00 
