3.379025 0.602155 0.723155 -0.122024 1.006380 0.769617 1.126195 0.760783 0.038861 0.009832 0.038341 0.002160 
3.537857 0.359654 0.221389 -0.633641 1.343035 1.663444 0.519104 1.126310 0.194008 0.377021 0.216617 -0.035601 
3.551729 0.562128 1.123792 -0.243755 0.979346 1.282137 0.513619 1.116620 0.424558 0.147273 0.064796 -0.023152 
3.356837 -0.150527 0.521008 -0.709937 0.826276 0.616180 0.361954 0.946268 0.102665 -0.130133 0.223574 0.031339 
3.108145 0.126159 0.868597 -1.247632 1.161244 0.234662 -0.139953 0.864842 0.508648 -0.221736 0.001245 -0.069897 
3.261192 0.008704 1.037293 -0.671603 0.314240 0.090005 0.417273 0.639140 -0.068565 0.336153 0.052166 -0.025392 
3.194817 -0.085397 0.483330 -1.372750 0.336904 0.255179 0.204045 0.387996 -0.033795 -0.197597 0.092455 0.013008 
3.195212 0.613461 0.794661 -0.178028 1.819907 1.911062 1.148938 1.118156 0.778421 0.533393 0.328238 -0.026839 
3.487345 0.630715 1.422873 -0.415887 1.759824 1.677279 0.871757 1.421171 0.547903 0.315938 0.239451 -0.001867 
3.522183 0.285048 0.869411 -0.411157 1.395732 0.526559 0.825479 1.146688 1.257831 0.089323 0.104792 0.006988 
3.267259 0.060047 0.511670 -0.480362 2.037929 0.690155 0.848739 0.766398 0.242450 0.069263 0.130775 -0.008437 
3.213019 0.054520 0.367820 -0.578232 0.795188 0.623799 1.275865 1.018117 0.351728 0.320701 0.250483 0.002232 
3.286614 0.401312 0.656345 -0.966024 1.046483 0.907993 0.619440 0.259743 0.183758 0.085994 0.220518 0.064557 
2.964382 -0.082760 0.473536 -0.628180 -0.119734 0.299870 0.113169 -0.189941 -0.249871 0.234721 0.001684 -0.043699 
3.390269 0.058029 0.682520 -0.104478 1.527906 1.248132 0.290397 0.928941 0.574275 0.522661 0.122363 -0.054079 
3.328492 0.224911 0.865164 -0.752084 1.050948 1.210257 1.199142 0.315513 0.383348 0.408304 0.074546 0.020509 
2.280857 -0.455077 -0.965573 1.591294 0.782300 1.429920 0.406721 2.014838 0.523211 -0.541583 -0.213059 -0.016026 
1.273457 0.900301 0.630099 0.686871 2.082978 0.518332 1.467727 1.364221 0.437349 -0.200021 -0.176391 -0.056959 
1.323138 0.847818 0.119063 1.142626 0.756045 1.986256 0.992784 1.220350 0.764972 -0.481640 -0.138785 -0.108937 
0.615569 0.464485 0.486596 1.224703 1.505571 1.885926 1.395844 1.160796 0.324506 0.132604 -0.422101 -0.125731 
1.414861 0.081533 -0.213429 1.165107 1.333532 2.658260 1.069397 0.335734 1.009212 0.000060 -0.261877 -0.149615 
0.943996 -0.053223 0.781084 0.713852 1.729648 2.010972 1.260740 1.087338 0.644244 -0.203651 -0.140455 -0.185711 
0.968507 1.027626 -0.501568 1.213337 1.812864 1.239287 1.405628 1.289210 0.511390 -0.195450 -0.406283 -0.128828 
1.245279 0.309638 -0.406361 1.323357 1.784111 1.983017 1.417708 0.941711 0.793918 -0.439319 -0.141275 -0.174602 
0.635156 0.416080 0.654197 0.762999 1.584518 2.356719 1.602868 0.854605 0.585735 0.006452 -0.290478 -0.121196 
0.607616 0.357627 -0.175449 0.971577 2.580016 1.649633 2.123204 1.207621 0.280140 0.062425 -0.317586 -0.179391 
0.683268 0.785162 0.808641 1.068079 1.381858 1.822503 1.458506 1.156738 0.382559 -0.233256 -0.221812 -0.053836 
0.801189 0.348779 0.762394 1.314224 1.323898 1.964173 1.303406 1.747435 0.494372 -0.197271 -0.174016 -0.067455 
0.735969 1.012817 1.094018 1.435154 1.256767 1.507679 1.294490 1.639763 0.451797 0.353290 -0.119417 -0.006288 
1.491185 0.879071 1.765125 0.117385 1.616624 1.423009 0.832913 0.838093 0.232914 0.152290 0.197514 -0.038081 
2.483007 0.463446 1.421725 0.484446 1.205745 1.255301 0.294175 -0.025279 0.757089 0.482592 0.019543 -0.014181 
3.808619 0.541168 1.322180 0.865300 1.429061 1.229170 0.017366 0.737589 0.095219 0.217305 0.075221 -0.027763 
5.370033 0.752726 1.101590 1.377196 2.322265 0.788419 1.492639 0.814732 0.614559 0.440161 -0.007310 -0.025987 
7.113385 1.096697 2.142990 1.876472 0.104054 1.551404 1.157782 0.392497 0.825501 0.490270 -0.055524 -0.017829 
4.001594 3.216707 2.869885 2.637372 2.346744 2.147214 1.061479 0.823125 0.333071 -0.029766 0.202004 0.039838 
3.218998 2.623396 2.153803 2.198403 2.337447 1.925357 1.130603 0.703610 0.701968 0.376287 0.125661 0.048539 
4.736064 2.918637 2.751365 2.610461 3.522311 3.117670 1.182140 0.907422 0.806721 0.337498 0.199319 0.053818 
3.877925 2.836806 2.682844 2.021289 2.903300 2.575358 1.440430 1.384218 0.321259 0.508238 0.036506 0.032341 
3.277851 1.787958 0.891702 0.483486 1.322277 1.578903 1.490233 1.263188 0.560718 -0.065541 0.094273 0.024488 
2.500513 -0.314945 0.079602 1.053016 -0.037851 1.875857 1.525604 0.417248 -0.706218 0.269337 -0.049935 -0.087657 
3.797457 -0.100531 0.217886 0.808209 0.500288 0.871935 0.938059 0.837886 0.644801 0.107749 -0.548884 -0.198550 
3.709258 0.512487 0.906725 -0.911131 1.538833 0.740357 1.002122 1.195802 0.356184 0.351736 0.067369 -0.013200 
3.245318 0.126929 0.516633 -1.139127 1.044304 1.323477 1.038398 0.559285 0.401399 0.204940 0.232575 0.045655 
3.339765 0.624576 0.855062 -0.271548 2.158265 0.399665 0.847435 0.923217 0.373574 0.554460 0.220375 -0.004405 
3.196201 0.731349 0.780486 -0.181905 0.824463 1.240241 1.376767 0.947500 0.311524 -0.147494 0.214237 0.030595 
3.156395 0.537512 0.886885 -0.210877 0.919661 0.658402 1.143907 0.648458 0.519378 0.484945 0.307379 0.005106 
2.922364 0.632953 0.453024 0.470874 1.545194 0.985573 1.118923 0.856309 0.301517 0.379818 0.045061 -0.027422 
3.144013 0.609532 1.111805 -0.387111 1.424259 1.183146 0.452119 0.437040 0.648590 0.523497 -0.102440 -0.053638 
-1.#IND00 -1.#IND00 -1.#IND00 -1.#IND00 -1.#IND00 -1.#IND00 -1.#IND00 -1.#IND00 -1.#IND00 -1.#IND00 -1.#IND00 -1.#IND00 
-1.#IND00 -1.#IND00 -1.#IND00 -1.#IND00 -1.#IND00 -1.#IND00 -1.#IND00 -1.#IND00 -1.#IND00 -1.#IND00 -1.#IND00 -1.#IND00 
