3.348169 0.758672 0.887638 -0.311035 1.619376 0.837408 0.086087 0.880976 0.816448 0.039521 0.322085 0.039304 
3.364709 -0.492962 1.528829 -0.291098 -0.007954 -0.705563 -1.134821 0.730210 0.968426 0.156917 0.188119 0.116034 
3.568523 0.321699 0.515627 -1.132312 0.678871 -0.274519 -0.374604 0.356254 0.263425 0.640437 0.342169 0.075533 
3.526372 -0.277114 0.999909 -0.011377 1.018014 0.177493 -0.038471 1.110244 0.558838 0.452704 0.254519 -0.028511 
3.270490 0.389274 0.650834 -0.997331 0.861385 0.325331 1.137714 0.527687 -0.105938 0.422244 0.124985 0.049328 
3.617563 0.401258 1.250197 -0.379744 1.256835 1.270154 0.985219 0.778543 0.251264 0.293467 0.191384 0.002718 
3.339941 -0.086241 0.925643 -0.778229 0.869229 0.798835 0.319119 1.145190 0.229389 0.138801 0.118370 -0.040854 
3.162437 0.375565 0.852268 -0.082580 1.333433 0.584232 0.617389 0.904408 0.100308 0.181262 0.115652 0.029289 
3.300326 0.681432 0.754661 -0.685257 1.277097 0.647539 -0.021271 0.487090 0.123213 0.385382 0.039077 -0.002828 
3.323195 0.587493 1.145334 -0.283209 0.727170 0.346458 0.406842 0.729641 0.102785 0.230554 0.372933 0.016427 
3.172351 0.307288 0.815905 -0.642389 1.158992 0.426933 0.692720 0.485910 0.174615 0.475671 -0.005998 -0.025818 
3.084052 0.267668 1.246267 -0.341858 0.779885 0.885530 0.751347 1.033419 0.567755 0.103300 -0.138334 -0.006699 
2.992716 0.667713 0.591841 -0.849585 1.026919 0.193752 0.735152 0.242826 0.377325 0.127888 0.291909 0.044886 
3.348372 0.426343 1.512148 -0.272856 1.322686 0.376786 1.214491 1.223653 0.320722 0.383528 0.037920 -0.014102 
3.581566 0.206466 0.417815 -0.640805 1.547588 1.113554 0.371333 1.017315 0.143855 0.035473 -0.077170 -0.050123 
3.231652 0.082834 0.397107 -0.620085 1.122409 1.210337 0.442190 1.001513 -0.283345 0.318894 0.008038 -0.035239 
3.045886 0.071106 1.003652 -0.167449 0.748737 -0.002112 0.887789 0.966276 -0.210691 0.222512 0.214981 -0.027214 
2.343239 1.844216 1.545327 1.140175 0.852456 0.892370 0.692086 0.484049 0.446279 0.354370 0.177243 0.042235 
2.447986 -0.144059 1.003235 1.327057 1.469938 0.863648 0.568061 0.907137 1.479625 -0.111545 0.353503 -0.013906 
1.865092 0.535502 1.515991 0.935573 1.752934 1.169318 1.219932 0.465524 0.536013 0.140497 -0.051089 0.007537 
1.448147 1.185354 1.029359 1.445242 1.826280 0.759094 0.495716 0.435723 0.712808 0.406097 0.198156 -0.063218 
1.349579 0.973805 0.885812 1.319467 0.810859 0.826610 0.898966 1.070839 0.759685 0.401662 0.087781 -0.067544 
1.138440 1.217940 1.025249 1.437357 1.480016 1.672598 0.366090 1.483799 0.322304 0.137351 0.008847 -0.033137 
1.450822 1.255774 1.172575 0.920485 0.706394 -0.676703 -1.239755 -0.191641 0.896430 0.257734 0.023821 -0.053858 
1.210844 1.073259 0.965970 0.483459 0.193142 0.013249 -1.014282 -0.452036 -0.212608 0.150497 0.012244 0.002293 
1.678261 0.878816 1.290170 -0.121189 0.640038 -1.361681 -0.558705 -0.231245 0.250350 0.166978 0.139875 -0.002884 
1.512867 0.961283 0.396148 0.307888 -0.157972 -0.388591 -0.948567 -0.718816 -0.277592 0.174520 0.193486 0.010512 
1.703011 1.042393 0.958188 0.610426 -0.092537 0.353755 -0.653337 0.026535 -0.273142 0.287204 0.266021 -0.008002 
1.367397 0.874894 1.482491 0.881387 0.585861 1.135204 -0.473244 -0.005962 0.000495 0.508412 0.215042 -0.073387 
1.434498 0.715808 0.591194 0.641740 1.059438 1.032036 0.102341 -0.039483 0.611240 0.173236 -0.075578 -0.033873 
1.221976 0.406584 0.488525 0.411023 2.179464 1.151653 0.924071 0.186374 0.264846 0.051870 0.115229 -0.071238 
0.771967 0.633823 0.639685 1.614769 2.321974 1.651034 1.001697 1.050307 0.520118 0.100854 -0.217266 -0.001964 
0.934638 1.003192 1.432372 0.907610 2.616337 0.683047 0.868872 0.682007 1.117314 0.067694 0.077851 -0.069067 
0.981461 1.020669 1.528610 0.632901 1.631882 1.993096 0.877582 0.809643 0.661375 0.510482 -0.140510 -0.042569 
0.932823 1.379791 0.541695 1.801986 1.831575 0.762416 1.764181 0.812134 0.479088 0.311869 0.112927 -0.068573 
0.874949 0.973933 1.104058 1.547335 1.638439 1.263254 1.332792 0.094073 0.947651 0.610906 0.007149 -0.103007 
0.659381 1.574707 1.401986 1.201213 1.669187 0.572853 1.185436 0.447616 0.730666 0.383766 -0.185760 0.001892 
0.922310 1.453442 1.317762 1.548196 1.275268 1.484633 0.720259 0.735490 0.678665 0.160191 0.139116 -0.050651 
1.117205 1.186877 1.720956 0.941020 1.352066 0.864774 1.034760 0.709570 0.793435 0.206622 -0.135003 0.027501 
1.142278 1.089423 1.495294 1.578727 1.565904 0.995172 0.551268 0.442561 0.885287 0.332574 0.183040 -0.050888 
1.879745 -0.269503 1.246266 0.795747 2.082767 1.675277 1.810879 0.861718 0.753207 0.056670 0.131027 0.013540 
2.533744 0.048958 1.525480 -0.055499 1.965266 1.204593 1.041648 0.754605 0.510290 0.220103 0.356276 0.011321 
3.916570 0.803379 0.410628 1.329143 0.798773 0.829164 1.111239 0.274276 0.391172 0.865766 0.263511 -0.035846 
4.636340 2.778255 0.430439 -0.377996 0.366993 1.126773 1.032874 0.574987 0.274521 0.241221 0.475641 0.134349 
5.572264 4.175749 3.539247 2.709904 1.183866 -0.098689 -0.190609 0.607178 -0.028090 0.267706 0.182649 0.081860 
4.129437 2.768729 2.534175 3.235350 3.297469 2.649558 2.060015 1.229504 -0.100688 -0.234430 0.337576 0.104848 
2.795045 2.377550 2.081637 1.548582 1.301111 1.187742 1.014318 0.776176 0.558500 0.300090 0.144436 0.027265 
3.146024 2.837392 2.861799 2.629455 1.973845 1.318941 1.265951 0.966254 0.496402 0.230128 0.059730 0.034299 
-1.#IND00 -1.#IND00 -1.#IND00 -1.#IND00 -1.#IND00 -1.#IND00 -1.#IND00 -1.#IND00 -1.#IND00 -1.#IND00 -1.#IND00 -1.#IND00 
-1.#IND00 -1.#IND00 -1.#IND00 -1.#IND00 -1.#IND00 -1.#IND00 -1.#IND00 -1.#IND00 -1.#IND00 -1.#IND00 -1.#IND00 -1.#IND00 
