3.279999 0.909396 1.119484 0.390000 1.300636 1.334326 0.948430 0.556872 0.561579 0.194550 0.032374 -0.023516 
3.532630 1.197626 1.804795 0.166860 1.318218 0.717127 0.811647 0.963673 0.461871 0.030543 0.253860 0.024247 
3.707755 1.031472 0.674546 1.504355 2.216809 0.721422 1.025093 1.442786 0.446097 0.511306 0.175729 0.029610 
3.595406 0.883421 1.583877 0.904043 2.086526 0.862568 0.829445 1.528680 1.418167 0.887682 0.340444 0.010779 
3.642160 0.888114 1.561254 0.507397 0.819615 1.162754 1.496656 0.892603 0.496762 0.331785 0.174520 0.014551 
3.410646 0.601135 1.147572 -0.327921 1.348147 0.146066 1.518837 0.713659 0.650874 0.064059 0.166012 0.066910 
3.592494 0.383765 0.839772 -0.422872 0.982269 1.639631 0.839806 1.320902 0.091500 -0.022199 0.158693 -0.006293 
3.459564 0.570199 1.597129 -0.240259 1.616375 0.863282 1.306099 1.531229 0.227157 0.219486 0.306534 0.007020 
3.188056 -0.094727 1.478469 -0.108990 1.444806 0.148572 0.571769 0.330266 0.039448 0.073278 0.311589 0.054024 
3.593981 0.872027 1.257240 -0.088581 1.295894 1.149961 0.838200 0.680093 0.484870 0.027002 0.272471 0.053083 
3.419721 0.516145 1.083118 0.258764 1.142769 0.721836 1.118904 0.847731 0.785999 0.351457 0.182423 0.015868 
3.071829 0.841436 1.044321 -0.261539 1.167193 -0.069989 0.433421 0.868312 0.485221 0.341960 0.179970 0.028796 
3.444815 0.655666 1.349131 0.190478 1.294406 1.194790 0.668656 0.932184 0.680066 -0.008192 0.119158 0.013361 
3.387264 0.524293 0.834885 -0.183182 1.601262 0.679353 0.772753 0.956701 0.410978 0.108231 0.295964 0.033115 
3.216623 0.512656 1.008381 0.108717 1.091997 1.773058 1.259590 0.871746 0.074170 0.293794 -0.001671 -0.031654 
3.357441 0.573108 0.897974 0.133376 1.004426 1.478149 1.448462 1.152784 -0.102912 -0.094911 0.227813 0.025932 
3.449965 0.528263 0.881270 0.077149 0.943370 0.687254 0.651395 0.715314 0.519989 0.414158 -0.030554 -0.076353 
5.786666 -0.788026 -0.700469 2.024598 0.265775 1.986988 2.217030 1.249843 0.395184 0.687396 0.408429 0.007405 
4.558575 -1.097434 1.009916 0.910884 1.309395 0.727446 0.833064 0.322846 1.147969 0.306667 -0.087462 0.047925 
2.131266 -0.025271 1.669046 1.405241 1.326871 1.347516 0.823142 0.826782 0.550588 0.074716 0.402564 -0.021838 
1.263527 0.783338 1.228351 1.177524 1.339637 2.022329 1.021127 0.697633 0.306040 0.408437 0.256630 -0.070012 
1.140660 0.749843 1.513577 1.058497 0.981340 1.488522 1.686895 1.128108 0.606076 0.527497 -0.039562 -0.087499 
1.016610 1.085557 1.862538 1.129562 1.017486 1.474768 0.302151 1.176171 0.263486 0.026536 0.104544 -0.057304 
1.332076 1.498519 1.640756 0.425932 -0.260026 0.333918 -0.102788 -0.477690 0.430335 0.012542 -0.071095 0.001099 
1.701463 1.768142 0.510420 0.150435 0.133198 -0.429948 -1.382261 -0.228185 -0.162849 0.197486 0.040566 -0.025277 
1.866958 0.923863 1.428348 0.380355 -0.647048 -0.307944 -0.983181 -0.800372 0.205807 0.198719 0.097930 -0.018172 
1.507148 1.443750 0.877390 0.626746 0.733514 -0.377932 -0.712567 -0.375513 -0.084035 0.071831 0.035667 0.010712 
1.358327 1.226976 0.853370 0.466065 0.896304 -0.117599 -0.431667 -0.385159 -0.230826 0.069968 -0.134721 -0.033176 
1.330925 0.310256 0.812257 0.617920 0.945164 0.754106 0.005220 -0.201493 0.819049 0.256477 -0.101130 -0.140234 
1.057901 1.005289 0.113273 1.051433 1.266624 0.843051 1.462404 0.866777 0.718439 -0.022961 -0.254689 -0.011985 
1.298876 0.420064 0.410950 0.447149 1.963105 2.223980 0.749099 0.642294 0.701092 0.507304 -0.006955 -0.090137 
0.872062 0.913837 0.965170 1.828022 1.551348 0.859884 1.008696 0.768979 0.425060 0.957765 -0.166507 -0.028867 
0.594826 0.846271 0.967455 1.618366 1.209809 1.519599 1.499557 1.147476 0.834704 0.154066 0.198895 -0.079233 
0.669157 0.790869 0.877660 2.228515 1.516169 2.351724 0.939169 0.407783 0.652623 0.061080 0.115207 0.027212 
0.883003 0.669552 1.145900 1.493943 1.330365 1.950051 1.221518 0.358138 0.896872 0.220040 -0.106438 0.023959 
1.218284 0.861683 0.638495 1.363444 1.097937 1.638391 1.313206 0.137429 1.078673 0.350281 0.187503 -0.074501 
1.345263 1.243975 0.420223 1.128566 1.166926 1.516640 1.480448 0.913746 0.389410 0.584692 -0.055482 -0.014323 
0.973341 0.983821 0.380410 1.611667 1.627981 1.994354 1.254670 1.094845 0.469278 0.366369 0.082242 -0.037593 
1.519266 0.582236 1.335305 0.817117 1.150530 0.887000 1.441231 0.997981 0.662810 0.074615 -0.063110 0.026986 
1.763127 0.313520 1.336440 0.771620 1.650858 1.426554 0.411783 0.415469 -0.016408 0.480146 0.426647 -0.029062 
3.524717 -0.334864 0.532374 1.324690 1.061357 1.637155 -0.108051 1.828861 0.007978 0.297131 0.152354 0.000892 
5.651051 -2.652173 2.420946 0.633190 1.319681 1.399653 0.540278 1.664320 1.205658 0.165280 0.135421 0.029079 
3.670582 3.030649 2.480959 1.827673 1.250169 0.839430 0.634615 0.539498 0.482300 0.258047 0.205488 0.052783 
5.118431 3.072654 3.929963 3.771408 2.179452 1.243227 0.475704 -0.045689 0.102398 -0.218690 0.107362 0.044627 
3.593771 2.828026 2.742417 2.590384 3.040150 1.960724 1.272229 0.962267 0.407501 0.296523 0.094714 0.032039 
4.479198 3.038914 2.100464 1.044247 2.029807 2.022882 1.683829 1.253384 0.556113 0.053971 0.121150 0.042112 
3.581467 1.566079 1.894708 1.195681 2.756506 2.532135 1.374280 1.914892 0.595459 0.358059 0.089880 0.037886 
3.800495 1.644802 1.372897 0.369927 1.851723 2.158268 1.772001 1.586139 0.950560 0.583934 0.318971 0.052433 
-1.#IND00 -1.#IND00 -1.#IND00 -1.#IND00 -1.#IND00 -1.#IND00 -1.#IND00 -1.#IND00 -1.#IND00 -1.#IND00 -1.#IND00 -1.#IND00 
-1.#IND00 -1.#IND00 -1.#IND00 -1.#IND00 -1.#IND00 -1.#IND00 -1.#IND00 -1.#IND00 -1.#IND00 -1.#IND00 -1.#IND00 -1.#IND00 
