2.793258 1.026391 1.200288 -0.122072 1.994538 0.749015 0.871765 1.092357 0.327654 0.159348 0.031778 -0.001293 
3.023022 0.303199 0.317651 0.217342 1.615071 0.749544 0.239602 0.945039 0.394174 0.079175 -0.070203 0.000718 
3.143693 0.807816 1.217785 -0.697782 0.808435 0.334592 1.683554 0.984149 0.141585 0.051428 -0.077931 0.009584 
3.494085 0.755853 1.499269 -0.453968 0.966097 1.666541 0.979286 0.748754 0.711401 -0.042943 0.207175 0.069343 
3.311106 0.523578 1.384582 -0.273091 1.594566 1.299362 0.652443 1.112192 0.692597 0.144660 0.208360 0.001388 
3.289152 0.345866 0.649677 -0.090110 0.968377 0.472801 1.403856 1.229304 -0.104602 0.152116 0.033783 -0.014956 
3.378790 0.335071 0.765472 -0.944406 0.902505 1.123336 -0.015974 0.809575 0.170197 0.193636 0.244576 -0.011946 
3.132000 0.350938 1.022756 -1.378364 1.949353 1.718929 1.636380 1.198086 0.079816 0.229684 0.310295 -0.004496 
3.276206 0.482516 0.771318 -0.210192 1.802334 1.186690 0.968836 1.017616 0.257184 0.224884 0.271559 -0.009150 
3.629573 0.475948 0.740871 -0.308049 1.465437 0.954381 0.751063 1.107658 0.346821 -0.068827 0.227363 0.044020 
3.179666 1.068623 1.048141 -0.508211 1.304346 1.406614 1.441712 0.771934 0.686160 0.332013 0.323591 0.029640 
3.328851 1.293557 1.151530 0.176666 1.328466 1.523672 0.984865 0.545998 0.666921 0.364464 0.405044 0.052201 
3.344931 0.731220 1.241019 -0.246368 1.365217 1.499423 1.000542 0.851373 0.220036 0.546133 0.250654 0.000822 
3.389123 0.951985 0.133610 -0.227937 0.861838 1.001218 1.085815 1.074065 0.240229 -0.084657 0.403705 0.062842 
3.197498 0.379597 0.732729 -0.464034 1.042060 0.431096 1.145104 1.235733 -0.132883 0.502586 -0.091426 -0.061597 
3.258615 0.327041 0.751456 -0.615675 1.246072 0.655797 0.497156 0.880782 -0.019336 -0.242642 0.313852 0.039416 
3.332494 0.686102 1.152813 -0.600657 1.868304 1.191145 0.137240 0.740373 0.192129 0.719097 0.241642 -0.035035 
3.619085 -0.286057 -0.180461 1.633121 1.225733 0.884908 1.520257 0.987574 0.245650 -0.046933 0.158491 0.010076 
3.144166 -0.645734 1.244211 1.622310 1.028126 1.033149 0.117391 1.199762 0.693327 0.144032 0.273751 0.000550 
1.705429 0.583679 1.543335 1.155734 1.495698 0.998016 0.677903 0.986413 0.778690 0.161161 -0.106236 -0.008435 
1.213000 0.555671 1.214876 1.240511 2.019399 1.622717 1.205189 0.741791 0.516710 0.277951 0.240341 -0.073239 
0.975588 1.130676 0.797400 1.600684 1.353231 1.197755 1.568062 1.413371 0.742539 -0.053035 -0.055321 -0.021845 
0.883077 1.210248 1.278252 1.360722 1.088097 1.146996 0.887452 1.806170 0.405163 0.013840 0.054177 -0.048659 
1.440188 1.171033 0.828323 1.212841 0.319825 -0.041965 -0.575176 0.121378 0.680531 0.288227 0.157628 -0.043843 
1.492008 1.299143 0.755626 0.935066 1.121219 -1.382928 -0.908812 -0.363599 0.241197 0.375107 -0.021133 -0.003601 
1.461229 1.603848 0.290287 0.686354 0.130858 -1.246063 -1.925864 -0.554785 0.029757 0.271323 0.117517 -0.061184 
0.961284 2.043120 0.688337 0.585949 0.414177 -1.142664 -0.602921 -0.757200 -0.096509 0.032443 0.068473 -0.003817 
1.374564 1.090459 0.578963 1.404814 1.393420 0.016789 -1.203917 0.028208 0.068004 0.316120 -0.158233 0.000393 
1.358767 0.793822 0.015626 0.588124 1.364082 1.917175 0.505992 -0.292659 0.687256 0.482430 -0.243557 -0.027188 
1.207936 0.734213 0.446259 0.839498 1.440692 1.503294 1.633364 1.249369 0.781410 0.145911 -0.144343 -0.056079 
0.916771 1.163910 0.973332 1.164442 1.541328 1.129085 1.365627 0.846207 0.529158 0.121928 -0.043471 0.017098 
1.017190 1.326538 1.433231 1.358828 0.661834 1.438618 1.140259 1.097206 0.525458 0.467153 0.095728 -0.062600 
0.846586 0.712236 1.814741 1.712623 0.383729 1.872298 0.879383 1.553898 0.352969 0.388025 0.098847 -0.067522 
0.867415 1.211732 0.806977 2.007732 1.861431 1.289791 0.407183 0.649052 0.531530 -0.092762 0.059702 0.023185 
1.232016 0.314991 1.385974 1.521718 1.897916 0.169738 1.478916 1.152978 0.906525 0.258934 -0.072776 -0.046491 
1.029747 0.517338 0.941691 1.811988 1.590845 2.852453 1.060902 0.710921 0.717107 -0.115622 0.130906 0.008288 
0.843118 1.211450 1.031647 1.663868 1.395918 1.277546 1.588931 0.912075 0.331452 0.419267 0.139438 -0.049251 
1.357050 0.601980 2.101425 0.926050 1.482589 0.443207 0.915391 0.586354 1.235228 0.293071 -0.000517 -0.011432 
1.865003 -0.025365 1.417110 0.851492 1.458595 1.715566 0.862902 0.873890 0.043548 0.620681 0.077222 -0.056699 
3.317994 -0.422688 2.013043 1.012520 1.234270 0.333852 1.078017 0.708268 0.706614 0.491105 0.022545 -0.014960 
4.492447 -0.876805 0.526049 1.721093 0.861450 1.551974 0.944943 0.417351 0.782988 0.239288 0.027503 0.013878 
4.040873 2.276439 0.634806 0.368911 0.943890 1.022514 0.663884 0.471865 0.423510 0.176974 -0.048718 -0.024047 
5.082856 4.496149 4.179902 3.230097 1.266912 -0.044457 -0.048557 0.355877 0.255166 0.220203 0.181229 0.100310 
3.571320 3.164014 3.018126 2.418013 2.388285 2.013077 1.431336 1.139649 0.443642 0.189335 0.173600 0.044078 
3.467950 2.790477 2.724037 2.731942 2.307488 2.034089 1.604648 1.056681 0.411336 0.164682 0.125994 0.043787 
3.320740 2.464744 2.416493 2.578918 2.355702 1.683387 1.711379 1.377045 0.544830 0.155597 0.053336 0.053297 
2.836178 2.293235 2.093661 1.598835 1.454539 1.147750 1.082399 0.827179 0.581732 0.345244 0.089314 0.031276 
3.848685 2.376623 2.510736 1.006298 2.620097 2.330120 1.507290 1.792876 0.770873 0.401033 0.048216 0.022624 
-1.#IND00 -1.#IND00 -1.#IND00 -1.#IND00 -1.#IND00 -1.#IND00 -1.#IND00 -1.#IND00 -1.#IND00 -1.#IND00 -1.#IND00 -1.#IND00 
-1.#IND00 -1.#IND00 -1.#IND00 -1.#IND00 -1.#IND00 -1.#IND00 -1.#IND00 -1.#IND00 -1.#IND00 -1.#IND00 -1.#IND00 -1.#IND00 
