0.192139 -0.194242 0.243897 -0.376447 0.178978 0.035672 0.203079 -0.368583 0.384246 0.083845 0.260335 0.023041 
-0.168565 0.247141 0.220186 0.096497 0.205715 0.315637 0.246533 0.243412 -0.244695 0.058657 -0.092858 0.106388 
0.013850 0.091811 -0.014788 -0.463328 0.147749 -0.036440 -0.300490 0.044027 -0.047657 0.273460 -0.165350 0.009749 
2.921921 0.910056 1.384051 0.016055 1.855011 1.177744 0.324984 1.038039 0.482852 0.189753 0.034426 -0.018399 
3.364347 0.361330 0.953011 -0.663451 1.271414 1.126334 0.538337 0.803726 -0.008836 0.363153 0.028175 -0.050083 
3.003297 0.103607 1.775379 -0.193917 1.155533 1.312159 0.911875 0.574179 0.386039 0.523855 0.106029 -0.038860 
3.607291 -0.146636 1.095059 0.393995 1.669899 -0.235624 0.542767 0.857901 0.849100 0.545262 0.026207 -0.005317 
3.263250 -0.034888 1.059285 0.226108 1.122374 0.784719 0.761200 0.952669 0.126198 0.225688 -0.067781 -0.039733 
3.510983 0.495688 0.952608 0.341594 0.947285 0.704578 0.358475 0.590653 0.386125 0.189672 0.209170 0.035979 
3.421486 0.640885 0.807342 -0.613726 0.935284 0.939065 0.620613 0.726504 -0.209568 0.605033 0.048090 -0.015758 
3.307982 0.220458 0.589352 -0.365924 1.279040 1.620418 0.572321 0.997947 0.091831 0.194878 0.223968 -0.023399 
3.248078 0.508003 0.015539 -0.850857 1.081938 0.321070 0.465322 0.634855 0.421895 0.266730 0.048153 0.018280 
3.614193 0.517896 1.185521 0.006679 2.040106 -0.039769 0.446937 0.571881 0.111182 0.358835 -0.035132 -0.023573 
3.593354 0.728257 0.864923 -0.421004 1.220943 0.489711 0.289536 1.204804 0.381950 0.318562 -0.173343 -0.096282 
0.837731 -1.130655 -1.035895 -0.617575 1.720773 0.779956 -0.861581 0.533069 1.064220 0.311689 -0.012418 -0.224955 
3.681166 0.061410 0.495912 -0.392456 1.390574 0.913266 -0.041195 0.929961 0.898063 0.711022 -0.006262 -0.105452 
3.624589 0.111520 0.724610 -0.538116 1.401081 1.633211 1.066937 0.755651 0.544454 -0.020091 -0.010016 0.019006 
3.104851 1.638309 1.410842 0.953068 1.370195 1.402903 0.993736 0.695299 0.105843 0.352007 0.216764 0.016410 
3.995484 -0.669168 0.649717 1.639984 0.846921 1.128304 0.607710 0.984762 1.123610 0.264964 0.236782 0.053357 
2.314263 -0.118249 1.263887 1.284960 0.941610 1.506538 0.489186 0.800385 0.406585 -0.001359 0.450878 -0.005835 
1.294416 0.637278 0.914203 2.162334 1.197143 1.112079 1.605151 1.332843 0.245387 0.305083 -0.094003 0.006121 
0.819449 0.869702 1.495841 0.774500 1.893206 1.582237 1.023991 0.836474 1.004531 0.216999 -0.040268 -0.037689 
0.408979 0.940289 1.412004 1.588372 1.890466 2.058126 1.250318 0.671250 1.014284 0.038784 0.191020 -0.063904 
1.548040 1.344454 0.750379 1.522355 0.799022 0.611135 -0.353185 1.067897 0.693758 0.236344 0.146399 -0.043638 
1.614464 1.741444 0.950257 0.127785 -0.336164 0.253654 -0.145653 -0.184067 -0.125998 0.192574 -0.015791 0.022982 
1.556933 1.461604 0.511313 -0.373054 -0.430858 -0.702901 -0.104342 -0.297739 -0.212327 0.054608 -0.045656 0.059346 
1.629376 1.383224 1.117000 -0.166479 -0.414633 -0.120414 0.299765 -0.369796 -0.230185 0.103162 0.113413 0.031826 
1.249857 2.013425 0.419764 0.725150 0.469388 0.395484 0.246547 -0.599152 0.075904 0.036869 0.106324 0.021485 
1.071406 1.607760 0.388093 1.279967 1.462804 0.890123 0.589870 0.523416 0.249540 -0.189916 0.059246 -0.009229 
1.195939 0.869647 0.747269 1.112777 1.151059 0.970088 1.320819 0.505462 0.232610 0.345752 0.022485 -0.020687 
0.854860 1.026751 0.474073 1.415751 1.224520 2.020769 0.870814 0.981310 0.825041 -0.009843 -0.004001 -0.016668 
1.132961 0.890296 1.388126 0.997033 1.228052 1.926322 0.105135 1.020463 1.061453 0.019558 0.031966 0.000689 
1.283366 0.958708 1.747126 0.767027 1.115205 1.131755 1.538682 1.380921 0.525226 0.382972 0.029778 -0.049673 
0.640538 1.474480 1.799571 1.136359 1.117489 1.078665 1.088326 1.233600 0.079057 0.646735 0.042090 -0.033712 
0.914803 1.283098 1.397791 0.791974 1.145299 2.056960 1.057571 0.559534 0.311127 0.573261 0.228715 -0.063149 
1.045529 1.351634 1.204167 1.147037 1.245129 1.310522 1.154571 1.025613 0.203249 0.120983 0.098402 0.012219 
0.971304 1.298583 0.993341 0.443757 1.601308 1.689473 1.900798 0.637471 0.385656 0.128623 0.306091 -0.051885 
1.213655 0.887085 0.778421 1.461386 1.238838 1.753889 1.131125 1.088378 0.337701 0.396244 0.239423 -0.054202 
3.287305 -0.867684 1.983355 0.293440 1.424148 1.003853 1.400307 0.671502 0.079389 0.546178 0.029147 -0.039422 
2.172705 -0.241372 1.711688 1.200537 1.368110 1.357080 0.790753 0.945615 0.255568 0.586480 0.189925 -0.078639 
2.949587 -0.469807 2.353173 0.694136 1.258022 0.961576 1.061659 0.871327 0.904475 0.092454 -0.003201 0.029891 
3.104609 2.715463 2.524219 2.276321 1.845438 1.353609 0.987078 0.663094 0.387167 0.215970 0.129031 0.035648 
5.089955 4.023039 3.726315 2.828388 0.899485 -0.214426 0.091421 0.989673 0.304135 -0.068173 0.221528 0.090693 
6.188794 3.486289 3.973629 3.047167 -0.130336 -0.421282 1.190054 0.308652 1.076573 0.003450 0.129587 0.081504 
4.806163 3.167608 3.483379 2.952406 2.900065 2.088041 0.966561 1.294162 0.817746 -0.075810 0.126768 0.044897 
4.055689 2.842040 2.979268 2.295000 2.629464 2.645966 1.467382 1.330683 0.823554 0.413593 -0.050048 0.018925 
3.474828 2.589948 2.946125 1.899686 2.325045 2.668767 1.939660 0.896496 0.511968 0.489525 -0.002250 0.051428 
3.783275 2.147709 1.877794 1.017331 2.307685 0.955523 1.375171 1.273745 1.147434 0.617358 0.064666 0.022421 
-1.#IND00 -1.#IND00 -1.#IND00 -1.#IND00 -1.#IND00 -1.#IND00 -1.#IND00 -1.#IND00 -1.#IND00 -1.#IND00 -1.#IND00 -1.#IND00 
-1.#IND00 -1.#IND00 -1.#IND00 -1.#IND00 -1.#IND00 -1.#IND00 -1.#IND00 -1.#IND00 -1.#IND00 -1.#IND00 -1.#IND00 -1.#IND00 
